60 60 650
############################################################
#C.........................................................#
#........##..#........#.....#..###...#.....#.....#......#..#
#...#....#.#....#..#.#..#.....#..#.....##..###.#..##.##....#
#.##......#...##...#....#.....#.#.#..........#.....#...#.#.#
#..##.#......#.#.....#...##.....#.....#....###....#.....#..#
#.......##.....##.....###....#.....#........#..#....###....#
#.....#.#..#.........#......#..........#.......#......#....#
#.......####..#..#..#.#..#.#..##.................#.....#...#
#.##..#...#.......#........##.#...#.#.#..#.#.#.#......##...#
#.....####..#..#..#..##.....#..#...#.........#.............#
#...#.#...#.##.....#.#.......##...........###..##.....####.#
#.....#......##....#.##...#...#..........##.####...#.......#
#.......##....#.....##...#.......#....#...#................#
#....#....#....#..##..#...#.......#.................#......#
#...#.#........#..........#.............##.....#.....#...#.#
#..##..#.#...#...#.......#..#..........#...................#
#.#..##...........#.#........#.......###...##....#...#.#...#
#...#.#...#....#.....##.....#.##.#.##..#.#.##.#.##.#.##....#
#..#..#.....#.....##.#........#.....#.#...#...#.#.##.......#
#.........#.##..........#...#...#...#.#.#......###.........#
#.....#..#.##..#.#.....#.##......##.....#.#......#.#.......#
#.#...#...........##...#...#.#.............###....##...#...#
#....##........#...................##..###.#...#..#.#...#..#
#.#...................#....#......#..#..##.#..#....#...#...#
#......#..#...#..#.##..#..#.#.........#.......#..#.....#...#
#.##......#....#............#....#......#......#.....#..##.#
#............##...........#....#....#........###.#.....#...#
#...#........#...####.........#...#.#......##..............#
#.#..#......#.....##...#.#........#...#.#.............#.#..#
#...#......#..##.......#................#.......#...#.#.##.#
#.......###....#........##.#...#......#.............#...#..#
#....#..#.#......#....#.....#.#........#.#........###..#...#
#.#....#.##.#.#....#..##......#...###.......##..#..#.#...#.#
#.##.#.....#.......#.#..#.#................#...###.....#...#
#.#....####..#..##.#.........#.#.#............#............#
#.#...#.#....#.......#..#..#.#.........#.......##....#.....#
#......#.#.....##......#.#.......#.#...#....####........#..#
#...#..###.....#.##...##...#.......###.....#....#.......#..#
#......#...##....##...##...#.#.....#....#.#..#...#.#..##...#
#.......#..#.......#...#................#...#............#.#
#...#......#...........##..#.#..#.......#...#.###..#.#..#..#
#...#..##.#................###.#...#.#......#..#.##........#
#.#....#....##....#...#..........#.....#####..........#....#
#.#.#...........#......#......#.#.#........##..#..#.#.#.#..#
#....#...#..#.##.#....##..#..#..#.#.#....#...##.....#.#....#
#........#...#......#.......##.##......#.....#......#...##.#
#.....#..#....##....#..#..#......#..#.#.#..#..........#....#
#...#.....##.......#..##.#....#...#.#.#..#......###.#...#..#
#.....##..##....#..##...#..##.....#...#..##..#.......##..#.#
#..#.#...#.###..#.#...#.##.............#.#..#.....#....#.#.#
#....#....#....#.....###.#.##....#.........#.##....#....#..#
#..#......#...#..#.#.#.#.....##.##.......#....##....##.....#
#...#.#.####.....##..#.....###.#.....#.#.....#.#..#........#
#.....#.......#.#...#.........#...........#.....#.......#..#
#..#..#...#.....#.#......##......#..#..##..#.......##..#...#
#......#.......#..#...#.............#.......##.......#.....#
#........#..#.#........###...#..#............#.....#.##....#
#.....#.#..#...#.....##.#..#..#..#..#...........#...#.#..#.#
############################################################
PARAMS 100000 1 0 0 1000000 0
ROBOTS 1
1 1
EVENTS 1651
0 ORDER 1 3 1 3 1 1000
1 BLOCK 3 1
1 ORDER 2 32 47 55 23 0
1 ORDER 3 49 44 21 55 1
1 ORDER 4 49 33 55 31 2
1 ORDER 5 36 24 22 41 3
1 ORDER 6 38 50 11 20 4
1 ORDER 7 5 42 32 58 5
1 ORDER 8 47 17 53 27 6
1 ORDER 9 38 38 57 35 7
1 ORDER 10 45 43 16 20 8
1 ORDER 11 50 6 8 30 9
1 ORDER 12 11 55 12 46 10
1 ORDER 13 40 46 10 17 11
1 ORDER 14 4 4 39 35 12
1 ORDER 15 49 58 28 21 13
1 ORDER 16 26 42 19 26 14
1 ORDER 17 26 19 50 36 15
1 ORDER 18 13 58 42 35 16
1 ORDER 19 1 34 34 56 17
1 ORDER 20 21 16 11 1 18
1 ORDER 21 19 45 16 28 19
1 ORDER 22 28 43 32 26 20
1 ORDER 23 32 8 30 46 21
1 ORDER 24 48 53 50 55 22
1 ORDER 25 49 40 26 20 23
1 ORDER 26 10 45 5 31 24
1 ORDER 27 1 6 58 7 25
1 ORDER 28 52 21 39 27 26
1 ORDER 29 23 12 40 48 27
1 ORDER 30 43 41 47 56 28
1 ORDER 31 16 16 58 17 29
1 ORDER 32 32 40 42 1 30
1 ORDER 33 41 44 48 47 31
1 ORDER 34 5 30 5 20 32
1 ORDER 35 23 2 53 51 33
1 ORDER 36 23 7 58 50 34
1 ORDER 37 21 29 44 39 35
1 ORDER 38 46 44 15 9 36
1 ORDER 39 15 50 3 54 37
1 ORDER 40 24 26 2 39 38
1 ORDER 41 28 1 13 24 39
1 ORDER 42 26 38 3 25 40
1 ORDER 43 9 23 18 5 41
1 ORDER 44 52 9 20 20 42
1 ORDER 45 17 34 32 35 43
1 ORDER 46 18 18 3 31 44
1 ORDER 47 45 38 22 46 45
1 ORDER 48 46 32 31 17 46
1 ORDER 49 22 34 24 5 47
1 ORDER 50 39 58 10 41 48
1 ORDER 51 26 48 1 28 49
1 ORDER 52 16 41 3 56 50
1 ORDER 53 40 35 57 56 51
1 ORDER 54 38 41 17 58 52
1 ORDER 55 25 18 2 58 53
1 ORDER 56 1 39 12 55 54
1 ORDER 57 51 50 26 10 55
1 ORDER 58 6 8 48 31 56
1 ORDER 59 49 49 2 12 57
1 ORDER 60 37 4 57 14 58
1 ORDER 61 47 28 9 43 59
1 ORDER 62 30 43 23 36 60
1 ORDER 63 32 37 53 32 61
1 ORDER 64 22 26 57 10 62
1 ORDER 65 28 44 28 4 63
1 ORDER 66 1 50 35 47 64
1 ORDER 67 46 36 6 42 65
1 ORDER 68 14 26 2 47 66
1 ORDER 69 3 8 3 44 67
1 ORDER 70 44 1 55 2 68
1 ORDER 71 21 28 28 45 69
1 ORDER 72 36 14 50 26 70
1 ORDER 73 51 14 20 5 71
1 ORDER 74 18 46 16 7 72
1 ORDER 75 37 10 48 55 73
1 ORDER 76 3 3 29 21 74
1 ORDER 77 34 10 56 12 75
1 ORDER 78 8 33 31 3 76
1 ORDER 79 58 5 32 18 77
1 ORDER 80 56 40 18 58 78
1 ORDER 81 7 30 3 37 79
1 ORDER 82 26 32 45 21 80
1 ORDER 83 12 31 37 36 81
1 ORDER 84 44 43 55 52 82
1 ORDER 85 50 49 54 54 83
1 ORDER 86 38 36 9 24 84
1 ORDER 87 48 49 18 34 85
1 ORDER 88 9 48 41 16 86
1 ORDER 89 15 1 1 3 87
1 ORDER 90 50 2 22 4 88
1 ORDER 91 27 54 18 1 89
1 ORDER 92 27 21 35 53 90
1 ORDER 93 47 57 14 42 91
1 ORDER 94 38 56 21 48 92
1 ORDER 95 43 32 47 47 93
1 ORDER 96 47 31 25 46 94
1 ORDER 97 5 10 3 49 95
1 ORDER 98 56 33 8 12 96
1 ORDER 99 33 1 13 49 97
1 ORDER 100 32 34 22 47 98
1 ORDER 101 29 34 16 9 99
1 ORDER 102 20 33 37 9 100
1 ORDER 103 36 22 43 56 101
1 ORDER 104 19 46 9 39 102
1 ORDER 105 27 13 23 56 103
1 ORDER 106 17 3 14 40 104
1 ORDER 107 45 34 21 22 105
1 ORDER 108 34 36 23 35 106
1 ORDER 109 48 1 43 7 107
1 ORDER 110 30 35 50 7 108
1 ORDER 111 1 43 33 8 109
1 ORDER 112 41 8 17 36 110
1 ORDER 113 52 28 18 31 111
1 ORDER 114 53 46 1 45 112
1 ORDER 115 3 7 9 49 113
1 ORDER 116 12 37 21 24 114
1 ORDER 117 5 41 42 18 115
1 ORDER 118 35 57 31 41 116
1 ORDER 119 57 8 37 23 117
1 ORDER 120 29 19 23 50 118
1 ORDER 121 38 21 6 33 119
1 ORDER 122 16 33 5 36 120
1 ORDER 123 43 1 57 18 121
1 ORDER 124 22 19 7 52 122
1 ORDER 125 29 47 53 9 123
1 ORDER 126 24 9 58 35 124
1 ORDER 127 29 38 58 13 125
1 ORDER 128 24 48 38 52 126
1 ORDER 129 32 33 54 31 127
1 ORDER 130 53 14 56 9 128
1 ORDER 131 57 12 37 33 129
1 ORDER 132 48 3 54 16 130
1 ORDER 133 23 14 29 58 131
1 ORDER 134 52 1 48 24 132
1 ORDER 135 17 54 7 54 133
1 ORDER 136 24 43 52 19 134
1 ORDER 137 54 22 58 24 135
1 ORDER 138 1 48 48 2 136
1 ORDER 139 37 12 12 22 137
1 ORDER 140 32 31 19 24 138
1 ORDER 141 20 22 35 11 139
1 ORDER 142 10 24 37 31 140
1 ORDER 143 19 36 31 24 141
1 ORDER 144 42 20 28 17 142
1 ORDER 145 42 50 16 11 143
1 ORDER 146 16 40 21 9 144
1 ORDER 147 24 37 12 3 145
1 ORDER 148 12 58 52 40 146
1 ORDER 149 21 27 11 13 147
1 ORDER 150 53 2 54 25 148
1 ORDER 151 8 43 17 43 149
1 ORDER 152 40 10 10 10 150
1 ORDER 153 47 4 14 50 151
1 ORDER 154 53 45 23 23 152
1 ORDER 155 48 51 12 48 153
1 ORDER 156 47 29 6 26 154
1 ORDER 157 39 52 31 28 155
1 ORDER 158 55 26 37 14 156
1 ORDER 159 17 18 35 1 157
1 ORDER 160 54 24 8 4 158
1 ORDER 161 55 28 16 8 159
1 ORDER 162 27 56 15 35 160
1 ORDER 163 37 41 38 40 161
1 ORDER 164 29 9 33 14 162
1 ORDER 165 29 3 10 40 163
1 ORDER 166 19 6 51 2 164
1 ORDER 167 44 4 52 16 165
1 ORDER 168 15 13 36 16 166
1 ORDER 169 11 51 32 24 167
1 ORDER 170 35 3 37 50 168
1 ORDER 171 2 56 42 48 169
1 ORDER 172 1 29 30 42 170
1 ORDER 173 4 37 50 17 171
1 ORDER 174 30 50 12 36 172
1 ORDER 175 3 27 6 25 173
1 ORDER 176 1 9 1 27 174
1 ORDER 177 52 36 18 41 175
1 ORDER 178 25 20 40 56 176
1 ORDER 179 18 25 50 13 177
1 ORDER 180 5 2 9 14 178
1 ORDER 181 35 44 55 40 179
1 ORDER 182 45 15 26 23 180
1 ORDER 183 14 44 57 39 181
1 ORDER 184 31 23 46 46 182
1 ORDER 185 21 6 13 25 183
1 ORDER 186 41 38 57 43 184
1 ORDER 187 57 20 48 5 185
1 ORDER 188 55 21 4 23 186
1 ORDER 189 38 30 43 40 187
1 ORDER 190 50 45 2 11 188
1 ORDER 191 18 47 32 6 189
1 ORDER 192 13 30 34 57 190
1 ORDER 193 21 31 24 21 191
1 ORDER 194 49 22 15 34 192
1 ORDER 195 28 13 48 46 193
1 ORDER 196 41 4 58 57 194
1 ORDER 197 5 47 11 11 195
1 ORDER 198 47 16 24 10 196
1 ORDER 199 13 19 50 11 197
1 ORDER 200 36 8 47 19 198
1 ORDER 201 8 18 37 49 199
1 ORDER 202 39 41 40 34 200
1 ORDER 203 7 8 1 18 201
1 ORDER 204 21 37 21 23 202
1 ORDER 205 42 42 32 21 203
1 ORDER 206 18 4 33 54 204
1 ORDER 207 30 7 14 7 205
1 ORDER 208 39 40 5 22 206
1 ORDER 209 3 17 57 17 207
1 ORDER 210 14 37 43 21 208
1 ORDER 211 14 51 35 4 209
1 ORDER 212 27 27 58 55 210
1 ORDER 213 2 18 7 47 211
1 ORDER 214 57 2 57 24 212
1 ORDER 215 1 51 58 11 213
1 ORDER 216 34 37 9 29 214
1 ORDER 217 45 2 33 50 215
1 ORDER 218 44 2 30 26 216
1 ORDER 219 40 37 22 1 217
1 ORDER 220 21 56 49 46 218
1 ORDER 221 35 17 5 43 219
1 ORDER 222 53 42 14 28 220
1 ORDER 223 26 6 29 40 221
1 ORDER 224 32 17 9 17 222
1 ORDER 225 42 6 37 16 223
1 ORDER 226 10 43 9 30 224
1 ORDER 227 58 51 20 12 225
1 ORDER 228 55 44 54 2 226
1 ORDER 229 56 52 25 49 227
1 ORDER 230 33 20 48 40 228
1 ORDER 231 6 44 13 40 229
1 ORDER 232 46 33 33 6 230
1 ORDER 233 2 41 12 12 231
1 ORDER 234 39 9 20 35 232
1 ORDER 235 56 4 31 48 233
1 ORDER 236 40 1 33 57 234
1 ORDER 237 52 41 36 6 235
1 ORDER 238 53 28 42 2 236
1 ORDER 239 21 1 30 49 237
1 ORDER 240 46 1 32 49 238
1 ORDER 241 40 50 35 16 239
1 ORDER 242 17 15 52 18 240
1 ORDER 243 19 58 21 21 241
1 ORDER 244 5 38 27 7 242
1 ORDER 245 4 47 56 17 243
1 ORDER 246 47 32 9 34 244
1 ORDER 247 38 6 55 14 245
1 ORDER 248 7 31 26 36 246
1 ORDER 249 46 30 40 9 247
1 ORDER 250 38 12 11 46 248
1 ORDER 251 45 6 28 50 249
1 ORDER 252 9 22 52 34 250
1 ORDER 253 25 43 20 56 251
1 ORDER 254 41 28 1 20 252
1 ORDER 255 43 33 14 53 253
1 ORDER 256 31 13 45 48 254
1 ORDER 257 34 52 24 7 255
1 ORDER 258 35 49 51 17 256
1 ORDER 259 13 54 26 1 257
1 ORDER 260 35 52 48 12 258
1 ORDER 261 56 50 14 20 259
1 ORDER 262 43 29 32 30 260
1 ORDER 263 33 53 51 9 261
1 ORDER 264 2 30 56 25 262
1 ORDER 265 16 27 37 34 263
1 ORDER 266 30 22 37 57 264
1 ORDER 267 31 16 15 8 265
1 ORDER 268 8 21 30 51 266
1 ORDER 269 49 1 39 39 267
1 ORDER 270 40 6 36 1 268
1 ORDER 271 44 55 38 43 269
1 ORDER 272 17 19 15 22 270
1 ORDER 273 4 58 50 15 271
1 ORDER 274 44 10 4 49 272
1 ORDER 275 15 32 11 35 273
1 ORDER 276 51 52 58 8 274
1 ORDER 277 9 56 42 32 275
1 ORDER 278 44 29 50 52 276
1 ORDER 279 4 9 51 30 277
1 ORDER 280 29 26 33 5 278
1 ORDER 281 17 4 25 28 279
1 ORDER 282 19 9 53 16 280
1 ORDER 283 35 58 27 16 281
1 ORDER 284 39 21 22 15 282
1 ORDER 285 9 26 38 7 283
1 ORDER 286 3 47 28 35 284
1 ORDER 287 35 51 8 56 285
1 ORDER 288 36 32 49 14 286
1 ORDER 289 34 30 7 1 287
1 ORDER 290 2 5 46 50 288
1 ORDER 291 45 18 31 7 289
1 ORDER 292 58 53 13 41 290
1 ORDER 293 20 16 34 35 291
1 ORDER 294 31 57 22 42 292
1 ORDER 295 15 16 54 38 293
1 ORDER 296 12 15 34 7 294
1 ORDER 297 27 44 17 31 295
1 ORDER 298 3 53 2 19 296
1 ORDER 299 47 18 2 3 297
1 ORDER 300 37 22 49 41 298
1 ORDER 301 22 17 47 22 299
1 ORDER 302 9 11 33 30 300
1 ORDER 303 35 35 6 34 301
1 ORDER 304 13 37 30 17 302
1 ORDER 305 36 54 51 8 303
1 ORDER 306 49 45 14 14 304
1 ORDER 307 44 13 58 43 305
1 ORDER 308 15 41 35 19 306
1 ORDER 309 7 15 15 27 307
1 ORDER 310 11 54 19 7 308
1 ORDER 311 43 52 4 33 309
1 ORDER 312 11 23 7 55 310
1 ORDER 313 44 52 29 48 311
1 ORDER 314 14 56 13 15 312
1 ORDER 315 40 33 5 26 313
1 ORDER 316 40 38 4 31 314
1 ORDER 317 5 55 25 30 315
1 ORDER 318 36 4 31 14 316
1 ORDER 319 32 14 52 8 317
1 ORDER 320 15 39 34 39 318
1 ORDER 321 30 38 54 37 319
1 ORDER 322 43 48 23 4 320
1 ORDER 323 55 47 3 38 321
1 ORDER 324 50 58 5 4 322
1 ORDER 325 52 24 5 24 323
1 ORDER 326 23 19 39 38 324
1 ORDER 327 16 21 8 26 325
1 ORDER 328 51 53 33 42 326
1 ORDER 329 8 46 38 23 327
1 ORDER 330 23 5 44 36 328
1 ORDER 331 53 55 35 25 329
1 ORDER 332 12 47 6 32 330
1 ORDER 333 32 15 58 52 331
1 ORDER 334 56 43 33 46 332
1 ORDER 335 33 45 8 27 333
1 ORDER 336 39 34 55 5 334
1 ORDER 337 24 11 21 50 335
1 ORDER 338 49 31 25 22 336
1 ORDER 339 14 34 50 51 337
1 ORDER 340 44 15 17 49 338
1 ORDER 341 21 57 21 39 339
1 ORDER 342 51 27 13 39 340
1 ORDER 343 23 54 48 50 341
1 ORDER 344 26 7 53 5 342
1 ORDER 345 8 11 29 13 343
1 ORDER 346 1 7 13 29 344
1 ORDER 347 3 12 14 32 345
1 ORDER 348 30 47 31 29 346
1 ORDER 349 17 50 15 48 347
1 ORDER 350 50 20 41 19 348
1 ORDER 351 51 7 54 46 349
1 ORDER 352 21 17 16 57 350
1 ORDER 353 33 17 38 58 351
1 ORDER 354 55 51 4 21 352
1 ORDER 355 25 32 55 16 353
1 ORDER 356 16 4 19 51 354
1 ORDER 357 8 52 33 31 355
1 ORDER 358 12 27 38 8 356
1 ORDER 359 22 11 30 29 357
1 ORDER 360 1 14 50 41 358
1 ORDER 361 12 25 47 55 359
1 ORDER 362 26 50 38 2 360
1 ORDER 363 2 57 42 14 361
1 ORDER 364 43 35 7 23 362
1 ORDER 365 53 20 30 30 363
1 ORDER 366 24 45 22 31 364
1 ORDER 367 54 34 46 16 365
1 ORDER 368 53 31 29 32 366
1 ORDER 369 12 1 33 19 367
1 ORDER 370 25 6 45 54 368
1 ORDER 371 37 37 21 43 369
1 ORDER 372 56 47 45 58 370
1 ORDER 373 57 41 37 47 371
1 ORDER 374 49 47 16 12 372
1 ORDER 375 7 51 17 27 373
1 ORDER 376 34 34 39 2 374
1 ORDER 377 25 54 34 26 375
1 ORDER 378 46 5 26 9 376
1 ORDER 379 26 22 41 13 377
1 ORDER 380 42 15 31 21 378
1 ORDER 381 52 26 48 43 379
1 ORDER 382 51 25 34 41 380
1 ORDER 383 49 5 10 12 381
1 ORDER 384 10 19 41 41 382
1 ORDER 385 14 41 47 30 383
1 ORDER 386 33 11 6 24 384
1 ORDER 387 44 24 20 10 385
1 ORDER 388 19 10 1 42 386
1 ORDER 389 9 12 16 58 387
1 ORDER 390 6 20 36 37 388
1 ORDER 391 20 24 39 29 389
1 ORDER 392 41 58 27 6 390
1 ORDER 393 37 27 17 42 391
1 ORDER 394 12 34 45 25 392
1 ORDER 395 38 33 51 38 393
1 ORDER 396 34 17 50 12 394
1 ORDER 397 1 31 21 49 395
1 ORDER 398 47 21 41 40 396
1 ORDER 399 54 42 43 10 397
1 ORDER 400 47 24 35 41 398
1 ORDER 401 3 11 12 51 399
1 ORDER 402 25 7 54 13 400
1 ORDER 403 15 57 3 29 401
1 ORDER 404 6 46 8 19 402
1 ORDER 405 4 27 5 11 403
1 ORDER 406 46 42 45 7 404
1 ORDER 407 26 40 49 57 405
1 ORDER 408 2 8 27 25 406
1 ORDER 409 35 14 27 12 407
1 ORDER 410 16 36 12 41 408
1 ORDER 411 37 21 14 55 409
1 ORDER 412 14 35 23 43 410
1 ORDER 413 7 6 56 42 411
1 ORDER 414 40 17 52 38 412
1 ORDER 415 34 32 42 53 413
1 ORDER 416 1 36 30 27 414
1 ORDER 417 38 55 43 12 415
1 ORDER 418 14 43 24 24 416
1 ORDER 419 4 24 50 9 417
1 ORDER 420 45 16 8 55 418
1 ORDER 421 27 33 58 9 419
1 ORDER 422 31 22 23 3 420
1 ORDER 423 30 2 41 42 421
1 ORDER 424 35 21 51 16 422
1 ORDER 425 20 23 9 58 423
1 ORDER 426 34 2 56 21 424
1 ORDER 427 5 53 21 2 425
1 ORDER 428 17 5 26 53 426
1 ORDER 429 46 9 58 25 427
1 ORDER 430 15 42 13 34 428
1 ORDER 431 7 20 5 13 429
1 ORDER 432 46 48 11 38 430
1 ORDER 433 58 6 46 55 431
1 ORDER 434 49 16 40 45 432
1 ORDER 435 8 23 50 10 433
1 ORDER 436 16 51 27 34 434
1 ORDER 437 28 29 42 55 435
1 ORDER 438 43 42 52 3 436
1 ORDER 439 45 44 14 1 437
1 ORDER 440 26 54 38 15 438
1 ORDER 441 5 27 17 55 439
1 ORDER 442 51 54 18 15 440
1 ORDER 443 32 3 35 54 441
1 ORDER 444 36 29 53 13 442
1 ORDER 445 4 29 34 12 443
1 ORDER 446 4 7 20 39 444
1 ORDER 447 39 51 35 28 445
1 ORDER 448 58 28 51 1 446
1 ORDER 449 50 1 46 47 447
1 ORDER 450 57 22 16 56 448
1 ORDER 451 32 54 29 31 449
1 ORDER 452 46 10 38 34 450
1 ORDER 453 2 23 35 32 451
1 ORDER 454 16 43 12 5 452
1 ORDER 455 4 40 38 27 453
1 ORDER 456 40 42 26 37 454
1 ORDER 457 1 30 9 28 455
1 ORDER 458 58 21 13 7 456
1 ORDER 459 41 31 29 30 457
1 ORDER 460 30 5 17 46 458
1 ORDER 461 53 34 16 13 459
1 ORDER 462 15 54 55 46 460
1 ORDER 463 52 22 28 5 461
1 ORDER 464 48 8 18 35 462
1 ORDER 465 8 1 43 31 463
1 ORDER 466 30 10 42 25 464
1 ORDER 467 3 51 49 32 465
1 ORDER 468 56 53 53 54 466
1 ORDER 469 18 21 33 4 467
1 ORDER 470 3 32 46 11 468
1 ORDER 471 1 5 22 23 469
1 ORDER 472 43 50 58 31 470
1 ORDER 473 54 41 37 45 471
1 ORDER 474 26 57 6 14 472
1 ORDER 475 48 4 22 16 473
1 ORDER 476 14 24 8 50 474
1 ORDER 477 58 15 32 53 475
1 ORDER 478 39 8 19 18 476
1 ORDER 479 57 29 37 8 477
1 ORDER 480 20 45 52 10 478
1 ORDER 481 34 46 2 13 479
1 ORDER 482 18 54 26 17 480
1 ORDER 483 42 7 23 15 481
1 ORDER 484 44 26 20 37 482
1 ORDER 485 28 41 25 34 483
1 ORDER 486 41 17 3 14 484
1 ORDER 487 25 17 6 39 485
1 ORDER 488 7 3 27 52 486
1 ORDER 489 22 13 38 26 487
1 ORDER 490 45 19 19 31 488
1 ORDER 491 55 15 47 25 489
1 ORDER 492 5 54 42 16 490
1 ORDER 493 22 54 57 16 491
1 ORDER 494 25 38 24 2 492
1 ORDER 495 19 8 13 48 493
1 ORDER 496 35 15 27 45 494
1 ORDER 497 25 58 35 5 495
1 ORDER 498 52 47 15 43 496
1 ORDER 499 12 13 29 56 497
1 ORDER 500 24 17 18 12 498
1 ORDER 501 48 13 52 43 499
1 ORDER 502 2 6 2 42 500
1 ORDER 503 29 50 26 18 501
1 ORDER 504 38 18 44 16 502
1 ORDER 505 3 58 38 14 503
1 ORDER 506 5 46 55 58 504
1 ORDER 507 44 30 56 49 505
1 ORDER 508 12 53 54 14 506
1 ORDER 509 29 25 4 19 507
1 ORDER 510 22 27 6 13 508
1 ORDER 511 44 7 39 14 509
1 ORDER 512 21 44 7 57 510
1 ORDER 513 52 51 49 50 511
1 ORDER 514 26 16 29 49 512
1 ORDER 515 34 55 12 38 513
1 ORDER 516 51 44 10 23 514
1 ORDER 517 52 53 41 2 515
1 ORDER 518 31 58 56 10 516
1 ORDER 519 31 26 53 10 517
1 ORDER 520 48 28 12 17 518
1 ORDER 521 30 13 39 11 519
1 ORDER 522 40 22 11 57 520
1 ORDER 523 44 34 57 37 521
1 ORDER 524 47 8 37 19 522
1 ORDER 525 55 56 24 22 523
1 ORDER 526 52 17 57 27 524
1 ORDER 527 18 23 32 43 525
1 ORDER 528 3 22 9 18 526
1 ORDER 529 2 51 54 1 527
1 ORDER 530 49 11 49 56 528
1 ORDER 531 14 38 11 14 529
1 ORDER 532 23 8 17 23 530
1 ORDER 533 48 16 56 1 531
1 ORDER 534 58 56 23 11 532
1 ORDER 535 30 1 9 4 533
1 ORDER 536 34 8 26 51 534
1 ORDER 537 50 34 49 54 535
1 ORDER 538 26 46 16 52 536
1 ORDER 539 48 57 35 43 537
1 ORDER 540 11 29 32 22 538
1 ORDER 541 31 4 19 37 539
1 ORDER 542 17 40 41 34 540
1 ORDER 543 35 36 14 21 541
1 ORDER 544 49 26 12 35 542
1 ORDER 545 24 13 44 58 543
1 ORDER 546 18 37 33 32 544
1 ORDER 547 46 17 47 54 545
1 ORDER 548 20 27 39 47 546
1 ORDER 549 37 3 44 31 547
1 ORDER 550 37 44 40 16 548
1 ORDER 551 50 31 20 11 549
1 ORDER 552 13 4 40 2 550
1 ORDER 553 48 14 39 5 551
1 ORDER 554 7 29 33 33 552
1 ORDER 555 10 47 32 29 553
1 ORDER 556 24 15 11 18 554
1 ORDER 557 55 6 45 8 555
1 ORDER 558 42 26 18 44 556
1 ORDER 559 28 36 3 46 557
1 ORDER 560 44 54 55 3 558
1 ORDER 561 11 17 5 58 559
1 ORDER 562 33 16 42 33 560
1 ORDER 563 5 3 1 58 561
1 ORDER 564 29 51 28 23 562
1 ORDER 565 36 11 22 25 563
1 ORDER 566 25 53 32 38 564
1 ORDER 567 33 49 22 20 565
1 ORDER 568 10 7 16 45 566
1 ORDER 569 18 13 36 3 567
1 ORDER 570 34 3 12 23 568
1 ORDER 571 6 27 43 26 569
1 ORDER 572 27 50 49 15 570
1 ORDER 573 31 44 18 30 571
1 ORDER 574 56 34 50 57 572
1 ORDER 575 3 15 33 15 573
1 ORDER 576 17 33 12 40 574
1 ORDER 577 57 42 36 57 575
1 ORDER 578 50 16 26 8 576
1 ORDER 579 13 31 40 25 577
1 ORDER 580 20 21 25 2 578
1 ORDER 581 7 58 6 1 579
1 ORDER 582 17 13 16 46 580
1 ORDER 583 26 35 14 39 581
1 ORDER 584 41 55 41 30 582
1 ORDER 585 25 33 4 1 583
1 ORDER 586 19 39 27 3 584
1 ORDER 587 39 15 39 57 585
1 ORDER 588 36 17 24 40 586
1 ORDER 589 16 47 19 57 587
1 ORDER 590 42 30 38 3 588
1 ORDER 591 4 46 13 10 589
1 ORDER 592 2 14 1 11 590
1 ORDER 593 40 52 27 46 591
1 ORDER 594 15 52 19 50 592
1 ORDER 595 20 26 53 8 593
1 ORDER 596 23 42 37 51 594
1 ORDER 597 56 24 29 15 595
1 ORDER 598 1 17 57 1 596
1 ORDER 599 10 28 57 23 597
1 ORDER 600 55 36 51 48 598
1 ORDER 601 27 5 17 9 599
1 ORDER 602 25 24 42 24 600
1 ORDER 603 4 26 39 25 601
1 ORDER 604 34 54 34 42 602
1 ORDER 605 40 18 14 15 603
1 ORDER 606 12 28 26 39 604
1 ORDER 607 16 29 4 50 605
1 ORDER 608 19 42 46 43 606
1 ORDER 609 23 18 57 5 607
1 ORDER 610 32 19 35 12 608
1 ORDER 611 20 41 1 33 609
1 ORDER 612 3 45 45 29 610
1 ORDER 613 51 46 10 16 611
1 ORDER 614 45 17 28 22 612
1 ORDER 615 9 7 42 52 613
1 ORDER 616 25 45 19 23 614
1 ORDER 617 15 2 32 13 615
1 ORDER 618 5 57 17 22 616
1 ORDER 619 31 36 52 39 617
1 ORDER 620 53 48 37 6 618
1 ORDER 621 40 32 53 25 619
1 ORDER 622 15 7 4 39 620
1 ORDER 623 6 52 43 54 621
1 ORDER 624 43 8 55 13 622
1 ORDER 625 4 56 31 34 623
1 ORDER 626 25 39 51 20 624
1 ORDER 627 3 13 17 41 625
1 ORDER 628 27 28 2 21 626
1 ORDER 629 55 54 32 23 627
1 ORDER 630 7 5 8 34 628
1 ORDER 631 24 1 44 14 629
1 ORDER 632 7 46 45 40 630
1 ORDER 633 10 34 33 27 631
1 ORDER 634 19 20 25 9 632
1 ORDER 635 20 48 54 27 633
1 ORDER 636 24 19 42 51 634
1 ORDER 637 46 22 39 30 635
1 ORDER 638 31 43 2 15 636
1 ORDER 639 56 28 9 54 637
1 ORDER 640 3 28 14 18 638
1 ORDER 641 51 6 25 15 639
1 ORDER 642 13 57 31 39 640
1 ORDER 643 49 36 58 54 641
1 ORDER 644 8 5 46 23 642
1 ORDER 645 28 40 21 25 643
1 ORDER 646 50 47 24 12 644
1 ORDER 647 36 44 30 55 645
1 ORDER 648 54 50 49 53 646
1 ORDER 649 19 56 36 46 647
1 ORDER 650 33 36 3 23 648
1 ORDER 651 39 56 28 52 649
1 ORDER 652 15 55 34 5 650
1 ORDER 653 41 51 14 19 651
1 ORDER 654 13 38 45 11 652
1 ORDER 655 14 29 31 37 653
1 ORDER 656 36 21 44 45 654
1 ORDER 657 45 14 38 54 655
1 ORDER 658 3 42 18 48 656
1 ORDER 659 40 7 55 29 657
1 ORDER 660 11 27 2 28 658
1 ORDER 661 50 14 55 10 659
1 ORDER 662 15 3 50 37 660
1 ORDER 663 35 13 18 11 661
1 ORDER 664 54 52 11 22 662
1 ORDER 665 39 45 13 17 663
1 ORDER 666 32 7 3 39 664
1 ORDER 667 45 52 4 45 665
1 ORDER 668 57 45 21 15 666
1 ORDER 669 38 37 29 1 667
1 ORDER 670 36 31 42 34 668
1 ORDER 671 58 39 52 50 669
1 ORDER 672 46 57 56 15 670
1 ORDER 673 20 55 46 20 671
1 ORDER 674 30 15 1 12 672
1 ORDER 675 43 49 30 41 673
1 ORDER 676 54 28 19 5 674
1 ORDER 677 50 33 43 13 675
1 ORDER 678 30 37 3 10 676
1 ORDER 679 50 27 33 48 677
1 ORDER 680 5 48 52 4 678
1 ORDER 681 7 12 33 23 679
1 ORDER 682 13 55 46 15 680
1 ORDER 683 27 1 26 41 681
1 ORDER 684 9 51 37 55 682
1 ORDER 685 6 40 16 42 683
1 ORDER 686 24 23 54 19 684
1 ORDER 687 2 10 19 41 685
1 ORDER 688 22 36 56 20 686
1 ORDER 689 20 4 11 4 687
1 ORDER 690 40 11 57 38 688
1 ORDER 691 22 55 8 16 689
1 ORDER 692 49 9 33 29 690
1 ORDER 693 41 39 37 13 691
1 ORDER 694 23 55 21 42 692
1 ORDER 695 8 48 55 35 693
1 ORDER 696 18 2 54 33 694
1 ORDER 697 32 10 6 6 695
1 ORDER 698 35 7 41 25 696
1 ORDER 699 12 26 7 7 697
1 ORDER 700 43 27 52 2 698
1 ORDER 701 40 8 19 32 699
1 ORDER 702 56 58 33 44 700
1 ORDER 703 6 29 36 49 701
1 ORDER 704 36 5 17 1 702
1 ORDER 705 22 44 40 13 703
1 ORDER 706 19 44 15 19 704
1 ORDER 707 34 22 57 3 705
1 ORDER 708 34 53 45 50 706
1 ORDER 709 5 12 26 52 707
1 ORDER 710 42 46 27 4 708
1 ORDER 711 2 48 41 7 709
1 ORDER 712 24 44 46 6 710
1 ORDER 713 32 55 23 27 711
1 ORDER 714 12 18 26 58 712
1 ORDER 715 8 3 41 33 713
1 ORDER 716 30 20 26 44 714
1 ORDER 717 35 30 20 14 715
1 ORDER 718 35 29 10 27 716
1 ORDER 719 5 56 35 56 717
1 ORDER 720 46 26 58 20 718
1 ORDER 721 51 42 32 36 719
1 ORDER 722 44 57 13 51 720
1 ORDER 723 33 12 29 29 721
1 ORDER 724 53 39 58 40 722
1 ORDER 725 50 54 27 17 723
1 ORDER 726 16 22 48 44 724
1 ORDER 727 16 25 26 3 725
1 ORDER 728 45 47 56 39 726
1 ORDER 729 49 23 12 49 727
1 ORDER 730 9 52 28 19 728
1 ORDER 731 27 32 31 25 729
1 ORDER 732 54 40 20 43 730
1 ORDER 733 16 17 7 53 731
1 ORDER 734 26 30 5 35 732
1 ORDER 735 1 56 43 53 733
1 ORDER 736 7 2 20 3 734
1 ORDER 737 15 25 15 44 735
1 ORDER 738 17 10 40 51 736
1 ORDER 739 55 18 48 45 737
1 ORDER 740 7 17 55 20 738
1 ORDER 741 2 7 31 33 739
1 ORDER 742 4 35 54 21 740
1 ORDER 743 43 16 40 14 741
1 ORDER 744 1 46 25 19 742
1 ORDER 745 25 52 6 3 743
1 ORDER 746 16 26 41 54 744
1 ORDER 747 47 51 27 55 745
1 ORDER 748 53 22 1 16 746
1 ORDER 749 58 46 37 28 747
1 ORDER 750 16 31 35 27 748
1 ORDER 751 57 36 33 56 749
1 ORDER 752 26 28 58 3 750
1 ORDER 753 24 42 9 36 751
1 ORDER 754 33 38 13 1 752
1 ORDER 755 15 33 20 2 753
1 ORDER 756 42 36 46 56 754
1 ORDER 757 29 18 28 55 755
1 ORDER 758 6 41 42 40 756
1 ORDER 759 39 48 50 28 757
1 ORDER 760 13 44 11 52 758
1 ORDER 761 51 26 36 25 759
1 ORDER 762 24 25 23 13 760
1 ORDER 763 28 56 12 52 761
1 ORDER 764 18 36 46 34 762
1 ORDER 765 5 28 20 42 763
1 ORDER 766 44 9 5 9 764
1 ORDER 767 51 35 27 48 765
1 ORDER 768 38 45 33 22 766
1 ORDER 769 11 28 53 35 767
1 ORDER 770 20 57 45 42 768
1 ORDER 771 3 18 35 22 769
1 ORDER 772 17 6 38 4 770
1 ORDER 773 8 44 28 30 771
1 ORDER 774 38 22 17 14 772
1 ORDER 775 7 21 54 15 773
1 ORDER 776 24 47 36 34 774
1 ORDER 777 15 29 37 29 775
1 ORDER 778 40 57 41 26 776
1 ORDER 779 20 53 37 58 777
1 ORDER 780 18 7 48 29 778
1 ORDER 781 44 23 20 52 779
1 ORDER 782 20 6 25 44 780
1 ORDER 783 58 42 33 24 781
1 ORDER 784 44 49 43 19 782
1 ORDER 785 22 21 18 8 783
1 ORDER 786 56 8 20 32 784
1 ORDER 787 46 29 25 25 785
1 ORDER 788 33 25 54 17 786
1 ORDER 789 57 6 31 20 787
1 ORDER 790 55 30 32 32 788
1 ORDER 791 41 21 53 40 789
1 ORDER 792 4 2 1 4 790
1 ORDER 793 28 11 39 6 791
1 ORDER 794 36 39 26 11 792
1 ORDER 795 15 24 29 8 793
1 ORDER 796 36 52 6 43 794
1 ORDER 797 4 34 55 33 795
1 ORDER 798 41 3 44 21 796
1 ORDER 799 38 32 54 10 797
1 ORDER 800 49 28 56 57 798
1 ORDER 801 16 18 35 50 799
1 ORDER 802 56 7 24 32 800
1 ORDER 803 8 45 25 47 801
1 ORDER 804 26 2 37 15 802
1 ORDER 805 31 12 41 27 803
1 ORDER 806 57 21 2 31 804
1 ORDER 807 34 50 28 58 805
1 ORDER 808 51 31 29 37 806
1 ORDER 809 35 20 23 10 807
1 ORDER 810 16 34 8 57 808
1 ORDER 811 3 21 58 48 809
1 ORDER 812 2 49 29 14 810
1 ORDER 813 41 46 55 53 811
1 ORDER 814 42 8 39 4 812
1 ORDER 815 23 28 20 30 813
1 ORDER 816 23 34 46 14 814
1 ORDER 817 37 46 24 35 815
1 ORDER 818 6 51 40 36 816
1 ORDER 819 37 39 25 26 817
1 ORDER 820 45 1 57 47 818
1 ORDER 821 6 28 1 35 819
1 ORDER 822 20 51 48 42 820
1 ORDER 823 48 37 6 48 821
1 ORDER 824 29 55 18 51 822
1 ORDER 825 14 3 18 32 823
1 ORDER 826 40 44 11 43 824
1 ORDER 827 58 29 3 48 825
1 ORDER 828 16 14 53 23 826
1 ORDER 829 10 6 28 48 827
1 ORDER 830 56 18 22 3 828
1 ORDER 831 42 27 16 53 829
1 ORDER 832 33 34 53 30 830
1 ORDER 833 12 14 34 38 831
1 ORDER 834 46 53 8 28 832
1 ORDER 835 32 9 53 47 833
1 ORDER 836 3 41 24 53 834
1 ORDER 837 21 4 50 21 835
1 ORDER 838 52 56 30 6 836
1 ORDER 839 49 35 55 12 837
1 ORDER 840 46 39 36 30 838
1 ORDER 841 22 37 38 46 839
1 ORDER 842 45 32 28 12 840
1 ORDER 843 30 39 37 40 841
1 ORDER 844 35 26 7 19 842
1 ORDER 845 58 30 29 2 843
1 ORDER 846 56 22 43 25 844
1 ORDER 847 18 16 39 13 845
1 ORDER 848 57 44 11 16 846
1 ORDER 849 12 7 8 41 847
1 ORDER 850 2 40 43 36 848
1 ORDER 851 8 29 40 58 849
1 ORDER 852 3 43 22 57 850
1 ORDER 853 4 6 29 16 851
1 ORDER 854 10 5 21 47 852
1 ORDER 855 19 17 11 10 853
1 ORDER 856 32 1 4 36 854
1 ORDER 857 24 38 14 11 855
1 ORDER 858 53 1 38 51 856
1 ORDER 859 2 50 48 15 857
1 ORDER 860 28 15 34 47 858
1 ORDER 861 14 22 34 25 859
1 ORDER 862 45 28 41 29 860
1 ORDER 863 44 35 58 37 861
1 ORDER 864 44 32 30 45 862
1 ORDER 865 48 21 27 15 863
1 ORDER 866 29 54 28 57 864
1 ORDER 867 16 38 19 54 865
1 ORDER 868 1 53 54 51 866
1 ORDER 869 4 12 57 52 867
1 ORDER 870 41 10 13 3 868
1 ORDER 871 17 11 8 25 869
1 ORDER 872 12 42 3 20 870
1 ORDER 873 29 12 49 52 871
1 ORDER 874 58 58 27 37 872
1 ORDER 875 14 9 47 38 873
1 ORDER 876 41 5 58 49 874
1 ORDER 877 46 7 24 56 875
1 ORDER 878 1 44 30 25 876
1 ORDER 879 13 14 57 51 877
1 ORDER 880 7 48 8 14 878
1 ORDER 881 1 57 28 38 879
1 ORDER 882 9 42 27 43 880
1 ORDER 883 15 46 6 38 881
1 ORDER 884 27 23 2 46 882
1 ORDER 885 15 49 12 24 883
1 ORDER 886 40 19 48 56 884
1 ORDER 887 14 58 58 38 885
1 ORDER 888 20 40 53 50 886
1 ORDER 889 16 15 31 15 887
1 ORDER 890 29 20 8 15 888
1 ORDER 891 47 39 58 26 889
1 ORDER 892 52 54 10 46 890
1 ORDER 893 52 11 23 17 891
1 ORDER 894 3 30 23 16 892
1 ORDER 895 21 8 32 25 893
1 ORDER 896 27 26 55 49 894
1 ORDER 897 54 36 5 52 895
1 ORDER 898 40 27 57 32 896
1 ORDER 899 44 53 16 23 897
1 ORDER 900 41 14 38 24 898
1 ORDER 901 36 43 20 18 899
1 ORDER 902 2 2 44 8 900
1 ORDER 903 55 57 51 34 901
1 ORDER 904 53 11 6 4 902
1 ORDER 905 56 14 44 27 903
1 ORDER 906 56 35 47 35 904
1 ORDER 907 52 20 29 4 905
1 ORDER 908 39 42 17 47 906
1 ORDER 909 27 29 55 38 907
1 ORDER 910 22 5 9 27 908
1 ORDER 911 16 2 57 48 909
1 ORDER 912 14 48 10 54 910
1 ORDER 913 43 39 54 26 911
1 ORDER 914 29 43 31 5 912
1 ORDER 915 49 3 25 4 913
1 ORDER 916 47 14 4 13 914
1 ORDER 917 22 40 11 44 915
1 ORDER 918 23 32 46 13 916
1 ORDER 919 43 20 49 7 917
1 ORDER 920 45 26 7 9 918
1 ORDER 921 54 20 41 37 919
1 ORDER 922 24 14 24 28 920
1 ORDER 923 32 12 1 15 921
1 ORDER 924 34 6 29 10 922
1 ORDER 925 41 35 41 53 923
1 ORDER 926 37 48 23 26 924
1 ORDER 927 41 57 37 35 925
1 ORDER 928 32 16 23 46 926
1 ORDER 929 48 10 17 2 927
1 ORDER 930 22 29 41 1 928
1 ORDER 931 2 52 38 39 929
1 ORDER 932 35 48 17 20 930
1 ORDER 933 37 25 52 5 931
1 ORDER 934 34 40 25 10 932
1 ORDER 935 40 49 11 24 933
1 ORDER 936 6 31 42 44 934
1 ORDER 937 47 2 18 26 935
1 ORDER 938 21 38 12 44 936
1 ORDER 939 9 19 25 11 937
1 ORDER 940 6 50 4 17 938
1 ORDER 941 42 5 39 28 939
1 ORDER 942 48 32 42 23 940
1 ORDER 943 57 57 50 46 941
1 ORDER 944 43 45 28 27 942
1 ORDER 945 25 42 17 56 943
1 ORDER 946 2 54 18 33 944
1 ORDER 947 4 14 31 30 945
1 ORDER 948 37 52 18 27 946
1 ORDER 949 14 17 8 49 947
1 ORDER 950 13 56 48 9 948
1 ORDER 951 12 54 26 26 949
1 ORDER 952 37 7 47 13 950
1 ORDER 953 22 22 13 18 951
1 ORDER 954 57 55 35 24 952
1 ORDER 955 50 4 52 57 953
1 ORDER 956 44 25 13 45 954
1 ORDER 957 42 28 39 12 955
1 ORDER 958 18 52 30 36 956
1 ORDER 959 1 24 25 23 957
1 ORDER 960 23 53 33 40 958
1 ORDER 961 20 50 5 25 959
1 ORDER 962 52 27 16 10 960
1 ORDER 963 5 44 31 19 961
1 ORDER 964 43 57 2 37 962
1 ORDER 965 1 8 2 53 963
1 ORDER 966 7 45 56 32 964
1 ORDER 967 30 24 22 7 965
1 ORDER 968 58 44 43 14 966
1 ORDER 969 13 6 22 52 967
1 ORDER 970 51 10 19 1 968
1 ORDER 971 57 53 17 44 969
1 ORDER 972 7 18 37 32 970
1 ORDER 973 1 37 42 45 971
1 ORDER 974 36 26 25 14 972
1 ORDER 975 29 44 10 37 973
1 ORDER 976 27 11 32 11 974
1 ORDER 977 11 26 2 45 975
1 ORDER 978 58 33 11 56 976
1 ORDER 979 37 18 18 6 977
1 ORDER 980 6 37 13 21 978
1 ORDER 981 33 39 3 36 979
1 ORDER 982 22 30 57 28 980
1 ORDER 983 26 31 50 38 981
1 ORDER 984 18 45 36 12 982
1 ORDER 985 50 18 11 15 983
1 ORDER 986 34 20 2 38 984
1 ORDER 987 56 16 17 37 985
1 ORDER 988 14 6 44 20 986
1 ORDER 989 47 46 23 31 987
1 ORDER 990 15 11 34 58 988
1 ORDER 991 31 47 35 9 989
1 ORDER 992 49 10 48 25 990
1 ORDER 993 46 38 45 41 991
1 ORDER 994 11 5 47 48 992
1 ORDER 995 26 29 31 45 993
1 ORDER 996 18 42 50 30 994
1 ORDER 997 10 36 44 47 995
1 ORDER 998 57 54 27 20 996
1 ORDER 999 20 36 9 5 997
1 ORDER 1000 8 17 8 9 998
1 ORDER 1001 38 1 54 55 999
1 BLOCK 58 1
2 UNBLOCK 58 1
3 BLOCK 58 1
4 UNBLOCK 58 1
5 BLOCK 58 1
6 UNBLOCK 58 1
7 BLOCK 58 1
8 UNBLOCK 58 1
9 BLOCK 58 1
10 UNBLOCK 58 1
11 BLOCK 58 1
12 UNBLOCK 58 1
13 BLOCK 58 1
14 UNBLOCK 58 1
15 BLOCK 58 1
16 UNBLOCK 58 1
17 BLOCK 58 1
18 UNBLOCK 58 1
19 BLOCK 58 1
20 UNBLOCK 58 1
21 BLOCK 58 1
22 UNBLOCK 58 1
23 BLOCK 58 1
24 UNBLOCK 58 1
25 BLOCK 58 1
26 UNBLOCK 58 1
27 BLOCK 58 1
28 UNBLOCK 58 1
29 BLOCK 58 1
30 UNBLOCK 58 1
31 BLOCK 58 1
32 UNBLOCK 58 1
33 BLOCK 58 1
34 UNBLOCK 58 1
35 BLOCK 58 1
36 UNBLOCK 58 1
37 BLOCK 58 1
38 UNBLOCK 58 1
39 BLOCK 58 1
40 UNBLOCK 58 1
41 BLOCK 58 1
42 UNBLOCK 58 1
43 BLOCK 58 1
44 UNBLOCK 58 1
45 BLOCK 58 1
46 UNBLOCK 58 1
47 BLOCK 58 1
48 UNBLOCK 58 1
49 BLOCK 58 1
50 UNBLOCK 58 1
51 BLOCK 58 1
52 UNBLOCK 58 1
53 BLOCK 58 1
54 UNBLOCK 58 1
55 BLOCK 58 1
56 UNBLOCK 58 1
57 BLOCK 58 1
58 UNBLOCK 58 1
59 BLOCK 58 1
60 UNBLOCK 58 1
61 BLOCK 58 1
62 UNBLOCK 58 1
63 BLOCK 58 1
64 UNBLOCK 58 1
65 BLOCK 58 1
66 UNBLOCK 58 1
67 BLOCK 58 1
68 UNBLOCK 58 1
69 BLOCK 58 1
70 UNBLOCK 58 1
71 BLOCK 58 1
72 UNBLOCK 58 1
73 BLOCK 58 1
74 UNBLOCK 58 1
75 BLOCK 58 1
76 UNBLOCK 58 1
77 BLOCK 58 1
78 UNBLOCK 58 1
79 BLOCK 58 1
80 UNBLOCK 58 1
81 BLOCK 58 1
82 UNBLOCK 58 1
83 BLOCK 58 1
84 UNBLOCK 58 1
85 BLOCK 58 1
86 UNBLOCK 58 1
87 BLOCK 58 1
88 UNBLOCK 58 1
89 BLOCK 58 1
90 UNBLOCK 58 1
91 BLOCK 58 1
92 UNBLOCK 58 1
93 BLOCK 58 1
94 UNBLOCK 58 1
95 BLOCK 58 1
96 UNBLOCK 58 1
97 BLOCK 58 1
98 UNBLOCK 58 1
99 BLOCK 58 1
100 UNBLOCK 58 1
101 BLOCK 58 1
102 UNBLOCK 58 1
103 BLOCK 58 1
104 UNBLOCK 58 1
105 BLOCK 58 1
106 UNBLOCK 58 1
107 BLOCK 58 1
108 UNBLOCK 58 1
109 BLOCK 58 1
110 UNBLOCK 58 1
111 BLOCK 58 1
112 UNBLOCK 58 1
113 BLOCK 58 1
114 UNBLOCK 58 1
115 BLOCK 58 1
116 UNBLOCK 58 1
117 BLOCK 58 1
118 UNBLOCK 58 1
119 BLOCK 58 1
120 UNBLOCK 58 1
121 BLOCK 58 1
122 UNBLOCK 58 1
123 BLOCK 58 1
124 UNBLOCK 58 1
125 BLOCK 58 1
126 UNBLOCK 58 1
127 BLOCK 58 1
128 UNBLOCK 58 1
129 BLOCK 58 1
130 UNBLOCK 58 1
131 BLOCK 58 1
132 UNBLOCK 58 1
133 BLOCK 58 1
134 UNBLOCK 58 1
135 BLOCK 58 1
136 UNBLOCK 58 1
137 BLOCK 58 1
138 UNBLOCK 58 1
139 BLOCK 58 1
140 UNBLOCK 58 1
141 BLOCK 58 1
142 UNBLOCK 58 1
143 BLOCK 58 1
144 UNBLOCK 58 1
145 BLOCK 58 1
146 UNBLOCK 58 1
147 BLOCK 58 1
148 UNBLOCK 58 1
149 BLOCK 58 1
150 UNBLOCK 58 1
151 BLOCK 58 1
152 UNBLOCK 58 1
153 BLOCK 58 1
154 UNBLOCK 58 1
155 BLOCK 58 1
156 UNBLOCK 58 1
157 BLOCK 58 1
158 UNBLOCK 58 1
159 BLOCK 58 1
160 UNBLOCK 58 1
161 BLOCK 58 1
162 UNBLOCK 58 1
163 BLOCK 58 1
164 UNBLOCK 58 1
165 BLOCK 58 1
166 UNBLOCK 58 1
167 BLOCK 58 1
168 UNBLOCK 58 1
169 BLOCK 58 1
170 UNBLOCK 58 1
171 BLOCK 58 1
172 UNBLOCK 58 1
173 BLOCK 58 1
174 UNBLOCK 58 1
175 BLOCK 58 1
176 UNBLOCK 58 1
177 BLOCK 58 1
178 UNBLOCK 58 1
179 BLOCK 58 1
180 UNBLOCK 58 1
181 BLOCK 58 1
182 UNBLOCK 58 1
183 BLOCK 58 1
184 UNBLOCK 58 1
185 BLOCK 58 1
186 UNBLOCK 58 1
187 BLOCK 58 1
188 UNBLOCK 58 1
189 BLOCK 58 1
190 UNBLOCK 58 1
191 BLOCK 58 1
192 UNBLOCK 58 1
193 BLOCK 58 1
194 UNBLOCK 58 1
195 BLOCK 58 1
196 UNBLOCK 58 1
197 BLOCK 58 1
198 UNBLOCK 58 1
199 BLOCK 58 1
200 UNBLOCK 58 1
201 BLOCK 58 1
202 UNBLOCK 58 1
203 BLOCK 58 1
204 UNBLOCK 58 1
205 BLOCK 58 1
206 UNBLOCK 58 1
207 BLOCK 58 1
208 UNBLOCK 58 1
209 BLOCK 58 1
210 UNBLOCK 58 1
211 BLOCK 58 1
212 UNBLOCK 58 1
213 BLOCK 58 1
214 UNBLOCK 58 1
215 BLOCK 58 1
216 UNBLOCK 58 1
217 BLOCK 58 1
218 UNBLOCK 58 1
219 BLOCK 58 1
220 UNBLOCK 58 1
221 BLOCK 58 1
222 UNBLOCK 58 1
223 BLOCK 58 1
224 UNBLOCK 58 1
225 BLOCK 58 1
226 UNBLOCK 58 1
227 BLOCK 58 1
228 UNBLOCK 58 1
229 BLOCK 58 1
230 UNBLOCK 58 1
231 BLOCK 58 1
232 UNBLOCK 58 1
233 BLOCK 58 1
234 UNBLOCK 58 1
235 BLOCK 58 1
236 UNBLOCK 58 1
237 BLOCK 58 1
238 UNBLOCK 58 1
239 BLOCK 58 1
240 UNBLOCK 58 1
241 BLOCK 58 1
242 UNBLOCK 58 1
243 BLOCK 58 1
244 UNBLOCK 58 1
245 BLOCK 58 1
246 UNBLOCK 58 1
247 BLOCK 58 1
248 UNBLOCK 58 1
249 BLOCK 58 1
250 UNBLOCK 58 1
251 BLOCK 58 1
252 UNBLOCK 58 1
253 BLOCK 58 1
254 UNBLOCK 58 1
255 BLOCK 58 1
256 UNBLOCK 58 1
257 BLOCK 58 1
258 UNBLOCK 58 1
259 BLOCK 58 1
260 UNBLOCK 58 1
261 BLOCK 58 1
262 UNBLOCK 58 1
263 BLOCK 58 1
264 UNBLOCK 58 1
265 BLOCK 58 1
266 UNBLOCK 58 1
267 BLOCK 58 1
268 UNBLOCK 58 1
269 BLOCK 58 1
270 UNBLOCK 58 1
271 BLOCK 58 1
272 UNBLOCK 58 1
273 BLOCK 58 1
274 UNBLOCK 58 1
275 BLOCK 58 1
276 UNBLOCK 58 1
277 BLOCK 58 1
278 UNBLOCK 58 1
279 BLOCK 58 1
280 UNBLOCK 58 1
281 BLOCK 58 1
282 UNBLOCK 58 1
283 BLOCK 58 1
284 UNBLOCK 58 1
285 BLOCK 58 1
286 UNBLOCK 58 1
287 BLOCK 58 1
288 UNBLOCK 58 1
289 BLOCK 58 1
290 UNBLOCK 58 1
291 BLOCK 58 1
292 UNBLOCK 58 1
293 BLOCK 58 1
294 UNBLOCK 58 1
295 BLOCK 58 1
296 UNBLOCK 58 1
297 BLOCK 58 1
298 UNBLOCK 58 1
299 BLOCK 58 1
300 UNBLOCK 58 1
301 BLOCK 58 1
302 UNBLOCK 58 1
303 BLOCK 58 1
304 UNBLOCK 58 1
305 BLOCK 58 1
306 UNBLOCK 58 1
307 BLOCK 58 1
308 UNBLOCK 58 1
309 BLOCK 58 1
310 UNBLOCK 58 1
311 BLOCK 58 1
312 UNBLOCK 58 1
313 BLOCK 58 1
314 UNBLOCK 58 1
315 BLOCK 58 1
316 UNBLOCK 58 1
317 BLOCK 58 1
318 UNBLOCK 58 1
319 BLOCK 58 1
320 UNBLOCK 58 1
321 BLOCK 58 1
322 UNBLOCK 58 1
323 BLOCK 58 1
324 UNBLOCK 58 1
325 BLOCK 58 1
326 UNBLOCK 58 1
327 BLOCK 58 1
328 UNBLOCK 58 1
329 BLOCK 58 1
330 UNBLOCK 58 1
331 BLOCK 58 1
332 UNBLOCK 58 1
333 BLOCK 58 1
334 UNBLOCK 58 1
335 BLOCK 58 1
336 UNBLOCK 58 1
337 BLOCK 58 1
338 UNBLOCK 58 1
339 BLOCK 58 1
340 UNBLOCK 58 1
341 BLOCK 58 1
342 UNBLOCK 58 1
343 BLOCK 58 1
344 UNBLOCK 58 1
345 BLOCK 58 1
346 UNBLOCK 58 1
347 BLOCK 58 1
348 UNBLOCK 58 1
349 BLOCK 58 1
350 UNBLOCK 58 1
351 BLOCK 58 1
352 UNBLOCK 58 1
353 BLOCK 58 1
354 UNBLOCK 58 1
355 BLOCK 58 1
356 UNBLOCK 58 1
357 BLOCK 58 1
358 UNBLOCK 58 1
359 BLOCK 58 1
360 UNBLOCK 58 1
361 BLOCK 58 1
362 UNBLOCK 58 1
363 BLOCK 58 1
364 UNBLOCK 58 1
365 BLOCK 58 1
366 UNBLOCK 58 1
367 BLOCK 58 1
368 UNBLOCK 58 1
369 BLOCK 58 1
370 UNBLOCK 58 1
371 BLOCK 58 1
372 UNBLOCK 58 1
373 BLOCK 58 1
374 UNBLOCK 58 1
375 BLOCK 58 1
376 UNBLOCK 58 1
377 BLOCK 58 1
378 UNBLOCK 58 1
379 BLOCK 58 1
380 UNBLOCK 58 1
381 BLOCK 58 1
382 UNBLOCK 58 1
383 BLOCK 58 1
384 UNBLOCK 58 1
385 BLOCK 58 1
386 UNBLOCK 58 1
387 BLOCK 58 1
388 UNBLOCK 58 1
389 BLOCK 58 1
390 UNBLOCK 58 1
391 BLOCK 58 1
392 UNBLOCK 58 1
393 BLOCK 58 1
394 UNBLOCK 58 1
395 BLOCK 58 1
396 UNBLOCK 58 1
397 BLOCK 58 1
398 UNBLOCK 58 1
399 BLOCK 58 1
400 UNBLOCK 58 1
401 BLOCK 58 1
402 UNBLOCK 58 1
403 BLOCK 58 1
404 UNBLOCK 58 1
405 BLOCK 58 1
406 UNBLOCK 58 1
407 BLOCK 58 1
408 UNBLOCK 58 1
409 BLOCK 58 1
410 UNBLOCK 58 1
411 BLOCK 58 1
412 UNBLOCK 58 1
413 BLOCK 58 1
414 UNBLOCK 58 1
415 BLOCK 58 1
416 UNBLOCK 58 1
417 BLOCK 58 1
418 UNBLOCK 58 1
419 BLOCK 58 1
420 UNBLOCK 58 1
421 BLOCK 58 1
422 UNBLOCK 58 1
423 BLOCK 58 1
424 UNBLOCK 58 1
425 BLOCK 58 1
426 UNBLOCK 58 1
427 BLOCK 58 1
428 UNBLOCK 58 1
429 BLOCK 58 1
430 UNBLOCK 58 1
431 BLOCK 58 1
432 UNBLOCK 58 1
433 BLOCK 58 1
434 UNBLOCK 58 1
435 BLOCK 58 1
436 UNBLOCK 58 1
437 BLOCK 58 1
438 UNBLOCK 58 1
439 BLOCK 58 1
440 UNBLOCK 58 1
441 BLOCK 58 1
442 UNBLOCK 58 1
443 BLOCK 58 1
444 UNBLOCK 58 1
445 BLOCK 58 1
446 UNBLOCK 58 1
447 BLOCK 58 1
448 UNBLOCK 58 1
449 BLOCK 58 1
450 UNBLOCK 58 1
451 BLOCK 58 1
452 UNBLOCK 58 1
453 BLOCK 58 1
454 UNBLOCK 58 1
455 BLOCK 58 1
456 UNBLOCK 58 1
457 BLOCK 58 1
458 UNBLOCK 58 1
459 BLOCK 58 1
460 UNBLOCK 58 1
461 BLOCK 58 1
462 UNBLOCK 58 1
463 BLOCK 58 1
464 UNBLOCK 58 1
465 BLOCK 58 1
466 UNBLOCK 58 1
467 BLOCK 58 1
468 UNBLOCK 58 1
469 BLOCK 58 1
470 UNBLOCK 58 1
471 BLOCK 58 1
472 UNBLOCK 58 1
473 BLOCK 58 1
474 UNBLOCK 58 1
475 BLOCK 58 1
476 UNBLOCK 58 1
477 BLOCK 58 1
478 UNBLOCK 58 1
479 BLOCK 58 1
480 UNBLOCK 58 1
481 BLOCK 58 1
482 UNBLOCK 58 1
483 BLOCK 58 1
484 UNBLOCK 58 1
485 BLOCK 58 1
486 UNBLOCK 58 1
487 BLOCK 58 1
488 UNBLOCK 58 1
489 BLOCK 58 1
490 UNBLOCK 58 1
491 BLOCK 58 1
492 UNBLOCK 58 1
493 BLOCK 58 1
494 UNBLOCK 58 1
495 BLOCK 58 1
496 UNBLOCK 58 1
497 BLOCK 58 1
498 UNBLOCK 58 1
499 BLOCK 58 1
500 UNBLOCK 58 1
501 BLOCK 58 1
502 UNBLOCK 58 1
503 BLOCK 58 1
504 UNBLOCK 58 1
505 BLOCK 58 1
506 UNBLOCK 58 1
507 BLOCK 58 1
508 UNBLOCK 58 1
509 BLOCK 58 1
510 UNBLOCK 58 1
511 BLOCK 58 1
512 UNBLOCK 58 1
513 BLOCK 58 1
514 UNBLOCK 58 1
515 BLOCK 58 1
516 UNBLOCK 58 1
517 BLOCK 58 1
518 UNBLOCK 58 1
519 BLOCK 58 1
520 UNBLOCK 58 1
521 BLOCK 58 1
522 UNBLOCK 58 1
523 BLOCK 58 1
524 UNBLOCK 58 1
525 BLOCK 58 1
526 UNBLOCK 58 1
527 BLOCK 58 1
528 UNBLOCK 58 1
529 BLOCK 58 1
530 UNBLOCK 58 1
531 BLOCK 58 1
532 UNBLOCK 58 1
533 BLOCK 58 1
534 UNBLOCK 58 1
535 BLOCK 58 1
536 UNBLOCK 58 1
537 BLOCK 58 1
538 UNBLOCK 58 1
539 BLOCK 58 1
540 UNBLOCK 58 1
541 BLOCK 58 1
542 UNBLOCK 58 1
543 BLOCK 58 1
544 UNBLOCK 58 1
545 BLOCK 58 1
546 UNBLOCK 58 1
547 BLOCK 58 1
548 UNBLOCK 58 1
549 BLOCK 58 1
550 UNBLOCK 58 1
551 BLOCK 58 1
552 UNBLOCK 58 1
553 BLOCK 58 1
554 UNBLOCK 58 1
555 BLOCK 58 1
556 UNBLOCK 58 1
557 BLOCK 58 1
558 UNBLOCK 58 1
559 BLOCK 58 1
560 UNBLOCK 58 1
561 BLOCK 58 1
562 UNBLOCK 58 1
563 BLOCK 58 1
564 UNBLOCK 58 1
565 BLOCK 58 1
566 UNBLOCK 58 1
567 BLOCK 58 1
568 UNBLOCK 58 1
569 BLOCK 58 1
570 UNBLOCK 58 1
571 BLOCK 58 1
572 UNBLOCK 58 1
573 BLOCK 58 1
574 UNBLOCK 58 1
575 BLOCK 58 1
576 UNBLOCK 58 1
577 BLOCK 58 1
578 UNBLOCK 58 1
579 BLOCK 58 1
580 UNBLOCK 58 1
581 BLOCK 58 1
582 UNBLOCK 58 1
583 BLOCK 58 1
584 UNBLOCK 58 1
585 BLOCK 58 1
586 UNBLOCK 58 1
587 BLOCK 58 1
588 UNBLOCK 58 1
589 BLOCK 58 1
590 UNBLOCK 58 1
591 BLOCK 58 1
592 UNBLOCK 58 1
593 BLOCK 58 1
594 UNBLOCK 58 1
595 BLOCK 58 1
596 UNBLOCK 58 1
597 BLOCK 58 1
598 UNBLOCK 58 1
599 BLOCK 58 1
600 UNBLOCK 58 1
601 BLOCK 58 1
602 UNBLOCK 58 1
603 BLOCK 58 1
604 UNBLOCK 58 1
605 BLOCK 58 1
606 UNBLOCK 58 1
607 BLOCK 58 1
608 UNBLOCK 58 1
609 BLOCK 58 1
610 UNBLOCK 58 1
611 BLOCK 58 1
612 UNBLOCK 58 1
613 BLOCK 58 1
614 UNBLOCK 58 1
615 BLOCK 58 1
616 UNBLOCK 58 1
617 BLOCK 58 1
618 UNBLOCK 58 1
619 BLOCK 58 1
620 UNBLOCK 58 1
621 BLOCK 58 1
622 UNBLOCK 58 1
623 BLOCK 58 1
624 UNBLOCK 58 1
625 BLOCK 58 1
626 UNBLOCK 58 1
627 BLOCK 58 1
628 UNBLOCK 58 1
629 BLOCK 58 1
630 UNBLOCK 58 1
631 BLOCK 58 1
632 UNBLOCK 58 1
633 BLOCK 58 1
634 UNBLOCK 58 1
635 BLOCK 58 1
636 UNBLOCK 58 1
637 BLOCK 58 1
638 UNBLOCK 58 1
639 BLOCK 58 1
640 UNBLOCK 58 1
641 BLOCK 58 1
642 UNBLOCK 58 1
643 BLOCK 58 1
644 UNBLOCK 58 1
645 BLOCK 58 1
646 UNBLOCK 58 1
647 BLOCK 58 1
648 UNBLOCK 58 1
649 BLOCK 58 1
