150 100 4000
######################################################################################################################################################
#.....C.............C.............C.............C.............C.............C.............C.............C.............C.............C................#
#....................................................................................................................................................#
#....................................................................................................................................................#
#.....#######..#########..######..######..#######..#########..#########..########..######..########..#########..######..#########..########..#####...#
#....................................................................................................................................................#
#....................................................................................................................................................#
#.....#######..######..########..########..#######..######..#######..######..#########..#########..#########..########..#########..######..#######...#
#....................................................................................................................................................#
#....................................................................................................................................................#
#.....######..#########..########..######..########..#######..########..######..########..########..######..#########..########..######..########....#
#....................................................................................................................................................#
#....................................................................................................................................................#
#.....########..######..########..########..######..#######..#######..#########..######..######..#########..#######..######..########..#######..##...#
#....................................................................................................................................................#
#....................................................................................................................................................#
#.....#######..#########..########..#######..########..#########..#######..#######..#######..#########..######..########..#######..########..#####...#
#....................................................................................................................................................#
#....................................................................................................................................................#
#.....######..#########..######..#########..#########..#######..########..#########..#######..######..#########..#######..########..#######..#####...#
#....................................................................................................................................................#
#....................................................................................................................................................#
#.....########..########..########..#######..#########..#########..########..#########..######..#########..#########..#######..#########..#######....#
#....................................................................................................................................................#
#....................................................................................................................................................#
#.....#########..######..#########..#######..#########..#########..#########..######..#########..######..#######..########..#########..#######..##...#
#....................................................................................................................................................#
#....................................................................................................................................................#
#.....######..#########..######..#########..########..######..######..#######..#######..#########..#########..#########..########..#######..######...#
#....................................................................................................................................................#
#....................................................................................................................................................#
#.....#######..#######..########..######..######..######..########..########..#########..#########..#######..#######..#########..######..#######.....#
#....................................................................................................................................................#
#....................................................................................................................................................#
#.....########..#######..#######..########..#######..#######..#########..#######..########..########..#######..#######..######..#########..#######...#
#....................................................................................................................................................#
#....................................................................................................................................................#
#.....########..#########..######..#######..#######..#######..########..########..########..#########..########..#######..######..#######..#######...#
#....................................................................................................................................................#
#....................................................................................................................................................#
#.....######..######..######..######..#######..######..######..######..#######..######..#######..######..######..######..######..#########..######...#
#....................................................................................................................................................#
#....................................................................................................................................................#
#.....########..######..#######..########..######..#######..#########..########..########..#######..#######..#######..######..########..########.....#
#....................................................................................................................................................#
#....................................................................................................................................................#
#.....#########..######..########..########..#########..#######..######..#########..#########..######..######..#########..######..#######..#######...#
#....................................................................................................................................................#
#....................................................................................................................................................#
#.....########..########..#########..######..#########..#######..######..######..######..######..#######..######..#########..#########..#########....#
#....................................................................................................................................................#
#....................................................................................................................................................#
#.....#######..#######..#########..#########..######..######..#########..#######..########..########..#######..#######..########..#######..######....#
#....................................................................................................................................................#
#....................................................................................................................................................#
#.....#########..######..########..######..#######..#########..#######..#######..########..#######..######..########..#######..########..######..#...#
#....................................................................................................................................................#
#....................................................................................................................................................#
#.....########..#######..######..#########..########..######..#########..#########..#########..#######..########..######..#########..######..#####...#
#....................................................................................................................................................#
#....................................................................................................................................................#
#.....######..######..#########..#########..######..#######..#########..########..#########..#########..#########..#######..#########..########..#...#
#....................................................................................................................................................#
#....................................................................................................................................................#
#.....#########..#######..#########..######..#########..########..#########..######..#######..#########..#########..#########..########..########....#
#....................................................................................................................................................#
#....................................................................................................................................................#
#.....######..########..#########..#######..#########..#########..#########..#######..#########..#######..#######..########..######..#######..####...#
#....................................................................................................................................................#
#....................................................................................................................................................#
#.....#########..########..########..#######..######..#######..#######..########..########..#######..#########..########..########..#######..#####...#
#....................................................................................................................................................#
#....................................................................................................................................................#
#.....########..#########..########..########..#######..#######..#########..#########..######..#######..#######..######..#######..#########..#####...#
#....................................................................................................................................................#
#....................................................................................................................................................#
#.....########..########..#######..########..######..######..#########..#########..######..########..#########..########..######..#########..#####...#
#....................................................................................................................................................#
#....................................................................................................................................................#
#.....#########..#########..#######..#########..######..#########..######..########..#######..#########..#########..#########..########..######..#...#
#....................................................................................................................................................#
#....................................................................................................................................................#
#.....########..######..#########..######..########..#######..######..########..#######..#######..#######..#########..######..########..########.....#
#....................................................................................................................................................#
#....................................................................................................................................................#
#.....#########..######..#######..######..#########..#########..#######..#######..########..######..########..#########..######..#########..######...#
#....................................................................................................................................................#
#....................................................................................................................................................#
#.....######..#########..#########..######..#########..########..#########..#########..########..#########..#########..#######..######..######..##...#
#....................................................................................................................................................#
#....................................................................................................................................................#
#.....########..#######..#########..#######..#########..########..########..########..######..######..#######..######..#######..########..#######....#
#....................................................................................................................................................#
#....................................................................................................................................................#
#.....########..######..#######..#########..########..#######..########..#########..######..#######..######..######..#########..######..######..##...#
#....................................................................................................................................................#
#....................................................................................................................................................#
#....................................................................................................................................................#
#....................................................................................................................................................#
######################################################################################################################################################
PARAMS 2000 100 500 30 50 3
ROBOTS 60
112 86
56 31
35 1
8 63
140 80
93 72
30 23
136 36
94 80
60 69
55 27
33 92
72 54
2 31
121 5
129 87
1 91
62 53
35 3
74 33
132 56
128 12
37 63
136 81
24 5
50 23
118 68
6 83
26 66
76 60
41 3
144 92
68 38
49 41
53 83
108 1
109 97
125 24
108 75
134 17
110 21
115 97
104 30
58 51
65 14
88 23
25 59
131 68
10 45
65 41
39 92
53 97
138 11
67 62
87 29
44 25
102 23
122 41
61 24
2 91
EVENTS 1404
2 ORDER 1 128 17 88 98 1
15 ORDER 2 55 93 132 97 0
20 ORDER 3 85 6 25 97 0
23 ORDER 4 90 27 2 20 2
26 ORDER 5 7 8 15 97 0
28 ORDER 6 124 18 107 97 1
29 ORDER 7 23 36 98 97 0
30 ORDER 8 84 60 10 97 2
32 ORDER 9 138 30 2 15 0
38 ORDER 10 37 71 1 42 2
38 CANCEL 100010
39 ORDER 11 138 80 3 88 0
45 BLOCK 22 11
49 ORDER 12 94 6 3 20 1
50 ORDER 13 116 38 2 4 0
55 ORDER 14 70 63 1 68 0
56 ORDER 15 102 81 53 97 0
58 ORDER 16 132 63 3 8 3
60 ORDER 17 38 45 109 97 0
61 ORDER 18 121 87 1 46 0
64 ORDER 19 137 42 101 97 0
67 ORDER 20 53 60 133 98 0
68 ORDER 21 118 60 140 97 0
70 ORDER 22 53 8 98 98 0
72 ORDER 23 24 36 18 98 1
75 ORDER 24 32 87 3 57 1
76 ORDER 25 43 74 138 97 1
78 ORDER 26 105 78 65 97 0
82 ORDER 27 65 53 136 98 3
85 ORDER 28 19 71 3 61 0
100 ORDER 29 65 42 8 98 0
109 ORDER 30 14 84 23 98 1
111 ORDER 31 123 65 30 97 3
114 ORDER 32 16 6 9 97 3
119 ORDER 33 56 39 96 97 2
124 ORDER 34 19 83 41 97 0
125 ORDER 35 30 36 3 19 0
136 ORDER 36 33 65 2 26 1
136 BLOCK 131 89
138 ORDER 37 93 77 69 97 0
143 ORDER 38 108 92 108 97 0
144 ORDER 39 132 20 35 97 0
145 ORDER 40 10 35 3 20 1
146 ORDER 41 56 41 3 9 0
147 ORDER 42 93 35 3 51 1
153 ORDER 43 36 53 31 98 2
156 ORDER 44 98 87 1 76 0
158 ORDER 45 60 44 1 72 1
162 ORDER 46 64 53 37 97 0
163 ORDER 47 124 80 134 97 2
164 ORDER 48 96 56 2 25 0
167 ORDER 49 125 26 1 98 1
168 ORDER 50 7 84 70 97 3
169 CANCEL 32
170 ORDER 51 76 71 2 97 1
179 ORDER 52 63 44 3 13 1
181 ORDER 53 138 50 3 42 2
182 ORDER 54 127 12 2 1 1
189 ORDER 55 63 26 144 98 0
191 ORDER 56 128 44 3 85 0
194 ORDER 57 63 78 1 81 0
194 CANCEL 100057
196 ORDER 58 45 12 3 31 1
197 ORDER 59 136 95 3 9 1
198 ORDER 60 122 56 1 68 0
203 ORDER 61 61 80 93 98 2
207 ORDER 62 90 66 2 88 0
209 ORDER 63 52 24 56 98 0
210 ORDER 64 125 8 1 75 0
216 ORDER 65 13 50 2 76 0
216 BLOCK 10 36
217 ORDER 66 97 3 2 7 0
229 ORDER 67 80 15 3 83 0
231 ORDER 68 95 18 1 97 0
232 ORDER 69 104 73 91 98 0
234 ORDER 70 27 89 3 62 0
242 ORDER 71 52 48 2 82 1
244 ORDER 72 78 77 2 2 1
251 ORDER 73 38 24 3 45 0
256 ORDER 74 137 50 105 97 0
258 ORDER 75 62 45 122 98 0
264 ORDER 76 139 50 2 69 0
267 ORDER 77 143 74 2 85 0
268 ORDER 78 97 36 58 97 0
271 ORDER 79 92 30 68 97 0
278 UNBLOCK 22 11
281 ORDER 80 8 26 1 65 0
282 ORDER 81 95 57 2 93 0
286 ORDER 82 68 39 126 98 2
289 ORDER 83 141 59 109 98 0
291 ORDER 84 88 38 2 28 1
292 ORDER 85 66 71 101 97 0
294 BLOCK 72 4
295 ORDER 86 108 59 1 84 0
297 ORDER 87 18 21 143 98 0
298 CANCEL 54
298 ORDER 88 27 59 94 98 0
300 ORDER 89 115 84 1 80 0
303 ORDER 90 134 90 39 97 0
309 ORDER 91 87 90 3 19 1
313 ORDER 92 65 41 13 97 0
314 BLOCK 78 78
315 ORDER 93 142 5 2 92 0
315 BLOCK 11 84
316 ORDER 94 111 56 89 98 1
320 ORDER 95 115 15 1 66 2
323 ORDER 96 13 38 120 98 2
324 ORDER 97 109 36 3 77 1
326 ORDER 98 73 39 81 98 1
327 ORDER 99 50 90 3 74 2
334 ORDER 100 66 36 21 97 2
336 ORDER 101 43 80 3 23 3
337 ORDER 102 109 74 5 98 1
338 ORDER 103 113 83 1 85 1
339 ORDER 104 11 38 1 53 0
340 ORDER 105 91 45 71 98 0
349 CANCEL 60
351 ORDER 106 105 24 111 98 1
352 ORDER 107 116 90 138 97 1
356 ORDER 108 18 62 3 62 0
365 ORDER 109 35 86 2 24 0
365 BLOCK 111 44
372 UNBLOCK 131 89
374 ORDER 110 29 86 1 88 0
375 ORDER 111 128 42 3 65 0
376 ORDER 112 54 57 68 97 0
377 ORDER 113 18 63 146 98 0
379 ORDER 114 144 87 148 98 0
383 ORDER 115 87 57 56 97 1
384 ORDER 116 137 18 2 33 0
388 UNBLOCK 10 36
390 CANCEL 95
390 ORDER 117 51 92 1 96 0
397 ORDER 118 43 86 83 97 3
403 ORDER 119 10 6 1 17 0
404 ORDER 120 101 11 65 97 0
408 BLOCK 39 60
409 ORDER 121 40 69 84 98 0
412 ORDER 122 69 69 1 46 2
415 ORDER 123 20 87 67 97 1
418 ORDER 124 102 44 1 48 0
422 ORDER 125 128 81 1 92 0
425 ORDER 126 61 66 64 97 3
426 ORDER 127 10 59 3 11 0
427 ORDER 128 19 51 112 98 0
430 ORDER 129 34 6 3 13 0
433 UNBLOCK 72 4
433 ORDER 130 26 27 121 97 0
434 ORDER 131 78 57 129 98 0
441 ORDER 132 58 45 27 97 2
445 ORDER 133 51 63 91 98 0
452 ORDER 134 120 3 18 98 0
453 ORDER 135 98 48 1 31 0
459 UNBLOCK 39 60
464 ORDER 136 91 59 118 97 1
465 ORDER 137 113 53 80 97 0
466 ORDER 138 19 84 69 97 1
468 ORDER 139 20 53 1 51 1
471 ORDER 140 31 56 3 39 0
473 CANCEL 133
475 ORDER 141 112 62 3 54 1
476 ORDER 142 112 95 47 97 1
478 ORDER 143 82 18 42 97 0
480 ORDER 144 7 38 92 97 1
481 ORDER 145 137 14 1 56 0
482 ORDER 146 76 95 133 97 2
487 ORDER 147 43 69 96 98 0
489 UNBLOCK 111 44
493 ORDER 148 80 92 35 97 0
495 ORDER 149 144 59 51 98 0
496 ORDER 150 83 30 1 45 0
499 ORDER 151 37 5 114 98 1
501 ORDER 152 126 24 18 98 0
508 ORDER 153 137 93 88 97 2
509 ORDER 154 77 23 85 98 1
520 ORDER 155 66 8 54 97 1
524 ORDER 156 116 38 91 98 0
525 ORDER 157 24 53 1 96 1
529 ORDER 158 77 51 103 98 3
537 ORDER 159 88 33 3 89 1
538 UNBLOCK 11 84
545 ORDER 160 14 86 3 26 0
546 ORDER 161 49 17 2 11 0
548 ORDER 162 55 68 2 96 0
551 ORDER 163 80 87 38 98 0
559 UNBLOCK 78 78
562 ORDER 164 98 83 61 98 1
566 ORDER 165 50 79 1 54 0
568 ORDER 166 84 48 1 31 0
571 ORDER 167 69 35 2 56 0
572 BLOCK 96 33
573 ORDER 168 124 51 36 98 0
574 ORDER 169 36 18 2 24 0
577 ORDER 170 57 54 99 97 0
579 CANCEL 149
581 ORDER 171 123 81 2 49 0
584 ORDER 172 129 78 2 29 0
588 ORDER 173 11 87 125 98 0
595 ORDER 174 13 23 79 98 0
598 ORDER 175 61 78 2 74 2
599 ORDER 176 142 77 2 51 0
603 ORDER 177 29 81 3 95 2
604 ORDER 178 19 33 86 98 1
606 ORDER 179 130 65 10 98 2
609 ORDER 180 7 17 41 98 2
611 ORDER 181 36 86 3 96 1
612 ORDER 182 48 69 147 97 0
613 CANCEL 134
613 CANCEL 148
618 ORDER 183 47 74 38 98 1
622 CANCEL 125
622 ORDER 184 79 65 23 98 0
627 ORDER 185 69 3 2 16 0
634 ORDER 186 22 35 3 52 2
636 ORDER 187 136 89 33 98 1
637 ORDER 188 118 21 1 88 0
640 ORDER 189 30 35 23 97 0
643 ORDER 190 81 57 35 97 3
645 ORDER 191 30 93 119 97 0
648 ORDER 192 80 6 84 98 3
651 ORDER 193 38 81 1 70 1
652 ORDER 194 8 3 2 82 1
654 ORDER 195 14 71 147 97 1
656 ORDER 196 122 41 58 98 0
661 ORDER 197 20 57 1 26 0
664 ORDER 198 57 84 98 97 0
665 ORDER 199 128 26 134 97 0
667 ORDER 200 13 33 73 98 2
672 ORDER 201 141 65 3 57 0
673 ORDER 202 136 89 2 59 0
674 CANCEL 185
675 ORDER 203 118 57 2 48 0
685 ORDER 204 20 78 3 89 0
686 ORDER 205 116 62 2 30 2
689 ORDER 206 98 87 2 45 0
691 ORDER 207 107 78 3 55 0
692 CANCEL 170
692 ORDER 208 73 59 121 97 0
693 ORDER 209 60 20 139 98 0
695 BLOCK 58 30
697 ORDER 210 139 68 3 15 0
699 ORDER 211 90 15 142 98 2
701 ORDER 212 37 47 2 4 0
707 ORDER 213 132 18 3 63 0
708 ORDER 214 19 45 2 67 1
717 ORDER 215 127 71 52 97 0
724 ORDER 216 55 95 144 98 0
726 ORDER 217 135 57 1 43 0
730 ORDER 218 23 78 12 97 0
738 ORDER 219 143 47 78 98 0
741 ORDER 220 32 81 95 97 0
748 ORDER 221 108 72 1 6 1
751 ORDER 222 134 90 3 70 1
752 ORDER 223 16 27 64 98 0
753 ORDER 224 144 75 34 98 1
756 ORDER 225 93 69 3 94 3
760 CANCEL 167
760 ORDER 226 77 51 48 98 0
762 ORDER 227 73 44 2 5 0
768 ORDER 228 66 71 3 19 2
772 ORDER 229 127 83 2 89 0
776 ORDER 230 10 80 76 97 0
779 ORDER 231 126 72 1 36 0
786 ORDER 232 57 89 2 6 0
787 ORDER 233 133 84 47 98 0
788 ORDER 234 69 26 138 97 0
789 ORDER 235 90 65 3 58 1
790 BLOCK 20 5
792 ORDER 236 105 62 138 97 0
795 ORDER 237 67 69 1 41 0
796 ORDER 238 100 81 2 77 0
799 UNBLOCK 96 33
800 CANCEL 220
802 ORDER 239 70 68 1 13 0
803 ORDER 240 141 12 1 32 1
805 ORDER 241 11 59 24 97 1
806 ORDER 242 10 69 100 97 0
821 ORDER 243 16 87 135 97 2
824 ORDER 244 46 75 3 76 0
828 ORDER 245 8 21 16 97 0
835 ORDER 246 142 18 130 98 1
836 ORDER 247 68 30 2 18 1
840 ORDER 248 135 3 15 98 0
848 ORDER 249 11 78 1 26 0
849 ORDER 250 44 39 1 10 1
855 ORDER 251 39 45 59 97 0
858 ORDER 252 107 86 125 97 1
859 ORDER 253 104 14 2 96 2
861 ORDER 254 44 42 1 46 0
862 ORDER 255 117 19 53 97 0
864 ORDER 256 119 30 34 98 0
865 ORDER 257 53 90 1 52 1
870 ORDER 258 31 78 49 97 0
879 ORDER 259 100 81 3 11 0
883 ORDER 260 37 27 3 53 0
886 BLOCK 138 28
889 CANCEL 255
890 ORDER 261 107 59 3 48 0
895 ORDER 262 22 74 84 98 1
900 ORDER 263 105 65 3 69 1
901 ORDER 264 111 66 36 97 0
907 ORDER 265 111 86 141 98 1
911 ORDER 266 82 83 2 94 0
915 ORDER 267 79 75 3 88 0
919 UNBLOCK 58 30
920 ORDER 268 97 84 1 55 0
922 BLOCK 132 57
925 ORDER 269 38 33 1 97 0
930 ORDER 270 44 80 137 97 0
932 ORDER 271 20 92 3 47 1
933 ORDER 272 47 62 132 97 0
934 ORDER 273 95 6 30 97 0
938 ORDER 274 69 66 132 98 1
940 ORDER 275 26 60 2 30 0
942 ORDER 276 77 12 2 23 1
948 ORDER 277 49 63 119 98 0
949 ORDER 278 92 26 1 29 1
950 UNBLOCK 20 5
951 ORDER 279 59 81 1 82 0
952 ORDER 280 140 51 145 98 0
957 ORDER 281 135 53 3 97 3
958 ORDER 282 11 23 2 92 0
960 ORDER 283 9 44 1 57 1
962 ORDER 284 54 75 26 97 0
965 ORDER 285 15 27 57 97 0
968 ORDER 286 70 15 130 98 2
969 ORDER 287 91 47 2 66 3
970 ORDER 288 124 72 113 97 0
977 ORDER 289 70 26 3 6 0
978 ORDER 290 138 78 3 32 2
981 BLOCK 68 21
982 ORDER 291 38 12 124 97 1
989 ORDER 292 116 24 115 97 1
991 ORDER 293 44 33 82 97 2
993 BLOCK 34 57
1001 ORDER 294 70 84 53 97 1
1002 ORDER 295 37 47 2 2 0
1010 ORDER 296 139 53 2 39 0
1013 ORDER 297 91 59 1 81 0
1014 ORDER 298 34 86 3 66 0
1016 ORDER 299 6 26 2 57 0
1017 ORDER 300 124 51 32 98 2
1021 ORDER 301 83 33 2 56 1
1025 ORDER 302 78 36 142 98 0
1027 ORDER 303 35 54 3 59 1
1029 ORDER 304 16 90 66 97 1
1033 ORDER 305 87 62 15 98 0
1035 UNBLOCK 138 28
1036 ORDER 306 132 11 111 97 0
1037 ORDER 307 55 3 1 84 0
1038 ORDER 308 124 27 1 79 2
1048 ORDER 309 98 68 1 90 2
1050 ORDER 310 119 17 59 98 2
1052 ORDER 311 97 35 2 37 0
1056 ORDER 312 87 17 2 71 2
1059 ORDER 313 132 24 136 98 1
1060 ORDER 314 75 59 2 6 0
1062 ORDER 315 135 71 2 59 0
1063 ORDER 316 56 87 3 34 0
1072 UNBLOCK 34 57
1072 ORDER 317 29 95 25 98 0
1072 CANCEL 100317
1072 BLOCK 38 8
1073 ORDER 318 11 86 61 98 1
1074 ORDER 319 102 26 1 83 1
1076 ORDER 320 101 14 3 88 0
1078 ORDER 321 6 24 107 98 0
1081 ORDER 322 67 3 42 97 0
1082 BLOCK 53 57
1085 BLOCK 21 18
1089 ORDER 323 58 59 33 97 2
1090 ORDER 324 114 18 1 85 0
1092 ORDER 325 144 95 98 97 1
1093 ORDER 326 30 72 1 47 0
1094 ORDER 327 132 80 29 97 1
1095 CANCEL 325
1096 ORDER 328 142 92 3 88 0
1098 CANCEL 282
1100 ORDER 329 114 95 78 97 1
1107 UNBLOCK 132 57
1108 ORDER 330 29 32 7 97 0
1110 ORDER 331 32 21 15 97 0
1111 ORDER 332 92 50 51 98 3
1112 ORDER 333 124 84 2 96 1
1116 ORDER 334 44 36 2 94 1
1119 ORDER 335 45 90 2 75 0
1124 ORDER 336 27 83 1 22 2
1128 ORDER 337 68 56 1 86 0
1131 BLOCK 67 24
1133 ORDER 338 67 90 122 98 0
1134 ORDER 339 52 23 2 95 2
1135 ORDER 340 118 60 135 97 1
1138 ORDER 341 66 89 2 81 0
1140 ORDER 342 23 72 3 85 0
1142 ORDER 343 17 75 100 98 1
1146 ORDER 344 29 38 138 97 3
1147 ORDER 345 6 30 40 98 0
1149 UNBLOCK 68 21
1161 ORDER 346 69 63 3 58 1
1164 BLOCK 16 30
1165 ORDER 347 10 24 70 98 2
1169 ORDER 348 98 24 1 20 0
1170 BLOCK 115 97
1175 BLOCK 107 78
1176 ORDER 349 108 59 17 98 1
1177 ORDER 350 129 18 64 97 1
1185 ORDER 351 46 87 45 98 0
1186 ORDER 352 52 74 3 52 1
1187 ORDER 353 76 3 2 36 0
1190 ORDER 354 37 54 1 50 0
1193 ORDER 355 45 38 32 97 2
1195 ORDER 356 145 95 2 25 0
1199 ORDER 357 63 75 77 97 1
1202 ORDER 358 124 30 13 98 0
1204 ORDER 359 101 14 3 38 1
1209 ORDER 360 118 74 3 80 1
1211 UNBLOCK 21 18
1213 ORDER 361 83 9 18 98 0
1217 ORDER 362 30 24 3 98 0
1218 UNBLOCK 38 8
1219 ORDER 363 102 53 31 98 1
1220 BLOCK 40 56
1221 ORDER 364 141 62 2 57 0
1222 ORDER 365 24 14 3 56 0
1223 ORDER 366 91 48 69 98 1
1225 ORDER 367 131 62 104 97 0
1231 ORDER 368 52 32 15 98 0
1232 ORDER 369 11 77 1 41 1
1234 ORDER 370 75 27 120 98 0
1236 ORDER 371 140 83 2 13 0
1239 ORDER 372 9 5 2 4 0
1244 ORDER 373 99 8 110 98 0
1247 ORDER 374 101 6 3 29 1
1249 ORDER 375 141 39 3 57 0
1250 UNBLOCK 107 78
1251 ORDER 376 8 38 1 24 1
1254 ORDER 377 57 21 63 97 0
1255 ORDER 378 75 39 28 97 0
1261 ORDER 379 63 78 92 98 0
1262 ORDER 380 31 50 115 97 0
1263 ORDER 381 138 32 3 42 1
1264 CANCEL 330
1264 ORDER 382 36 35 3 46 0
1265 UNBLOCK 67 24
1265 ORDER 383 35 33 69 98 0
1271 UNBLOCK 53 57
1273 BLOCK 99 90
1275 ORDER 384 35 39 115 97 0
1283 ORDER 385 6 12 1 64 0
1284 CANCEL 331
1286 ORDER 386 116 62 67 97 0
1289 ORDER 387 40 35 13 97 0
1292 CANCEL 377
1292 ORDER 388 37 21 3 18 0
1294 ORDER 389 104 74 2 11 0
1296 ORDER 390 139 62 36 98 0
1300 ORDER 391 76 47 3 60 1
1307 ORDER 392 92 45 91 97 2
1310 ORDER 393 70 14 3 8 0
1313 ORDER 394 40 48 13 97 0
1320 ORDER 395 40 42 105 98 1
1321 ORDER 396 40 66 1 35 2
1329 ORDER 397 18 29 2 63 0
1331 ORDER 398 99 47 3 13 1
1333 ORDER 399 122 23 3 25 0
1334 ORDER 400 29 93 1 24 1
1336 ORDER 401 86 75 112 98 0
1337 UNBLOCK 16 30
1342 ORDER 402 50 35 3 46 3
1345 ORDER 403 14 45 119 97 3
1346 ORDER 404 133 39 25 97 1
1349 UNBLOCK 115 97
1352 ORDER 405 54 56 3 13 1
1357 ORDER 406 69 90 46 98 1
1361 ORDER 407 6 41 1 53 2
1361 CANCEL 100407
1365 UNBLOCK 40 56
1365 ORDER 408 29 74 4 98 0
1366 ORDER 409 16 35 1 51 0
1367 ORDER 410 19 24 26 97 0
1371 ORDER 411 98 39 46 97 1
1372 ORDER 412 95 63 1 94 0
1373 ORDER 413 9 60 98 98 0
1382 ORDER 414 10 30 14 98 0
1387 ORDER 415 35 3 3 78 0
1388 ORDER 416 142 71 79 97 0
1389 ORDER 417 86 38 21 97 2
1391 ORDER 418 66 38 3 36 1
1392 ORDER 419 100 63 48 98 0
1393 ORDER 420 103 48 2 6 0
1394 ORDER 421 107 83 85 97 0
1396 ORDER 422 73 69 3 16 0
1397 ORDER 423 88 33 1 69 0
1403 ORDER 424 37 20 124 97 0
1406 ORDER 425 130 57 79 98 0
1407 ORDER 426 37 6 1 7 1
1411 ORDER 427 60 93 128 97 0
1412 ORDER 428 27 47 1 38 0
1414 ORDER 429 55 57 3 24 1
1416 ORDER 430 70 86 138 97 0
1423 ORDER 431 104 30 3 37 3
1425 ORDER 432 7 11 1 42 0
1435 UNBLOCK 99 90
1438 ORDER 433 51 44 1 98 0
1439 ORDER 434 12 17 3 44 0
1441 ORDER 435 126 74 38 98 2
1445 ORDER 436 7 50 86 97 0
1450 ORDER 437 19 95 3 64 0
1452 ORDER 438 36 52 3 72 1
1453 ORDER 439 17 92 3 18 0
1460 ORDER 440 47 77 3 98 0
1463 ORDER 441 81 27 2 72 0
1464 CANCEL 424
1465 ORDER 442 64 56 2 67 0
1468 ORDER 443 41 95 1 67 0
1477 ORDER 444 89 50 1 27 2
1482 ORDER 445 92 8 111 98 0
1487 ORDER 446 123 65 41 97 3
1491 ORDER 447 121 41 2 92 0
1494 ORDER 448 80 11 3 87 0
1495 ORDER 449 80 32 40 98 0
1496 CANCEL 100449
1500 ORDER 450 51 41 2 40 0
1509 BLOCK 83 80
1511 ORDER 451 138 54 142 97 0
1512 ORDER 452 117 84 2 17 1
1516 ORDER 453 93 12 68 98 0
1519 ORDER 454 119 65 137 98 0
1520 BLOCK 137 17
1521 ORDER 455 7 15 99 98 0
1522 ORDER 456 20 45 3 53 1
1523 ORDER 457 9 51 69 97 2
1526 ORDER 458 49 11 3 25 0
1528 ORDER 459 45 66 3 65 0
1529 ORDER 460 60 95 1 41 2
1532 ORDER 461 144 63 3 68 0
1534 ORDER 462 131 56 2 61 1
1536 ORDER 463 94 80 1 2 2
1537 ORDER 464 28 48 1 28 0
1542 ORDER 465 72 29 100 98 0
1543 ORDER 466 8 60 19 97 0
1546 ORDER 467 110 54 98 98 1
1551 ORDER 468 15 30 2 57 0
1553 ORDER 469 20 81 84 97 0
1556 ORDER 470 83 5 1 76 0
1564 ORDER 471 122 47 8 97 0
1570 ORDER 472 18 32 3 55 1
1573 ORDER 473 54 69 3 95 2
1573 BLOCK 109 90
1575 ORDER 474 60 26 1 5 1
1576 ORDER 475 51 78 3 36 0
1578 ORDER 476 70 14 49 98 1
1581 ORDER 477 84 51 3 34 0
1589 ORDER 478 76 95 58 97 0
1593 ORDER 479 6 45 139 98 2
1600 ORDER 480 29 92 45 98 0
1601 ORDER 481 29 84 1 49 0
1605 CANCEL 431
1610 ORDER 482 6 23 3 57 0
1611 ORDER 483 118 78 10 97 1
1612 ORDER 484 134 23 125 97 0
1613 ORDER 485 71 72 12 97 1
1618 ORDER 486 106 35 59 98 0
1621 ORDER 487 17 8 3 37 0
1625 ORDER 488 41 95 114 97 1
1626 ORDER 489 79 24 98 97 1
1629 ORDER 490 12 77 3 22 2
1635 ORDER 491 107 23 1 45 0
1637 ORDER 492 98 20 1 24 0
1638 ORDER 493 101 50 1 87 1
1642 ORDER 494 81 39 24 98 0
1646 ORDER 495 141 39 2 1 0
1647 ORDER 496 87 93 50 97 2
1652 ORDER 497 18 69 55 97 1
1658 ORDER 498 145 54 2 98 3
1659 ORDER 499 47 44 15 97 3
1663 ORDER 500 46 65 2 48 0
1665 ORDER 501 118 23 3 13 1
1667 ORDER 502 92 29 1 39 1
1668 ORDER 503 126 26 4 97 2
1672 UNBLOCK 109 90
1672 ORDER 504 25 92 3 48 0
1673 ORDER 505 65 11 3 3 0
1675 ORDER 506 111 11 4 98 0
1676 ORDER 507 71 83 3 57 0
1679 ORDER 508 27 15 82 97 1
1680 ORDER 509 29 66 40 98 1
1681 UNBLOCK 83 80
1686 ORDER 510 110 89 144 98 0
1688 BLOCK 61 14
1694 ORDER 511 67 20 1 62 2
1696 ORDER 512 63 75 2 23 1
1697 ORDER 513 6 11 3 98 0
1706 ORDER 514 53 32 3 50 0
1707 UNBLOCK 137 17
1708 ORDER 515 145 29 3 12 0
1711 ORDER 516 94 63 2 57 0
1718 ORDER 517 85 65 16 97 1
1721 ORDER 518 50 39 1 10 0
1723 BLOCK 73 35
1724 ORDER 519 132 53 3 55 1
1728 ORDER 520 135 57 90 97 0
1729 ORDER 521 90 18 3 7 3
1730 ORDER 522 46 83 114 98 0
1731 ORDER 523 50 9 110 97 0
1732 ORDER 524 8 27 3 8 0
1737 ORDER 525 58 78 38 97 0
1741 ORDER 526 65 93 111 98 0
1742 ORDER 527 85 44 3 62 0
1743 ORDER 528 65 51 3 58 0
1748 ORDER 529 144 66 68 97 0
1750 ORDER 530 118 21 72 97 0
1752 ORDER 531 56 56 37 97 0
1753 ORDER 532 113 92 3 62 0
1755 ORDER 533 108 11 2 82 0
1758 ORDER 534 29 71 2 38 3
1759 ORDER 535 26 86 139 97 0
1765 ORDER 536 132 26 17 97 0
1769 ORDER 537 101 81 101 98 1
1771 ORDER 538 14 9 85 98 0
1773 ORDER 539 6 30 3 34 0
1777 ORDER 540 123 29 51 98 2
1780 ORDER 541 37 42 2 86 0
1781 ORDER 542 123 38 2 88 3
1783 ORDER 543 18 35 3 22 1
1785 ORDER 544 79 57 39 97 0
1786 ORDER 545 136 89 2 96 0
1787 ORDER 546 55 15 45 97 0
1790 ORDER 547 139 38 23 98 1
1793 ORDER 548 81 42 37 97 1
1800 ORDER 549 103 27 103 98 0
1803 BLOCK 35 70
1807 ORDER 550 142 9 3 27 0
1808 ORDER 551 50 17 123 97 0
1810 ORDER 552 37 81 23 98 1
1816 ORDER 553 137 78 36 98 2
1821 ORDER 554 131 54 36 97 2
1822 BLOCK 113 66
1823 ORDER 555 38 44 1 18 0
1824 ORDER 556 25 14 113 97 0
1825 ORDER 557 43 83 81 97 0
1826 ORDER 558 58 59 2 75 0
1830 ORDER 559 107 75 15 98 1
1831 ORDER 560 142 59 1 28 0
1833 ORDER 561 20 33 1 73 0
1835 ORDER 562 79 47 3 21 3
1841 ORDER 563 8 16 50 97 0
1843 ORDER 564 30 63 147 98 1
1845 ORDER 565 31 56 145 98 0
1846 ORDER 566 29 29 37 98 1
1847 ORDER 567 9 68 32 98 1
1853 ORDER 568 117 51 1 66 0
1855 ORDER 569 8 62 141 97 0
1858 ORDER 570 94 78 3 41 0
1861 ORDER 571 55 35 3 36 0
1862 UNBLOCK 35 70
1864 ORDER 572 128 78 90 98 0
1867 ORDER 573 102 48 91 98 0
1868 ORDER 574 65 75 2 4 0
1871 ORDER 575 59 24 146 97 2
1879 ORDER 576 15 5 1 26 0
1888 ORDER 577 110 38 25 98 0
1890 ORDER 578 84 77 58 97 2
1893 ORDER 579 89 45 1 44 0
1897 ORDER 580 48 90 12 97 0
1901 ORDER 581 123 90 114 98 0
1902 ORDER 582 78 20 57 98 0
1909 ORDER 583 33 93 3 73 0
1911 ORDER 584 6 17 2 24 0
1914 ORDER 585 121 9 3 60 0
1920 CANCEL 521
1920 ORDER 586 131 74 33 98 2
1928 ORDER 587 124 11 110 98 0
1929 UNBLOCK 61 14
1932 ORDER 588 51 41 1 66 0
1933 ORDER 589 78 77 45 97 2
1935 ORDER 590 46 18 1 95 3
1939 ORDER 591 69 38 47 98 1
1939 CANCEL 100591
1940 ORDER 592 14 47 3 79 0
1941 ORDER 593 124 23 145 97 0
1942 ORDER 594 120 50 73 97 0
1943 ORDER 595 69 63 98 97 1
1945 ORDER 596 16 15 37 98 0
1946 ORDER 597 47 75 64 97 0
1950 ORDER 598 119 68 3 67 1
1954 ORDER 599 30 57 2 89 0
1958 ORDER 600 143 36 25 98 3
1960 ORDER 601 112 66 2 96 3
1963 ORDER 602 90 59 44 97 0
1968 UNBLOCK 73 35
1972 ORDER 603 18 20 92 97 1
1973 ORDER 604 50 26 49 97 0
1976 ORDER 605 26 3 2 51 0
1977 BLOCK 114 74
1984 ORDER 606 59 93 63 98 0
1986 ORDER 607 113 8 106 98 0
1992 ORDER 608 112 51 49 97 0
1997 ORDER 609 57 51 3 5 0
2001 ORDER 610 47 27 34 98 0
2002 ORDER 611 41 71 1 89 0
2010 ORDER 612 39 24 2 2 0
2011 BLOCK 40 3
2015 ORDER 613 8 50 84 97 0
2019 BLOCK 84 84
2024 UNBLOCK 113 66
2029 ORDER 614 144 89 25 97 1
2031 ORDER 615 99 29 1 61 1
2032 ORDER 616 28 66 118 97 3
2035 ORDER 617 47 3 1 41 3
2037 ORDER 618 76 9 131 97 0
2040 ORDER 619 32 38 2 63 0
2041 ORDER 620 78 18 1 78 0
2041 BLOCK 59 26
2043 ORDER 621 18 32 107 98 2
2045 ORDER 622 40 40 58 97 3
2047 ORDER 623 73 27 131 97 1
2053 ORDER 624 8 12 112 97 0
2057 CANCEL 584
2061 CANCEL 100624
2063 CANCEL 100624
2064 CANCEL 611
2067 ORDER 625 75 20 1 62 1
2074 ORDER 626 145 38 1 71 0
2075 ORDER 627 110 41 2 37 0
2082 ORDER 628 26 14 2 88 0
2083 ORDER 629 94 53 1 69 0
2090 ORDER 630 66 35 33 97 2
2091 ORDER 631 53 63 2 98 1
2097 UNBLOCK 40 3
2097 ORDER 632 121 51 2 38 1
2100 UNBLOCK 114 74
2101 ORDER 633 145 6 134 97 0
2103 ORDER 634 145 68 1 82 0
2109 BLOCK 79 74
2111 UNBLOCK 84 84
2113 ORDER 635 17 15 3 50 0
2119 ORDER 636 93 77 1 52 0
2121 ORDER 637 101 59 2 75 1
2123 ORDER 638 131 45 2 42 0
2124 ORDER 639 76 57 2 58 2
2130 ORDER 640 25 83 40 97 1
2134 BLOCK 40 95
2135 ORDER 641 107 24 3 96 0
2136 ORDER 642 137 29 3 46 0
2139 BLOCK 129 56
2141 ORDER 643 111 14 2 11 0
2152 ORDER 644 21 92 34 97 0
2159 ORDER 645 20 93 2 95 1
2163 BLOCK 123 17
2165 ORDER 646 23 78 48 97 0
2168 ORDER 647 62 14 1 57 0
2170 ORDER 648 43 56 3 11 0
2176 ORDER 649 30 66 1 34 0
2179 ORDER 650 97 23 136 97 0
2181 ORDER 651 38 18 2 44 0
2182 ORDER 652 141 39 128 97 0
2183 ORDER 653 9 36 12 97 0
2187 ORDER 654 82 39 2 70 0
2189 ORDER 655 83 69 92 97 0
2192 ORDER 656 29 51 2 20 1
2193 ORDER 657 86 56 35 97 1
2201 ORDER 658 134 27 1 15 2
2205 BLOCK 18 24
2208 ORDER 659 105 95 118 97 1
2209 ORDER 660 108 80 85 98 0
2213 ORDER 661 51 20 133 98 0
2215 ORDER 662 106 68 148 98 0
2218 ORDER 663 110 38 2 11 1
2220 ORDER 664 95 42 130 97 0
2230 ORDER 665 57 66 1 45 0
2235 ORDER 666 39 51 3 76 0
2237 ORDER 667 130 75 80 97 0
2239 UNBLOCK 59 26
2244 ORDER 668 58 62 12 97 1
2257 ORDER 669 22 45 5 98 0
2258 ORDER 670 48 75 1 31 0
2260 ORDER 671 18 80 36 97 0
2262 ORDER 672 86 36 107 97 1
2264 ORDER 673 107 80 38 98 3
2265 ORDER 674 102 56 3 90 0
2271 ORDER 675 89 35 1 13 0
2273 ORDER 676 74 83 145 98 1
2276 UNBLOCK 123 17
2276 ORDER 677 136 53 65 97 0
2279 ORDER 678 70 57 3 5 0
2281 ORDER 679 108 23 130 97 0
2282 UNBLOCK 79 74
2284 ORDER 680 16 36 143 97 1
2285 ORDER 681 6 41 2 7 0
2286 ORDER 682 20 17 3 52 1
2291 ORDER 683 100 44 71 97 0
2292 ORDER 684 21 38 99 98 1
2298 UNBLOCK 18 24
2299 ORDER 685 131 8 3 88 0
2301 ORDER 686 83 50 50 97 1
2306 ORDER 687 39 21 3 44 0
2307 ORDER 688 117 95 2 76 1
2307 BLOCK 28 56
2313 BLOCK 76 6
2314 ORDER 689 122 38 2 91 1
2315 ORDER 690 26 59 2 14 0
2320 ORDER 691 59 86 93 98 1
2323 ORDER 692 130 63 3 93 3
2324 ORDER 693 51 20 4 98 1
2326 UNBLOCK 129 56
2334 ORDER 694 36 57 2 57 1
2336 ORDER 695 21 92 118 97 1
2345 ORDER 696 64 75 18 98 0
2346 CANCEL 665
2350 ORDER 697 129 78 1 2 0
2351 ORDER 698 27 84 46 98 0
2354 ORDER 699 37 38 3 96 0
2354 BLOCK 76 95
2356 ORDER 700 93 95 118 98 1
2359 ORDER 701 86 18 1 26 2
2360 ORDER 702 57 71 69 97 0
2364 ORDER 703 110 27 103 97 0
2367 ORDER 704 41 72 56 98 0
2369 ORDER 705 62 83 1 41 0
2371 ORDER 706 109 48 8 97 1
2372 BLOCK 32 12
2380 ORDER 707 53 72 3 19 0
2382 UNBLOCK 40 95
2382 ORDER 708 112 44 1 98 0
2385 ORDER 709 136 15 2 80 0
2390 ORDER 710 45 33 1 78 3
2392 ORDER 711 132 53 143 98 0
2397 ORDER 712 127 29 135 97 0
2399 ORDER 713 11 75 2 1 1
2400 ORDER 714 126 15 14 98 1
2401 ORDER 715 35 56 14 97 1
2403 CANCEL 673
2404 ORDER 716 106 24 120 97 0
2405 ORDER 717 32 74 1 35 0
2406 ORDER 718 10 17 16 97 0
2407 ORDER 719 58 3 132 97 2
2410 ORDER 720 83 53 42 98 0
2412 ORDER 721 82 63 75 97 3
2416 ORDER 722 35 51 111 98 2
2421 ORDER 723 51 47 38 98 1
2422 ORDER 724 57 56 134 98 1
2424 ORDER 725 39 11 2 90 1
2431 ORDER 726 91 20 3 55 0
2434 UNBLOCK 28 56
2441 BLOCK 53 59
2442 ORDER 727 52 78 9 97 2
2443 ORDER 728 17 39 88 98 0
2445 ORDER 729 17 81 68 97 0
2447 ORDER 730 129 69 119 97 0
2455 ORDER 731 84 6 3 22 1
2461 UNBLOCK 32 12
2461 ORDER 732 94 42 3 59 1
2464 ORDER 733 106 39 90 97 0
2464 BLOCK 140 32
2465 ORDER 734 47 77 3 77 0
2469 ORDER 735 68 35 48 98 0
2470 BLOCK 139 63
2471 ORDER 736 36 83 105 97 1
2472 ORDER 737 55 29 2 94 1
2476 ORDER 738 74 93 3 35 1
2476 BLOCK 14 45
2481 ORDER 739 114 56 1 27 1
2485 ORDER 740 50 77 3 38 0
2489 ORDER 741 85 56 33 97 0
2494 ORDER 742 113 92 3 74 0
2496 ORDER 743 9 62 55 97 0
2501 ORDER 744 11 36 16 98 2
2502 ORDER 745 118 54 79 97 1
2503 ORDER 746 91 9 1 84 0
2506 ORDER 747 31 87 142 98 0
2509 ORDER 748 103 89 87 98 0
2511 ORDER 749 18 20 1 55 1
2513 ORDER 750 74 30 36 97 3
2513 BLOCK 124 44
2517 ORDER 751 82 21 1 43 0
2518 ORDER 752 109 80 128 98 1
2521 ORDER 753 103 27 2 28 0
2523 UNBLOCK 76 6
2523 ORDER 754 137 18 135 98 0
2524 ORDER 755 100 24 135 98 1
2527 ORDER 756 37 57 42 97 1
2528 ORDER 757 68 66 1 84 0
2530 ORDER 758 17 15 40 98 1
2532 ORDER 759 81 93 135 98 0
2535 ORDER 760 24 53 75 98 3
2536 ORDER 761 80 41 94 98 0
2537 ORDER 762 80 27 48 98 0
2541 ORDER 763 41 33 3 44 1
2542 ORDER 764 52 17 100 98 0
2544 ORDER 765 122 47 1 90 0
2546 ORDER 766 40 21 1 62 2
2547 ORDER 767 36 56 54 97 0
2548 ORDER 768 77 47 6 97 0
2549 ORDER 769 36 89 6 98 0
2554 ORDER 770 12 95 58 98 0
2559 UNBLOCK 53 59
2567 ORDER 771 82 44 14 97 0
2568 UNBLOCK 139 63
2568 ORDER 772 32 90 97 97 1
2569 UNBLOCK 140 32
2570 ORDER 773 78 90 1 12 0
2574 ORDER 774 83 41 61 98 0
2576 ORDER 775 42 48 1 46 0
2582 ORDER 776 108 77 2 26 0
2584 ORDER 777 142 45 120 98 0
2586 ORDER 778 127 27 3 69 0
2590 ORDER 779 39 95 2 23 0
2591 ORDER 780 84 37 26 97 0
2592 UNBLOCK 76 95
2592 ORDER 781 88 59 127 97 1
2594 ORDER 782 95 8 98 97 0
2595 ORDER 783 25 39 2 23 3
2596 ORDER 784 88 86 1 52 0
2597 ORDER 785 69 36 14 98 0
2598 ORDER 786 145 12 139 98 1
2602 ORDER 787 117 35 13 97 0
2604 BLOCK 125 95
2605 BLOCK 36 92
2606 ORDER 788 37 72 1 62 1
2608 ORDER 789 101 48 8 97 1
2614 ORDER 790 44 66 2 29 0
2615 ORDER 791 77 38 137 98 3
2623 ORDER 792 131 89 3 13 2
2623 BLOCK 14 66
2624 ORDER 793 44 66 1 88 0
2629 ORDER 794 109 4 3 61 0
2632 ORDER 795 94 62 51 97 2
2640 ORDER 796 85 27 92 98 0
2654 ORDER 797 141 51 1 58 1
2657 ORDER 798 36 87 2 97 1
2658 ORDER 799 60 54 2 27 0
2658 BLOCK 90 8
2661 ORDER 800 6 74 126 98 1
2661 BLOCK 75 92
2662 ORDER 801 7 54 2 60 0
2662 BLOCK 11 8
2664 ORDER 802 95 6 2 31 0
2666 ORDER 803 71 78 144 97 1
2674 ORDER 804 145 29 17 97 0
2676 BLOCK 39 11
2677 ORDER 805 31 35 2 48 2
2679 UNBLOCK 36 92
2679 ORDER 806 8 74 24 97 0
2682 ORDER 807 59 36 124 97 0
2689 ORDER 808 140 84 2 19 0
2690 ORDER 809 112 53 2 6 1
2691 UNBLOCK 14 45
2697 BLOCK 38 23
2698 ORDER 810 111 30 2 21 2
2700 CANCEL 803
2702 UNBLOCK 124 44
2702 ORDER 811 121 92 63 97 0
2709 ORDER 812 39 86 116 97 1
2711 ORDER 813 49 57 3 45 0
2712 ORDER 814 57 11 3 73 0
2717 ORDER 815 49 72 1 93 1
2718 ORDER 816 28 75 2 83 0
2719 BLOCK 14 1
2721 ORDER 817 119 12 93 98 3
2724 ORDER 818 132 71 3 79 1
2726 ORDER 819 37 20 92 98 2
2733 UNBLOCK 14 66
2735 BLOCK 95 39
2736 ORDER 820 74 33 113 98 1
2737 ORDER 821 41 38 16 97 0
2744 UNBLOCK 90 8
2745 ORDER 822 25 39 144 98 0
2751 ORDER 823 55 71 143 98 0
2752 ORDER 824 123 6 3 73 0
2753 ORDER 825 122 92 50 97 1
2762 CANCEL 100825
2769 ORDER 826 107 33 145 97 0
2770 UNBLOCK 39 11
2771 ORDER 827 53 72 126 98 0
2774 UNBLOCK 11 8
2776 ORDER 828 136 38 11 97 0
2782 ORDER 829 107 35 118 98 1
2789 BLOCK 12 36
2792 UNBLOCK 125 95
2792 ORDER 830 109 3 3 88 0
2793 CANCEL 808
2799 ORDER 831 18 17 7 97 1
2800 ORDER 832 103 36 1 56 2
2805 ORDER 833 65 51 143 97 0
2808 ORDER 834 133 29 18 98 0
2811 ORDER 835 141 29 2 5 0
2812 UNBLOCK 38 23
2813 ORDER 836 143 63 11 97 1
2816 ORDER 837 14 26 2 25 0
2818 ORDER 838 83 62 1 81 0
2819 ORDER 839 76 71 108 97 1
2821 ORDER 840 63 90 2 90 0
2822 ORDER 841 13 83 59 98 0
2826 BLOCK 92 59
2832 ORDER 842 81 90 24 98 0
2835 ORDER 843 85 44 1 95 1
2836 ORDER 844 59 15 22 98 0
2837 ORDER 845 11 69 146 98 0
2839 ORDER 846 142 8 3 71 2
2841 UNBLOCK 12 36
2842 UNBLOCK 95 39
2843 ORDER 847 79 8 2 20 0
2844 ORDER 848 116 72 3 38 0
2847 ORDER 849 103 36 114 98 0
2852 ORDER 850 68 50 66 98 0
2853 ORDER 851 8 44 3 85 1
2857 ORDER 852 30 75 48 97 0
2861 BLOCK 87 23
2863 ORDER 853 73 38 3 78 1
2869 ORDER 854 85 14 121 98 2
2870 ORDER 855 25 87 60 97 0
2872 ORDER 856 46 53 1 79 0
2877 ORDER 857 69 38 1 87 0
2879 ORDER 858 97 36 3 1 0
2880 ORDER 859 17 3 64 97 1
2881 ORDER 860 109 63 99 98 1
2882 ORDER 861 73 47 140 98 0
2883 ORDER 862 98 47 3 47 0
2884 ORDER 863 119 45 122 97 0
2886 ORDER 864 28 66 135 98 0
2887 ORDER 865 45 45 3 38 0
2892 ORDER 866 136 15 2 83 1
2897 ORDER 867 77 8 125 97 1
2901 UNBLOCK 14 1
2901 ORDER 868 84 83 140 98 0
2906 UNBLOCK 75 92
2907 ORDER 869 134 75 55 97 0
2909 ORDER 870 40 72 2 10 0
2911 ORDER 871 69 53 2 28 1
2911 BLOCK 16 79
2914 ORDER 872 106 74 2 61 0
2915 ORDER 873 39 11 3 83 0
2915 BLOCK 128 26
2916 ORDER 874 120 42 1 65 1
2917 ORDER 875 61 15 147 98 0
2921 ORDER 876 97 24 1 10 2
2923 ORDER 877 39 26 36 98 1
2927 CANCEL 826
2927 ORDER 878 135 33 138 97 2
2932 ORDER 879 47 23 119 98 0
2933 ORDER 880 44 12 111 97 0
2937 CANCEL 100880
2942 ORDER 881 107 45 6 97 0
2945 ORDER 882 16 77 32 98 0
2946 ORDER 883 51 66 2 93 1
2951 ORDER 884 33 23 38 98 1
2954 UNBLOCK 92 59
2954 ORDER 885 12 48 9 97 0
2955 ORDER 886 58 35 21 98 1
2958 BLOCK 93 68
2959 ORDER 887 118 72 127 98 3
2961 ORDER 888 98 51 138 98 0
2962 ORDER 889 141 18 1 19 1
2966 ORDER 890 140 38 1 73 0
2970 ORDER 891 30 54 3 17 1
2972 ORDER 892 22 3 86 98 2
2974 ORDER 893 6 69 107 97 0
2981 ORDER 894 8 78 45 97 1
2981 BLOCK 89 81
2988 ORDER 895 102 78 2 53 0
2989 ORDER 896 71 32 3 27 2
2990 ORDER 897 120 24 3 98 0
2991 ORDER 898 22 80 57 98 0
2993 ORDER 899 127 26 42 97 1
2993 BLOCK 19 57
2996 ORDER 900 71 6 6 97 0
3001 ORDER 901 70 72 33 97 0
3002 ORDER 902 142 72 27 98 1
3003 UNBLOCK 16 79
3003 ORDER 903 131 56 88 97 1
3008 ORDER 904 79 29 144 97 0
3009 ORDER 905 133 36 82 97 0
3012 ORDER 906 69 78 3 32 2
3015 ORDER 907 48 81 140 98 3
3018 ORDER 908 104 60 3 53 2
3020 ORDER 909 13 26 5 97 3
3021 ORDER 910 27 26 77 98 0
3024 ORDER 911 82 33 46 98 0
3029 UNBLOCK 87 23
3032 ORDER 912 110 39 2 95 0
3037 ORDER 913 31 39 3 46 2
3041 ORDER 914 65 20 1 70 0
3041 BLOCK 54 90
3042 ORDER 915 31 89 3 92 3
3045 ORDER 916 59 56 109 98 2
3052 ORDER 917 8 95 1 92 0
3053 ORDER 918 145 27 35 97 1
3056 ORDER 919 8 77 1 65 1
3057 UNBLOCK 128 26
3057 ORDER 920 86 83 2 81 0
3062 ORDER 921 76 74 122 97 1
3063 ORDER 922 46 53 2 81 0
3065 ORDER 923 77 84 3 92 1
3073 ORDER 924 121 5 1 10 1
3074 ORDER 925 98 45 99 98 0
3077 ORDER 926 109 24 3 27 0
3078 ORDER 927 60 20 2 37 1
3080 ORDER 928 141 15 108 98 0
3086 ORDER 929 62 90 1 52 0
3087 ORDER 930 117 41 1 19 0
3090 ORDER 931 57 59 44 98 2
3096 CANCEL 884
3098 ORDER 932 32 17 3 33 0
3099 ORDER 933 21 74 132 97 2
3101 ORDER 934 54 71 39 97 0
3103 ORDER 935 74 35 12 98 1
3104 ORDER 936 107 50 119 97 0
3105 ORDER 937 46 5 3 32 0
3107 ORDER 938 67 12 2 66 0
3109 UNBLOCK 19 57
3112 ORDER 939 81 87 24 98 1
3118 ORDER 940 26 77 11 97 0
3122 ORDER 941 118 63 39 98 0
3123 ORDER 942 72 44 22 97 1
3126 ORDER 943 131 4 1 93 1
3127 ORDER 944 123 78 15 97 0
3128 ORDER 945 53 8 2 81 0
3134 ORDER 946 107 47 1 2 1
3136 ORDER 947 8 65 2 73 0
3141 UNBLOCK 93 68
3143 ORDER 948 124 57 9 98 1
3151 ORDER 949 35 42 103 97 0
3152 ORDER 950 54 57 11 97 2
3153 ORDER 951 99 50 19 97 2
3155 ORDER 952 113 36 68 97 1
3157 UNBLOCK 54 90
3158 ORDER 953 10 21 2 74 0
3159 ORDER 954 38 21 131 98 1
3165 ORDER 955 21 86 3 92 0
3169 ORDER 956 136 69 1 64 1
3182 ORDER 957 135 72 1 2 0
3187 ORDER 958 141 20 32 97 0
3189 ORDER 959 66 83 3 41 0
3193 ORDER 960 122 86 38 97 1
3196 ORDER 961 7 45 2 4 0
3198 ORDER 962 111 66 2 74 0
3203 ORDER 963 59 41 3 69 0
3204 ORDER 964 117 39 2 76 0
3207 ORDER 965 136 44 85 97 0
3210 ORDER 966 107 80 24 97 2
3212 ORDER 967 85 38 36 97 0
3216 ORDER 968 38 72 30 97 1
3217 ORDER 969 47 38 3 42 1
3219 ORDER 970 69 92 2 97 2
3222 UNBLOCK 89 81
3226 ORDER 971 49 95 2 44 0
3231 ORDER 972 14 89 50 98 0
3235 ORDER 973 132 77 58 97 0
3243 ORDER 974 122 50 23 98 0
3244 ORDER 975 74 69 3 54 1
3251 ORDER 976 27 75 77 98 0
3253 ORDER 977 126 8 3 76 1
3254 ORDER 978 59 86 56 97 0
3257 ORDER 979 130 56 124 97 0
3259 ORDER 980 59 93 71 97 0
3266 ORDER 981 103 6 129 98 0
3269 ORDER 982 93 60 2 42 0
3271 ORDER 983 68 53 3 84 0
3273 ORDER 984 7 75 24 97 0
3274 ORDER 985 40 39 99 98 1
3275 ORDER 986 73 47 3 5 0
3279 ORDER 987 29 66 2 21 0
3281 ORDER 988 47 18 21 97 0
3287 ORDER 989 110 18 2 76 0
3291 ORDER 990 37 24 3 44 2
3295 ORDER 991 40 26 1 53 1
3296 ORDER 992 106 32 3 52 0
3300 ORDER 993 40 71 3 39 0
3304 ORDER 994 93 5 29 98 1
3305 ORDER 995 94 36 3 6 3
3307 ORDER 996 9 72 111 98 0
3313 ORDER 997 65 41 109 98 2
3315 ORDER 998 94 15 76 98 0
3316 ORDER 999 70 26 2 98 3
3318 ORDER 1000 9 20 2 22 0
3320 ORDER 1001 95 92 1 58 2
3321 ORDER 1002 36 36 109 98 1
3326 ORDER 1003 89 45 1 62 0
3332 ORDER 1004 67 84 2 77 2
3339 ORDER 1005 73 65 14 97 2
3340 ORDER 1006 62 53 26 97 1
3341 ORDER 1007 94 32 3 46 0
3342 ORDER 1008 98 72 141 97 0
3347 ORDER 1009 28 48 116 97 0
3348 ORDER 1010 127 60 37 98 1
3350 ORDER 1011 63 26 13 97 1
3351 CANCEL 983
3351 ORDER 1012 82 21 3 26 0
3356 ORDER 1013 6 59 2 85 2
3357 ORDER 1014 53 21 103 98 0
3361 ORDER 1015 81 17 62 97 0
3362 ORDER 1016 29 3 40 98 0
3363 ORDER 1017 62 83 2 33 0
3366 ORDER 1018 118 14 2 38 0
3367 CANCEL 101018
3370 ORDER 1019 30 42 97 98 1
3372 ORDER 1020 59 27 2 35 0
3382 ORDER 1021 91 3 3 7 1
3385 ORDER 1022 84 15 67 97 1
3386 ORDER 1023 43 8 131 98 0
3388 CANCEL 975
3389 ORDER 1024 20 87 3 7 0
3391 ORDER 1025 34 8 3 26 0
3394 ORDER 1026 41 75 9 98 1
3400 ORDER 1027 111 9 89 98 0
3402 ORDER 1028 9 57 127 98 1
3403 ORDER 1029 103 51 15 98 1
3406 ORDER 1030 93 3 98 97 0
3409 ORDER 1031 63 29 1 93 1
3421 ORDER 1032 132 50 1 7 2
3422 BLOCK 115 66
3426 ORDER 1033 88 75 83 98 0
3430 ORDER 1034 139 56 2 16 0
3441 ORDER 1035 110 87 3 8 0
3443 ORDER 1036 29 66 43 97 1
3450 ORDER 1037 143 6 3 15 0
3455 ORDER 1038 19 65 49 98 1
3457 ORDER 1039 39 3 1 72 1
3467 ORDER 1040 57 51 3 74 0
3470 BLOCK 118 77
3471 ORDER 1041 49 80 63 98 2
3476 ORDER 1042 42 48 64 97 0
3479 ORDER 1043 91 65 14 98 0
3481 ORDER 1044 131 74 47 98 1
3489 ORDER 1045 55 15 43 97 1
3491 ORDER 1046 38 35 12 98 0
3495 ORDER 1047 17 29 2 60 1
3497 ORDER 1048 20 77 99 98 0
3500 ORDER 1049 115 77 2 23 0
3501 ORDER 1050 121 54 1 20 0
3502 ORDER 1051 23 23 3 48 0
3507 ORDER 1052 78 26 139 98 0
3507 CANCEL 101052
3509 ORDER 1053 25 57 52 98 0
3510 ORDER 1054 45 54 40 97 0
3516 ORDER 1055 115 36 2 57 0
3520 ORDER 1056 101 42 99 98 2
3529 ORDER 1057 107 33 1 90 0
3530 ORDER 1058 69 35 2 30 1
3532 ORDER 1059 137 39 2 38 0
3534 ORDER 1060 27 3 2 69 1
3535 ORDER 1061 144 12 62 98 0
3539 ORDER 1062 129 12 1 16 0
3539 BLOCK 93 48
3541 ORDER 1063 138 93 1 83 0
3543 ORDER 1064 37 83 3 72 0
3550 ORDER 1065 59 20 2 90 0
3551 ORDER 1066 43 41 110 98 0
3557 ORDER 1067 17 81 2 76 0
3559 ORDER 1068 57 71 17 97 0
3561 ORDER 1069 145 87 2 26 3
3562 ORDER 1070 112 23 65 98 1
3564 ORDER 1071 67 35 3 50 0
3573 ORDER 1072 72 42 1 70 0
3575 ORDER 1073 7 63 2 40 2
3577 ORDER 1074 32 54 1 28 1
3579 ORDER 1075 11 42 108 98 1
3580 ORDER 1076 131 11 145 97 2
3583 ORDER 1077 23 36 79 97 1
3585 ORDER 1078 79 93 77 98 0
3586 ORDER 1079 115 42 3 88 1
3593 ORDER 1080 145 69 2 29 0
3600 ORDER 1081 29 66 139 98 0
3603 ORDER 1082 77 11 3 5 1
3606 CANCEL 1051
3611 ORDER 1083 10 69 1 93 0
3613 ORDER 1084 141 92 70 97 0
3616 ORDER 1085 73 87 3 84 0
3619 ORDER 1086 112 95 77 97 0
3623 ORDER 1087 77 6 1 7 1
3625 ORDER 1088 38 26 114 97 2
3628 ORDER 1089 114 26 1 11 0
3630 ORDER 1090 63 24 1 67 0
3630 BLOCK 41 43
3631 ORDER 1091 77 86 78 97 1
3636 ORDER 1092 50 18 61 97 0
3638 ORDER 1093 145 29 148 97 0
3639 ORDER 1094 66 35 19 97 0
3641 ORDER 1095 49 41 1 2 1
3642 ORDER 1096 135 66 3 42 0
3645 ORDER 1097 30 29 32 97 0
3651 ORDER 1098 57 50 119 97 1
3652 ORDER 1099 26 53 20 97 0
3653 ORDER 1100 144 92 98 98 3
3659 ORDER 1101 7 30 85 98 0
3661 ORDER 1102 29 42 3 9 0
3663 ORDER 1103 121 9 122 98 1
3664 ORDER 1104 106 92 2 21 0
3666 ORDER 1105 140 92 3 7 0
3668 UNBLOCK 115 66
3671 CANCEL 1072
3671 ORDER 1106 7 95 2 77 0
3675 ORDER 1107 11 48 2 15 0
3677 ORDER 1108 94 87 2 57 0
3693 BLOCK 14 21
3694 ORDER 1109 6 5 18 98 0
3696 ORDER 1110 29 33 2 88 0
3697 ORDER 1111 133 87 145 97 0
3701 ORDER 1112 84 69 2 26 2
3705 ORDER 1113 23 21 1 98 0
3707 ORDER 1114 72 54 141 98 0
3711 UNBLOCK 118 77
3712 ORDER 1115 111 90 17 97 1
3713 BLOCK 78 82
3719 ORDER 1116 82 53 3 37 0
3719 CANCEL 101116
3721 ORDER 1117 109 66 43 97 0
3723 ORDER 1118 79 95 1 95 2
3725 ORDER 1119 113 39 1 67 1
3730 ORDER 1120 11 36 1 53 1
3731 BLOCK 124 63
3732 ORDER 1121 110 50 76 98 0
3740 ORDER 1122 35 29 2 10 0
3744 ORDER 1123 70 51 59 97 1
3745 ORDER 1124 95 81 2 74 1
3746 ORDER 1125 13 80 1 20 0
3749 ORDER 1126 8 72 1 23 2
3750 ORDER 1127 27 6 77 97 0
3753 ORDER 1128 124 53 141 98 3
3757 ORDER 1129 90 62 93 97 1
3759 ORDER 1130 116 15 97 97 1
3762 ORDER 1131 141 24 2 73 0
3768 ORDER 1132 94 3 3 68 0
3769 ORDER 1133 106 62 2 59 0
3771 ORDER 1134 131 21 2 54 0
3777 UNBLOCK 93 48
3779 ORDER 1135 94 93 31 97 0
3782 ORDER 1136 6 23 132 98 1
3783 UNBLOCK 41 43
3783 ORDER 1137 83 38 144 97 0
3785 ORDER 1138 75 62 87 98 0
3787 ORDER 1139 35 12 114 97 0
3788 ORDER 1140 133 30 90 98 0
3789 ORDER 1141 123 65 84 98 3
3793 ORDER 1142 56 83 68 98 1
3797 CANCEL 101142
3797 BLOCK 109 56
3800 UNBLOCK 124 63
3810 UNBLOCK 78 82
3811 ORDER 1143 37 93 107 98 0
3813 ORDER 1144 63 57 1 39 0
3817 ORDER 1145 119 60 4 97 0
3819 ORDER 1146 116 47 42 97 1
3821 BLOCK 130 32
3827 ORDER 1147 48 23 2 32 1
3828 ORDER 1148 7 53 3 46 1
3829 ORDER 1149 103 53 3 59 2
3830 ORDER 1150 7 23 3 18 1
3832 CANCEL 1122
3835 ORDER 1151 133 63 2 91 0
3837 ORDER 1152 102 75 1 20 0
3843 ORDER 1153 100 60 2 98 3
3852 ORDER 1154 129 66 2 18 0
3853 UNBLOCK 14 21
3853 ORDER 1155 45 45 82 98 0
3859 ORDER 1156 127 80 1 25 2
3861 CANCEL 1132
3864 ORDER 1157 87 72 1 51 0
3868 ORDER 1158 21 47 1 8 1
3872 ORDER 1159 77 53 81 97 0
3878 ORDER 1160 26 56 126 98 0
3882 BLOCK 133 59
3886 UNBLOCK 130 32
3886 ORDER 1161 76 60 1 4 3
3889 ORDER 1162 63 38 1 72 0
3895 CANCEL 1151
3895 ORDER 1163 72 68 2 87 0
3896 ORDER 1164 79 60 1 82 0
3897 ORDER 1165 106 63 148 97 0
3897 BLOCK 99 17
3900 ORDER 1166 11 5 137 97 0
3901 ORDER 1167 101 66 106 98 1
3906 ORDER 1168 114 57 71 98 1
3911 ORDER 1169 10 72 3 10 3
3917 ORDER 1170 120 35 143 98 0
3920 ORDER 1171 81 6 3 75 1
3921 ORDER 1172 102 12 3 75 2
3922 ORDER 1173 143 51 3 31 1
3924 ORDER 1174 144 24 3 50 0
3928 ORDER 1175 44 68 3 95 0
3930 ORDER 1176 103 83 138 98 2
3932 BLOCK 44 92
3937 ORDER 1177 10 18 2 46 0
3939 ORDER 1178 139 49 40 98 0
3941 ORDER 1179 124 65 2 98 0
3948 ORDER 1180 64 5 3 39 3
3952 ORDER 1181 49 36 75 97 0
3955 ORDER 1182 51 26 2 47 0
3959 ORDER 1183 144 39 110 98 0
3962 ORDER 1184 109 3 139 97 0
3970 ORDER 1185 47 84 2 45 1
3971 ORDER 1186 95 57 3 56 0
3974 CANCEL 1178
3974 ORDER 1187 113 30 125 98 0
3976 ORDER 1188 93 23 81 97 0
3977 ORDER 1189 128 95 3 87 0
3982 ORDER 1190 13 57 59 98 0
3987 ORDER 1191 109 14 85 97 0
3988 ORDER 1192 80 9 63 97 0
3991 ORDER 1193 16 15 128 97 1
3993 ORDER 1194 96 77 1 52 0
3994 UNBLOCK 109 56
3994 ORDER 1195 85 75 3 90 0
