100 70 2500
####################################################################################################
#.....C....C....C....C....C....C....C....C....C....C....C....C....C....C....C....C....C....C.......#
#..................................................................................................#
#..................................................................................................#
#.....######..#######..########..#######..######..########..#########..#######..#########..#####...#
#..................................................................................................#
#..................................................................................................#
#.....######..######..########..#######..#######..######..#######..######..######..######..#####...#
#..................................................................................................#
#..................................................................................................#
#.....#######..#######..#########..#########..########..######..#########..#########..#######..#...#
#..................................................................................................#
#..................................................................................................#
#.....#######..#######..######..#########..#######..#########..########..########..#######..####...#
#..................................................................................................#
#..................................................................................................#
#.....#########..#########..#######..#########..#########..########..#########..########..######...#
#..................................................................................................#
#..................................................................................................#
#.....########..#########..#######..#######..######..#########..######..#######..#######..######...#
#..................................................................................................#
#..................................................................................................#
#.....#########..#########..#########..#########..#########..#######..#########..#########..####...#
#..................................................................................................#
#..................................................................................................#
#.....#######..######..########..########..#######..########..########..#########..#########..##...#
#..................................................................................................#
#..................................................................................................#
#.....#######..#########..#########..#######..########..######..#########..######..#########..##...#
#..................................................................................................#
#..................................................................................................#
#.....########..########..#######..########..########..######..######..#########..#########..###...#
#..................................................................................................#
#..................................................................................................#
#.....########..######..######..#######..########..#######..######..########..######..#######..#...#
#..................................................................................................#
#..................................................................................................#
#.....########..########..#########..#######..#########..########..######..#########..######..##...#
#..................................................................................................#
#..................................................................................................#
#.....#######..######..#########..#######..########..########..#########..#########..########..#...#
#..................................................................................................#
#..................................................................................................#
#.....#######..#######..######..#########..######..######..######..#######..######..########..##...#
#..................................................................................................#
#..................................................................................................#
#.....######..######..######..######..########..#######..########..#######..#######..#########.....#
#..................................................................................................#
#..................................................................................................#
#.....#########..######..#########..########..#######..########..########..########..#########.....#
#..................................................................................................#
#..................................................................................................#
#.....#######..########..#########..########..######..#########..######..#######..########..####...#
#..................................................................................................#
#..................................................................................................#
#.....######..#########..#########..#########..#######..########..######..#######..#########..##...#
#..................................................................................................#
#..................................................................................................#
#.....########..########..########..#########..########..########..########..#########..#######....#
#..................................................................................................#
#..................................................................................................#
#.....########..########..######..#########..#########..#########..########..######..#########.....#
#..................................................................................................#
#..................................................................................................#
#.....#######..#######..######..#######..#########..######..#######..########..#########..######...#
#..................................................................................................#
#..................................................................................................#
#..................................................................................................#
#..................................................................................................#
####################################################################################################
PARAMS 1360 68 340 30 50 3
ROBOTS 120
51 20
46 11
6 57
13 66
44 61
84 10
88 47
87 30
74 8
95 11
96 43
36 32
49 1
3 51
8 38
79 11
89 15
1 10
62 15
3 55
50 50
97 63
10 26
31 33
59 67
16 67
10 54
35 57
10 38
78 64
35 9
32 67
81 24
79 1
34 1
59 44
64 41
66 61
75 67
79 23
35 38
4 68
62 36
76 5
14 39
31 3
9 12
27 66
93 15
33 5
72 3
34 66
78 6
60 14
82 66
38 68
86 27
61 66
1 18
18 1
56 14
3 11
16 35
34 67
33 38
1 35
21 65
8 67
44 11
69 47
45 67
52 59
73 14
76 39
66 18
67 15
98 15
93 43
17 67
16 50
38 38
17 39
90 56
44 17
55 24
92 66
72 6
33 10
91 41
19 3
69 27
84 37
20 3
1 53
9 60
97 11
68 24
61 57
64 55
5 58
64 29
67 66
65 35
60 25
22 27
3 1
61 47
54 54
12 17
39 17
4 12
34 30
29 9
53 24
95 47
34 47
84 61
7 30
73 37
33 42
EVENTS 3646
0 ORDER 1 29 22 46 67 3
1 ORDER 2 9 29 68 68 0
2 ORDER 3 51 11 48 67 0
3 ORDER 4 33 48 13 68 1
4 ORDER 5 16 30 1 11 1
5 ORDER 6 18 32 64 67 1
6 ORDER 7 50 41 22 68 0
7 ORDER 8 87 33 3 47 0
8 ORDER 9 21 63 43 67 1
9 ORDER 10 33 3 3 4 1
10 ORDER 11 75 3 37 68 0
11 ORDER 12 86 26 1 23 0
11 BLOCK 51 12
12 ORDER 13 21 12 22 67 2
13 ORDER 14 18 23 11 67 1
14 ORDER 15 72 8 1 10 0
15 ORDER 16 11 15 1 30 0
16 ORDER 17 61 35 49 67 0
17 ORDER 18 85 24 15 68 0
18 ORDER 19 16 27 36 68 0
18 BLOCK 13 36
19 ORDER 20 85 26 1 63 0
19 BLOCK 7 48
20 ORDER 21 78 26 2 15 1
20 BLOCK 21 56
21 ORDER 22 24 17 2 57 0
22 ORDER 23 92 59 3 12 2
23 ORDER 24 13 59 66 68 0
24 ORDER 25 31 23 14 67 2
25 ORDER 26 12 51 1 11 0
26 ORDER 27 9 32 2 20 1
27 ORDER 28 66 53 26 68 0
28 ORDER 29 58 54 12 68 0
28 BLOCK 39 64
29 ORDER 30 95 11 2 20 1
30 ORDER 31 72 63 1 31 0
31 UNBLOCK 51 12
31 ORDER 32 6 48 3 34 0
31 BLOCK 51 64
32 ORDER 33 89 21 3 47 0
33 ORDER 34 40 21 84 67 0
34 ORDER 35 27 48 3 60 0
35 ORDER 36 32 21 28 67 0
36 ORDER 37 61 57 36 68 1
37 ORDER 38 20 53 2 27 0
38 ORDER 39 80 17 63 67 0
38 BLOCK 21 9
39 ORDER 40 28 35 2 67 0
40 ORDER 41 25 5 77 67 0
41 ORDER 42 64 38 3 50 3
41 BLOCK 70 11
42 UNBLOCK 13 36
42 ORDER 43 80 45 1 30 0
42 BLOCK 82 66
43 ORDER 44 47 33 87 67 0
43 BLOCK 14 18
44 ORDER 45 54 24 2 35 2
45 ORDER 46 78 39 15 68 1
46 ORDER 47 34 24 65 68 1
47 ORDER 48 70 35 1 23 0
48 UNBLOCK 51 64
48 ORDER 49 35 60 46 68 0
49 UNBLOCK 21 56
49 ORDER 50 92 63 3 13 3
50 ORDER 51 24 11 3 58 0
51 ORDER 52 28 56 84 67 1
51 BLOCK 69 63
52 ORDER 53 36 57 1 42 0
53 ORDER 54 68 41 14 67 0
53 BLOCK 40 5
54 ORDER 55 70 36 2 22 0
55 ORDER 56 67 50 3 45 0
55 BLOCK 42 42
56 ORDER 57 29 44 13 68 0
57 ORDER 58 41 32 1 61 0
57 BLOCK 86 11
58 ORDER 59 25 51 2 40 1
58 BLOCK 84 59
59 UNBLOCK 21 9
59 ORDER 60 45 17 14 68 0
60 ORDER 61 63 17 1 60 0
61 ORDER 62 51 35 2 8 3
62 ORDER 63 26 42 3 20 0
63 ORDER 64 28 26 2 40 0
64 ORDER 65 91 47 3 11 2
64 BLOCK 53 27
65 ORDER 66 49 15 1 15 0
65 BLOCK 47 54
66 ORDER 67 48 56 10 68 2
67 ORDER 68 50 23 22 67 1
68 UNBLOCK 86 11
68 ORDER 69 12 57 4 68 0
69 ORDER 70 31 45 49 67 0
70 ORDER 71 18 27 2 22 0
70 BLOCK 77 30
71 ORDER 72 7 47 3 26 0
72 ORDER 73 79 41 1 14 0
73 ORDER 74 67 44 2 42 2
74 ORDER 75 75 26 68 67 0
75 ORDER 76 48 62 22 67 1
76 ORDER 77 59 18 2 37 2
77 ORDER 78 58 45 1 55 0
78 UNBLOCK 7 48
78 UNBLOCK 14 18
78 ORDER 79 10 42 78 68 2
79 ORDER 80 25 6 21 68 0
80 ORDER 81 37 27 1 10 1
81 ORDER 82 8 33 30 67 1
82 ORDER 83 27 51 7 67 0
83 ORDER 84 85 44 1 2 0
84 ORDER 85 31 15 1 16 0
85 ORDER 86 18 58 39 67 0
86 ORDER 87 71 54 2 50 2
87 ORDER 88 24 63 47 68 2
88 ORDER 89 60 53 1 40 1
89 ORDER 90 26 38 56 68 0
90 UNBLOCK 69 63
90 ORDER 91 87 24 2 35 1
90 BLOCK 44 33
91 ORDER 92 41 38 2 30 1
92 UNBLOCK 42 42
92 ORDER 93 20 57 50 67 0
92 BLOCK 52 12
93 UNBLOCK 84 59
93 ORDER 94 18 45 1 18 0
94 ORDER 95 18 61 3 7 0
94 BLOCK 52 9
95 ORDER 96 32 42 2 43 0
95 BLOCK 54 42
96 ORDER 97 52 15 80 68 0
97 ORDER 98 94 3 37 67 0
98 ORDER 99 83 59 1 28 0
99 ORDER 100 42 56 2 68 0
100 ORDER 101 79 12 85 67 0
101 ORDER 102 84 8 1 21 1
102 UNBLOCK 40 5
102 ORDER 103 13 23 42 67 0
102 BLOCK 41 39
103 UNBLOCK 52 12
103 ORDER 104 67 45 1 10 2
104 UNBLOCK 82 66
104 ORDER 105 32 15 1 41 1
105 ORDER 106 59 45 2 58 0
105 BLOCK 76 27
106 ORDER 107 53 29 3 4 0
106 BLOCK 11 2
107 ORDER 108 64 20 14 68 0
108 UNBLOCK 53 27
108 ORDER 109 39 56 1 23 0
108 BLOCK 28 24
109 ORDER 110 88 57 9 68 0
110 ORDER 111 28 44 49 68 1
111 ORDER 112 18 5 2 55 0
112 ORDER 113 41 45 40 67 0
113 ORDER 114 19 63 2 4 0
113 BLOCK 59 51
114 UNBLOCK 70 11
114 ORDER 115 77 29 3 25 0
115 ORDER 116 38 20 81 67 3
116 UNBLOCK 39 64
116 CANCEL 67
116 ORDER 117 10 8 1 31 2
116 BLOCK 22 51
117 ORDER 118 33 21 1 68 2
118 ORDER 119 7 12 2 1 1
119 ORDER 120 36 44 25 68 0
120 ORDER 121 44 14 87 68 0
121 ORDER 122 31 47 43 68 0
122 ORDER 123 88 9 40 67 0
122 BLOCK 14 12
123 ORDER 124 93 5 3 22 0
124 ORDER 125 16 36 1 1 0
125 ORDER 126 27 3 19 68 0
126 ORDER 127 17 32 2 52 0
127 ORDER 128 91 42 2 68 0
128 ORDER 129 95 30 1 28 0
129 ORDER 130 79 65 61 67 0
130 ORDER 131 18 17 84 68 1
131 ORDER 132 61 17 3 18 1
132 ORDER 133 42 29 70 67 0
133 ORDER 134 7 17 3 34 2
134 ORDER 135 83 26 1 49 0
135 ORDER 136 32 8 15 68 0
136 ORDER 137 36 23 2 9 2
137 ORDER 138 94 18 3 56 1
138 ORDER 139 50 53 90 68 0
138 BLOCK 35 44
139 ORDER 140 51 62 3 23 1
140 ORDER 141 45 35 3 39 3
141 ORDER 142 53 63 66 68 0
142 UNBLOCK 47 54
142 CANCEL 124
142 ORDER 143 18 18 3 6 1
142 BLOCK 43 60
143 ORDER 144 85 15 35 67 0
144 UNBLOCK 28 24
144 ORDER 145 52 33 85 67 2
144 BLOCK 79 48
145 ORDER 146 43 15 67 68 3
146 ORDER 147 10 50 48 68 1
147 ORDER 148 8 48 63 67 1
148 UNBLOCK 54 42
148 ORDER 149 26 53 1 26 0
149 UNBLOCK 77 30
149 ORDER 150 90 45 2 56 0
149 BLOCK 49 67
150 ORDER 151 83 23 3 46 1
151 ORDER 152 78 36 2 7 0
152 CANCEL 22
152 ORDER 153 69 18 85 67 0
153 ORDER 154 77 47 1 32 0
154 ORDER 155 53 17 13 67 0
155 ORDER 156 26 12 23 67 2
156 ORDER 157 46 29 93 68 3
157 ORDER 158 61 17 82 68 1
158 ORDER 159 34 23 2 51 1
158 BLOCK 16 9
159 UNBLOCK 52 9
159 ORDER 160 54 15 1 43 0
160 CANCEL 53
160 ORDER 161 59 42 2 6 1
160 BLOCK 24 24
161 ORDER 162 74 65 93 67 1
162 ORDER 163 91 60 83 68 3
163 ORDER 164 66 5 1 48 2
164 ORDER 165 8 56 1 22 0
165 UNBLOCK 76 27
165 ORDER 166 57 26 12 67 0
166 UNBLOCK 14 12
166 ORDER 167 84 8 1 17 0
167 ORDER 168 31 29 61 68 0
168 ORDER 169 88 53 1 16 0
169 UNBLOCK 44 33
169 ORDER 170 93 23 72 67 2
170 ORDER 171 60 50 21 68 0
171 ORDER 172 19 59 2 61 3
172 ORDER 173 91 17 96 68 0
173 ORDER 174 74 56 11 67 1
174 ORDER 175 41 65 2 59 3
175 ORDER 176 31 32 3 5 3
176 ORDER 177 17 57 55 68 0
176 BLOCK 53 35
177 ORDER 178 58 36 1 13 0
178 ORDER 179 95 3 80 68 2
179 ORDER 180 31 50 3 16 0
180 ORDER 181 23 39 93 67 2
180 BLOCK 46 60
181 ORDER 182 57 36 93 68 0
182 ORDER 183 45 60 80 68 0
183 ORDER 184 40 15 8 68 1
184 ORDER 185 19 57 3 15 0
185 ORDER 186 85 39 3 27 0
186 UNBLOCK 24 24
186 ORDER 187 40 51 2 42 0
187 ORDER 188 53 8 12 68 3
187 BLOCK 39 51
188 ORDER 189 38 53 2 9 2
188 BLOCK 64 17
189 ORDER 190 86 36 87 68 0
190 ORDER 191 73 3 1 32 0
191 ORDER 192 12 57 2 26 0
192 UNBLOCK 59 51
192 ORDER 193 25 42 81 68 2
192 BLOCK 17 24
193 UNBLOCK 22 51
193 ORDER 194 28 21 17 68 0
194 ORDER 195 63 26 1 61 0
195 CANCEL 77
195 ORDER 196 43 24 13 68 1
195 BLOCK 59 21
196 UNBLOCK 11 2
196 UNBLOCK 46 60
196 ORDER 197 71 50 93 68 1
196 BLOCK 63 42
197 ORDER 198 40 14 3 22 0
198 ORDER 199 17 9 3 63 0
199 UNBLOCK 49 67
199 CANCEL 182
199 ORDER 200 49 32 60 67 1
199 BLOCK 67 63
200 UNBLOCK 41 39
200 ORDER 201 59 42 18 68 2
201 ORDER 202 6 32 42 67 0
201 BLOCK 22 65
202 ORDER 203 21 51 1 22 1
203 ORDER 204 27 41 15 68 2
204 ORDER 205 42 20 1 1 0
205 ORDER 206 69 14 1 28 0
206 ORDER 207 57 39 2 48 1
206 BLOCK 52 59
207 ORDER 208 94 21 14 67 0
208 ORDER 209 42 23 2 14 0
209 ORDER 210 68 12 1 58 1
210 ORDER 211 36 53 41 68 3
211 ORDER 212 72 59 3 31 1
212 UNBLOCK 35 44
212 UNBLOCK 43 60
212 ORDER 213 67 59 1 23 3
213 ORDER 214 88 36 56 68 0
213 BLOCK 60 26
214 ORDER 215 49 48 2 57 0
214 BLOCK 56 29
215 ORDER 216 47 42 3 52 0
216 ORDER 217 91 29 2 26 0
216 BLOCK 5 37
217 ORDER 218 17 29 84 68 0
218 CANCEL 199
218 ORDER 219 90 56 70 67 0
219 ORDER 220 24 15 38 67 1
220 ORDER 221 87 6 1 23 0
221 ORDER 222 30 54 26 68 1
222 ORDER 223 19 56 2 12 3
223 UNBLOCK 67 63
223 ORDER 224 7 41 69 67 0
224 CANCEL 76
224 ORDER 225 16 11 1 6 0
225 UNBLOCK 53 35
225 ORDER 226 50 54 44 67 1
226 ORDER 227 43 26 3 66 0
226 BLOCK 59 30
227 ORDER 228 18 23 3 44 1
228 ORDER 229 42 6 1 33 0
229 ORDER 230 92 3 3 21 0
230 UNBLOCK 79 48
230 ORDER 231 61 11 1 50 3
231 ORDER 232 26 45 2 7 0
232 ORDER 233 76 65 2 13 2
233 ORDER 234 19 27 14 68 2
234 ORDER 235 69 14 5 67 1
234 BLOCK 34 68
235 ORDER 236 84 57 3 4 0
236 ORDER 237 43 33 51 67 2
237 ORDER 238 40 9 3 37 0
238 UNBLOCK 52 59
238 ORDER 239 75 12 2 14 0
239 ORDER 240 52 21 94 68 0
240 ORDER 241 47 12 82 68 0
241 ORDER 242 64 12 1 46 0
241 BLOCK 82 7
242 UNBLOCK 16 9
242 ORDER 243 87 26 79 68 1
242 BLOCK 70 53
243 ORDER 244 48 65 62 67 0
244 ORDER 245 79 44 3 6 0
245 ORDER 246 39 47 62 68 0
246 UNBLOCK 59 21
246 ORDER 247 92 59 1 48 1
247 ORDER 248 74 18 1 9 0
248 ORDER 249 27 8 1 55 0
249 CANCEL 235
249 ORDER 250 42 65 11 68 0
250 UNBLOCK 17 24
250 ORDER 251 15 53 1 52 3
251 CANCEL 122
251 UNBLOCK 82 7
251 ORDER 252 81 63 18 67 1
252 ORDER 253 43 14 49 67 0
253 ORDER 254 23 23 22 68 1
253 BLOCK 21 27
254 ORDER 255 40 56 3 9 0
255 ORDER 256 32 42 44 67 1
256 UNBLOCK 59 30
256 ORDER 257 57 36 3 21 0
257 ORDER 258 84 53 77 67 0
258 ORDER 259 8 45 5 67 0
259 ORDER 260 75 6 51 67 0
260 UNBLOCK 22 65
260 UNBLOCK 5 37
260 ORDER 261 30 20 3 6 0
261 ORDER 262 11 59 1 11 0
262 ORDER 263 44 3 6 68 0
263 ORDER 264 92 62 3 52 1
264 ORDER 265 41 63 3 12 0
264 BLOCK 32 23
265 ORDER 266 66 32 3 11 1
266 UNBLOCK 64 17
266 ORDER 267 50 56 2 15 1
266 BLOCK 67 17
267 ORDER 268 43 14 46 67 1
267 BLOCK 92 44
268 ORDER 269 10 3 55 67 1
269 ORDER 270 45 12 1 23 3
270 ORDER 271 11 33 3 67 0
271 UNBLOCK 56 29
271 ORDER 272 27 36 2 50 2
272 ORDER 273 58 47 55 68 2
272 BLOCK 88 54
273 UNBLOCK 39 51
273 UNBLOCK 63 42
273 UNBLOCK 70 53
273 ORDER 274 58 20 3 65 1
274 ORDER 275 48 59 25 68 2
275 ORDER 276 33 18 2 37 1
275 BLOCK 74 2
276 ORDER 277 27 56 50 68 0
277 ORDER 278 9 32 2 44 1
278 UNBLOCK 21 27
278 ORDER 279 12 14 2 16 0
279 ORDER 280 38 55 70 67 0
280 ORDER 281 12 63 31 67 0
280 BLOCK 29 46
281 ORDER 282 64 24 3 12 0
281 BLOCK 86 30
282 ORDER 283 63 12 20 68 0
283 ORDER 284 63 45 1 29 0
284 UNBLOCK 60 26
284 ORDER 285 43 38 1 11 2
285 ORDER 286 71 11 1 17 0
286 ORDER 287 23 17 1 15 0
287 ORDER 288 76 48 3 38 0
288 ORDER 289 60 65 2 43 2
289 ORDER 290 26 24 6 68 1
290 ORDER 291 18 38 1 66 0
291 ORDER 292 51 6 1 8 2
292 ORDER 293 21 21 2 10 0
292 BLOCK 20 38
293 ORDER 294 27 5 3 60 3
294 ORDER 295 91 26 2 23 1
295 ORDER 296 40 50 1 46 1
296 UNBLOCK 34 68
296 ORDER 297 30 18 38 67 0
297 ORDER 298 54 8 47 68 3
298 ORDER 299 54 6 91 68 0
298 BLOCK 70 19
299 ORDER 300 17 45 13 68 0
300 ORDER 301 32 38 36 68 1
301 ORDER 302 72 11 49 67 0
302 ORDER 303 21 54 3 8 0
303 ORDER 304 51 45 3 21 1
304 ORDER 305 14 17 22 68 1
305 ORDER 306 37 36 50 68 1
306 UNBLOCK 20 38
306 ORDER 307 44 21 12 67 0
307 ORDER 308 85 45 52 67 0
308 ORDER 309 34 12 39 67 0
309 CANCEL 159
309 ORDER 310 47 6 1 15 0
310 ORDER 311 37 15 29 68 0
311 ORDER 312 81 44 1 11 0
312 CANCEL 208
312 ORDER 313 28 11 2 58 0
313 ORDER 314 38 63 3 60 0
314 ORDER 315 19 57 1 59 0
315 ORDER 316 18 47 1 34 0
316 UNBLOCK 92 44
316 ORDER 317 38 57 2 12 0
316 BLOCK 8 8
317 ORDER 318 19 5 57 68 0
318 CANCEL 271
318 ORDER 319 19 63 1 9 0
319 ORDER 320 84 20 3 49 0
320 ORDER 321 47 60 1 9 3
321 ORDER 322 20 39 36 67 0
322 ORDER 323 58 36 55 67 0
322 BLOCK 29 30
323 ORDER 324 26 3 76 67 1
324 ORDER 325 86 47 7 68 0
324 BLOCK 40 7
325 ORDER 326 21 63 85 68 0
326 UNBLOCK 86 30
326 ORDER 327 31 27 11 67 1
327 ORDER 328 52 8 1 48 0
327 BLOCK 95 42
328 ORDER 329 28 15 1 13 1
328 BLOCK 90 45
329 ORDER 330 87 56 73 67 0
330 ORDER 331 59 6 2 11 0
330 BLOCK 32 15
331 ORDER 332 92 18 3 56 0
331 BLOCK 9 12
332 ORDER 333 73 17 2 21 0
333 ORDER 334 36 6 3 27 0
334 ORDER 335 23 27 85 67 0
335 ORDER 336 46 51 1 28 0
336 ORDER 337 86 35 2 65 0
337 ORDER 338 11 51 1 35 2
338 ORDER 339 24 47 3 17 0
338 BLOCK 69 63
339 ORDER 340 39 53 3 3 1
340 ORDER 341 32 27 18 68 0
341 ORDER 342 78 6 3 49 0
342 ORDER 343 87 6 1 32 0
343 UNBLOCK 32 23
343 ORDER 344 47 24 2 36 2
344 ORDER 345 19 39 68 67 0
345 ORDER 346 25 48 1 54 0
345 BLOCK 48 22
346 ORDER 347 38 24 3 21 0
346 BLOCK 55 68
347 ORDER 348 47 33 73 67 0
347 BLOCK 68 20
348 UNBLOCK 9 12
348 ORDER 349 63 60 26 67 2
349 ORDER 350 38 47 2 67 0
350 ORDER 351 71 35 3 23 0
351 ORDER 352 57 21 1 2 0
352 CANCEL 223
352 ORDER 353 21 44 1 12 0
353 ORDER 354 77 45 66 68 0
353 BLOCK 78 4
354 ORDER 355 16 14 1 11 1
354 BLOCK 39 9
355 UNBLOCK 88 54
355 ORDER 356 72 60 56 68 0
355 BLOCK 49 36
356 UNBLOCK 90 45
356 ORDER 357 8 32 79 68 0
356 BLOCK 41 38
357 UNBLOCK 67 17
357 CANCEL 321
357 ORDER 358 51 62 16 68 0
358 ORDER 359 47 3 19 67 0
359 ORDER 360 41 36 90 68 0
360 ORDER 361 32 35 2 30 1
361 CANCEL 331
361 ORDER 362 26 62 68 67 0
362 ORDER 363 79 38 51 68 2
363 UNBLOCK 55 68
363 ORDER 364 38 17 65 67 0
363 BLOCK 70 54
364 ORDER 365 31 62 18 67 2
364 BLOCK 13 20
365 ORDER 366 33 24 28 68 0
366 CANCEL 195
366 ORDER 367 73 57 3 10 1
367 UNBLOCK 29 46
367 ORDER 368 52 6 34 68 0
368 ORDER 369 71 39 27 67 0
368 BLOCK 45 53
369 UNBLOCK 70 19
369 ORDER 370 67 36 96 67 2
370 ORDER 371 57 65 1 60 0
371 ORDER 372 8 3 3 26 0
372 ORDER 373 92 51 24 68 0
373 ORDER 374 24 33 47 68 3
374 ORDER 375 48 36 3 61 2
375 UNBLOCK 74 2
375 ORDER 376 34 15 61 67 1
376 ORDER 377 11 24 18 67 0
377 ORDER 378 16 60 17 68 3
378 UNBLOCK 40 7
378 ORDER 379 41 29 1 49 0
379 UNBLOCK 95 42
379 ORDER 380 28 12 2 31 0
380 ORDER 381 53 56 3 53 1
381 ORDER 382 53 65 2 20 2
381 BLOCK 21 8
382 ORDER 383 71 56 64 68 2
383 ORDER 384 55 32 2 55 0
384 ORDER 385 32 38 38 67 0
384 BLOCK 75 53
385 ORDER 386 17 42 2 13 0
386 ORDER 387 6 60 3 39 0
387 ORDER 388 40 39 87 67 0
387 BLOCK 33 30
388 ORDER 389 71 27 1 31 0
389 ORDER 390 91 26 2 9 2
390 ORDER 391 32 30 1 35 1
391 CANCEL 218
391 ORDER 392 92 17 2 64 3
392 ORDER 393 16 59 1 27 0
393 ORDER 394 69 36 1 44 0
393 BLOCK 29 12
394 ORDER 395 52 26 2 25 0
395 ORDER 396 67 27 33 67 0
396 ORDER 397 23 6 81 67 3
397 ORDER 398 48 45 1 60 2
398 ORDER 399 76 21 68 68 0
399 ORDER 400 80 47 3 60 0
399 BLOCK 58 27
400 ORDER 401 35 3 1 8 0
401 UNBLOCK 13 20
401 ORDER 402 84 27 1 5 0
402 UNBLOCK 70 54
402 ORDER 403 76 53 3 66 0
403 ORDER 404 33 14 3 4 2
404 UNBLOCK 29 30
404 ORDER 405 74 23 1 23 0
405 ORDER 406 88 8 3 9 1
406 ORDER 407 50 30 79 68 0
407 ORDER 408 46 9 71 67 0
407 BLOCK 45 55
408 ORDER 409 22 57 17 68 0
409 CANCEL 248
409 UNBLOCK 49 36
409 ORDER 410 21 27 1 12 1
409 BLOCK 32 60
410 ORDER 411 19 56 2 30 0
411 CANCEL 297
411 ORDER 412 15 65 2 9 0
412 ORDER 413 11 59 2 53 0
413 UNBLOCK 8 8
413 ORDER 414 13 35 3 52 0
414 ORDER 415 42 29 1 48 0
415 ORDER 416 6 24 1 54 1
416 CANCEL 373
416 ORDER 417 34 33 71 67 1
416 BLOCK 74 39
417 CANCEL 367
417 ORDER 418 71 38 12 68 0
418 UNBLOCK 48 22
418 ORDER 419 28 18 3 27 1
419 UNBLOCK 68 20
419 UNBLOCK 29 12
419 ORDER 420 81 44 75 68 1
420 ORDER 421 10 60 3 68 0
421 UNBLOCK 45 55
421 ORDER 422 12 29 1 42 1
422 UNBLOCK 41 38
422 ORDER 423 44 63 70 68 0
422 BLOCK 29 57
423 ORDER 424 49 54 3 30 0
423 BLOCK 45 17
424 UNBLOCK 75 53
424 ORDER 425 90 17 25 68 0
425 ORDER 426 30 20 2 40 1
426 UNBLOCK 32 15
426 ORDER 427 58 53 3 23 0
427 ORDER 428 84 26 20 68 0
428 ORDER 429 25 47 3 37 2
429 UNBLOCK 39 9
429 ORDER 430 10 29 1 6 0
429 BLOCK 36 27
430 UNBLOCK 69 63
430 ORDER 431 31 20 94 68 0
431 ORDER 432 44 35 3 13 1
432 UNBLOCK 58 27
432 ORDER 433 25 5 2 28 0
433 ORDER 434 16 24 73 67 0
433 BLOCK 5 3
434 ORDER 435 26 11 96 67 1
435 ORDER 436 44 57 10 67 0
436 ORDER 437 80 62 73 67 2
436 BLOCK 81 39
437 ORDER 438 34 35 57 67 1
438 ORDER 439 46 20 29 68 2
439 ORDER 440 47 33 2 12 0
440 ORDER 441 42 36 4 68 0
441 UNBLOCK 32 60
441 ORDER 442 47 21 29 68 2
441 BLOCK 85 62
442 ORDER 443 17 33 68 68 0
443 CANCEL 314
443 ORDER 444 85 51 5 67 2
444 ORDER 445 81 21 2 8 3
445 ORDER 446 50 48 1 14 0
445 BLOCK 77 44
446 UNBLOCK 81 39
446 ORDER 447 8 60 2 28 0
447 ORDER 448 36 63 3 12 0
447 BLOCK 32 20
448 ORDER 449 28 54 2 7 0
449 ORDER 450 9 47 35 68 0
450 UNBLOCK 78 4
450 ORDER 451 62 6 2 67 0
450 BLOCK 59 32
451 ORDER 452 75 32 62 68 0
452 ORDER 453 11 48 2 61 1
453 ORDER 454 49 45 36 68 0
454 UNBLOCK 45 53
454 ORDER 455 42 29 29 67 2
455 CANCEL 261
455 ORDER 456 65 24 3 51 0
456 ORDER 457 92 17 10 68 0
457 UNBLOCK 21 8
457 ORDER 458 72 23 21 68 0
458 ORDER 459 12 36 65 67 0
458 BLOCK 33 3
459 ORDER 460 12 24 1 18 0
460 ORDER 461 37 3 1 48 0
461 CANCEL 447
461 ORDER 462 82 35 7 68 0
462 ORDER 463 16 32 3 17 0
463 ORDER 464 79 60 63 68 3
464 ORDER 465 55 18 3 50 0
464 BLOCK 62 29
465 ORDER 466 29 5 3 38 0
466 ORDER 467 41 35 21 68 0
467 CANCEL 340
467 ORDER 468 53 29 2 19 1
468 ORDER 469 8 57 3 42 0
469 ORDER 470 12 14 1 5 1
470 ORDER 471 33 15 2 2 0
471 ORDER 472 39 39 3 22 0
472 ORDER 473 26 36 44 68 0
473 ORDER 474 88 47 53 67 0
474 ORDER 475 77 38 1 66 0
475 ORDER 476 29 53 3 29 1
476 UNBLOCK 45 17
476 ORDER 477 54 39 86 67 1
477 ORDER 478 20 44 10 68 1
478 CANCEL 432
478 ORDER 479 11 15 1 12 2
478 BLOCK 36 27
479 UNBLOCK 33 30
479 ORDER 480 52 35 80 68 2
480 ORDER 481 10 35 40 68 2
481 ORDER 482 76 20 1 17 0
482 ORDER 483 18 5 2 24 2
483 ORDER 484 31 9 48 68 2
484 ORDER 485 43 17 78 68 0
485 ORDER 486 32 11 73 67 1
486 ORDER 487 7 11 1 38 1
487 ORDER 488 76 38 2 51 0
488 ORDER 489 48 56 3 37 0
489 UNBLOCK 29 57
489 ORDER 490 42 20 96 67 1
489 BLOCK 77 27
490 ORDER 491 28 9 81 67 1
490 BLOCK 9 62
491 CANCEL 295
491 ORDER 492 93 3 93 68 2
492 ORDER 493 24 18 3 64 0
493 UNBLOCK 59 32
493 ORDER 494 29 5 64 67 0
494 ORDER 495 32 51 85 68 1
495 ORDER 496 59 50 2 32 0
496 ORDER 497 20 18 13 68 0
497 ORDER 498 76 24 2 17 0
498 UNBLOCK 85 62
498 ORDER 499 41 8 54 67 1
499 ORDER 500 69 57 1 21 0
500 ORDER 501 12 44 3 24 1
501 ORDER 502 46 48 3 13 0
502 UNBLOCK 5 3
502 ORDER 503 79 50 3 14 0
502 BLOCK 18 59
503 ORDER 504 94 23 2 27 0
504 CANCEL 371
504 ORDER 505 75 9 3 4 2
505 ORDER 506 33 63 6 68 1
506 ORDER 507 28 14 3 67 0
507 UNBLOCK 36 27
507 ORDER 508 81 63 3 9 0
508 ORDER 509 44 5 1 28 0
509 ORDER 510 8 59 1 36 0
510 ORDER 511 61 45 1 6 3
511 ORDER 512 51 57 1 8 3
511 BLOCK 16 18
512 CANCEL 375
512 ORDER 513 31 56 3 27 2
512 BLOCK 81 15
513 ORDER 514 30 50 1 18 0
514 UNBLOCK 74 39
514 ORDER 515 78 44 2 25 0
515 UNBLOCK 62 29
515 ORDER 516 73 26 3 26 0
515 BLOCK 69 33
516 ORDER 517 63 21 61 68 1
517 ORDER 518 52 27 76 68 1
518 CANCEL 377
518 ORDER 519 94 12 8 68 3
519 ORDER 520 64 57 74 68 0
520 ORDER 521 53 3 2 24 2
521 ORDER 522 57 21 2 27 2
522 ORDER 523 8 15 1 68 3
522 BLOCK 15 24
523 ORDER 524 29 26 97 68 1
523 BLOCK 54 8
524 ORDER 525 8 24 24 68 0
524 BLOCK 81 20
525 CANCEL 390
525 UNBLOCK 18 59
525 ORDER 526 43 59 36 67 2
525 BLOCK 9 62
526 ORDER 527 48 41 3 14 0
527 ORDER 528 52 44 2 21 0
528 ORDER 529 37 60 1 44 0
529 ORDER 530 21 62 96 67 0
530 ORDER 531 83 32 3 1 0
531 ORDER 532 59 42 1 25 0
532 ORDER 533 65 26 1 45 0
532 BLOCK 80 60
533 ORDER 534 51 62 2 38 0
534 UNBLOCK 77 44
534 UNBLOCK 32 20
534 ORDER 535 67 21 14 68 0
535 ORDER 536 38 3 63 68 3
535 BLOCK 88 6
536 ORDER 537 42 9 3 35 2
537 UNBLOCK 9 62
537 ORDER 538 17 41 38 67 1
538 ORDER 539 11 50 3 50 0
539 ORDER 540 35 65 2 38 0
539 BLOCK 10 38
540 UNBLOCK 33 3
540 ORDER 541 89 12 3 41 1
541 ORDER 542 37 9 3 65 0
542 ORDER 543 95 39 1 2 1
543 ORDER 544 10 48 57 67 1
544 ORDER 545 94 15 1 8 1
545 ORDER 546 51 30 1 35 0
546 ORDER 547 71 59 89 67 0
547 ORDER 548 9 29 2 5 0
548 UNBLOCK 81 15
548 ORDER 549 32 14 2 9 0
549 ORDER 550 77 27 2 56 2
550 ORDER 551 42 3 73 67 0
550 BLOCK 36 60
551 UNBLOCK 16 18
551 ORDER 552 59 20 2 64 1
552 ORDER 553 59 20 38 67 0
553 ORDER 554 40 47 1 39 0
554 ORDER 555 74 60 63 68 2
554 BLOCK 80 29
555 ORDER 556 85 29 1 42 1
556 CANCEL 467
556 CANCEL 514
556 ORDER 557 44 17 3 39 2
557 ORDER 558 54 17 2 38 1
558 ORDER 559 76 27 1 2 1
559 ORDER 560 90 48 3 3 1
559 BLOCK 61 59
560 ORDER 561 16 42 94 68 1
561 ORDER 562 46 50 2 52 0
562 ORDER 563 86 53 77 68 1
563 ORDER 564 40 26 3 64 1
564 ORDER 565 86 18 1 3 0
565 CANCEL 538
565 ORDER 566 54 23 1 52 1
566 ORDER 567 50 37 56 67 2
566 BLOCK 77 3
567 UNBLOCK 54 8
567 ORDER 568 66 53 57 67 0
568 ORDER 569 81 41 2 1 3
569 ORDER 570 6 65 85 67 2
570 ORDER 571 34 63 3 64 0
571 ORDER 572 28 41 4 67 0
571 BLOCK 9 65
572 ORDER 573 53 54 1 5 0
573 ORDER 574 95 24 3 57 1
574 UNBLOCK 81 20
574 ORDER 575 85 48 2 44 3
575 UNBLOCK 36 27
575 ORDER 576 32 38 3 62 2
576 UNBLOCK 9 62
576 ORDER 577 95 6 2 53 0
577 UNBLOCK 69 33
577 UNBLOCK 15 24
577 ORDER 578 21 50 70 68 0
578 ORDER 579 23 47 2 34 0
578 BLOCK 93 23
579 UNBLOCK 77 27
579 ORDER 580 52 54 11 68 2
580 ORDER 581 32 51 68 67 0
581 ORDER 582 93 30 65 68 1
582 ORDER 583 62 48 18 68 2
583 ORDER 584 67 3 86 68 0
584 UNBLOCK 36 60
584 ORDER 585 15 65 2 67 0
584 BLOCK 75 1
585 ORDER 586 18 27 17 67 0
586 CANCEL 537
586 ORDER 587 28 14 1 33 0
587 ORDER 588 42 32 2 59 1
588 ORDER 589 13 62 3 61 0
589 CANCEL 449
589 ORDER 590 88 3 3 64 0
590 ORDER 591 50 17 83 67 0
591 ORDER 592 28 51 2 21 0
591 BLOCK 25 18
592 ORDER 593 67 50 1 57 2
593 UNBLOCK 10 38
593 ORDER 594 56 50 96 67 1
594 ORDER 595 33 44 1 22 0
595 ORDER 596 65 26 1 48 1
596 ORDER 597 58 12 3 16 0
597 ORDER 598 72 50 1 65 0
598 ORDER 599 73 53 2 37 0
599 ORDER 600 68 20 1 46 1
600 ORDER 601 64 62 42 67 1
601 ORDER 602 57 29 11 67 0
602 ORDER 603 65 33 72 68 0
602 BLOCK 90 21
603 ORDER 604 79 56 1 13 3
603 BLOCK 5 2
604 ORDER 605 13 62 28 67 3
604 BLOCK 90 33
605 ORDER 606 73 3 3 32 3
606 ORDER 607 56 21 3 32 0
607 ORDER 608 58 11 3 60 0
607 BLOCK 15 29
608 ORDER 609 6 33 70 68 3
609 CANCEL 491
609 ORDER 610 8 44 1 48 1
609 BLOCK 39 36
610 ORDER 611 53 39 44 68 0
610 BLOCK 87 11
611 ORDER 612 54 20 2 23 2
612 ORDER 613 92 33 47 68 1
612 BLOCK 35 42
613 ORDER 614 9 33 33 67 1
614 CANCEL 490
614 ORDER 615 71 48 3 58 0
615 ORDER 616 20 15 1 61 0
616 ORDER 617 54 14 42 68 0
617 ORDER 618 56 27 93 67 0
618 ORDER 619 45 47 2 59 0
619 ORDER 620 58 50 3 63 0
620 ORDER 621 42 17 2 56 2
621 ORDER 622 95 54 1 43 0
622 ORDER 623 11 49 26 67 2
623 ORDER 624 11 21 1 15 0
624 ORDER 625 65 20 48 67 2
625 ORDER 626 18 60 31 67 0
626 ORDER 627 89 54 20 68 0
627 UNBLOCK 80 29
627 ORDER 628 69 20 1 27 0
628 UNBLOCK 88 6
628 ORDER 629 89 35 55 68 1
629 ORDER 630 64 11 2 53 0
630 UNBLOCK 80 60
630 ORDER 631 16 65 3 5 1
631 UNBLOCK 5 2
631 ORDER 632 83 20 2 44 0
632 UNBLOCK 77 3
632 ORDER 633 18 11 2 21 2
633 ORDER 634 23 29 2 60 0
634 UNBLOCK 39 36
634 ORDER 635 10 50 3 36 1
635 ORDER 636 8 63 1 68 0
636 ORDER 637 17 51 81 67 1
637 UNBLOCK 25 18
637 ORDER 638 28 56 3 56 3
638 ORDER 639 8 44 58 68 0
639 UNBLOCK 61 59
639 ORDER 640 85 12 3 3 0
639 BLOCK 5 62
640 ORDER 641 16 51 2 56 0
641 ORDER 642 77 21 2 42 2
642 ORDER 643 89 32 3 7 3
643 ORDER 644 27 39 93 67 1
644 ORDER 645 7 31 46 67 0
645 ORDER 646 71 47 3 66 1
646 ORDER 647 51 21 3 6 0
647 ORDER 648 27 30 70 67 0
648 ORDER 649 10 23 72 68 2
649 ORDER 650 85 65 1 66 0
650 ORDER 651 18 57 2 10 0
650 BLOCK 21 5
651 ORDER 652 26 29 73 67 0
652 ORDER 653 62 62 76 67 1
653 ORDER 654 89 33 1 24 0
654 ORDER 655 37 17 76 67 0
655 ORDER 656 26 53 2 41 0
655 BLOCK 45 42
656 ORDER 657 49 45 2 53 1
656 BLOCK 19 2
657 ORDER 658 20 57 3 56 0
657 BLOCK 8 2
658 UNBLOCK 9 65
658 UNBLOCK 75 1
658 ORDER 659 26 5 92 67 0
659 UNBLOCK 93 23
659 ORDER 660 95 54 79 67 0
659 BLOCK 43 11
660 ORDER 661 53 21 25 68 2
661 ORDER 662 88 23 3 35 0
662 ORDER 663 32 15 1 12 0
663 ORDER 664 50 54 2 31 2
663 BLOCK 75 51
664 ORDER 665 73 57 35 68 0
665 ORDER 666 71 39 3 49 0
665 BLOCK 68 8
666 UNBLOCK 90 21
666 ORDER 667 12 9 7 67 0
667 ORDER 668 11 62 1 3 2
668 UNBLOCK 5 62
668 ORDER 669 53 47 1 47 1
669 ORDER 670 8 8 1 18 0
670 UNBLOCK 90 33
670 ORDER 671 20 3 72 67 1
670 BLOCK 73 53
671 ORDER 672 88 42 3 53 2
672 ORDER 673 93 51 2 18 0
673 ORDER 674 16 57 1 28 0
674 ORDER 675 21 9 3 59 2
675 CANCEL 628
675 ORDER 676 30 45 11 67 2
675 BLOCK 54 11
676 ORDER 677 80 45 2 10 0
677 ORDER 678 74 26 2 45 2
677 BLOCK 86 26
678 UNBLOCK 35 42
678 ORDER 679 25 12 3 8 1
679 ORDER 680 20 11 65 68 0
680 ORDER 681 57 41 1 9 1
681 ORDER 682 40 50 10 67 0
682 ORDER 683 68 27 1 7 0
683 UNBLOCK 8 2
683 ORDER 684 38 11 28 67 0
684 ORDER 685 89 36 2 11 2
685 ORDER 686 15 51 3 65 0
686 ORDER 687 71 48 3 19 0
687 ORDER 688 79 27 75 68 1
688 ORDER 689 44 33 74 68 0
689 ORDER 690 69 42 70 68 0
689 BLOCK 60 17
690 ORDER 691 84 21 5 67 0
691 UNBLOCK 87 11
691 ORDER 692 48 35 26 67 1
692 ORDER 693 57 12 3 17 1
693 ORDER 694 49 24 3 7 0
694 ORDER 695 87 6 11 67 0
695 ORDER 696 30 54 49 68 0
696 UNBLOCK 21 5
696 ORDER 697 88 12 25 68 1
697 UNBLOCK 15 29
697 UNBLOCK 73 53
697 ORDER 698 90 65 40 68 0
698 UNBLOCK 43 11
698 ORDER 699 83 51 2 68 1
698 BLOCK 82 8
699 ORDER 700 40 32 65 67 1
700 ORDER 701 57 23 97 67 0
701 UNBLOCK 45 42
701 UNBLOCK 75 51
701 UNBLOCK 68 8
701 ORDER 702 88 50 3 5 0
702 ORDER 703 59 36 69 68 0
703 UNBLOCK 60 17
703 ORDER 704 12 11 3 47 3
704 ORDER 705 52 63 3 39 1
705 ORDER 706 43 54 66 67 1
706 ORDER 707 18 23 77 67 0
706 BLOCK 91 33
707 CANCEL 663
707 ORDER 708 32 42 21 68 2
708 ORDER 709 60 65 1 22 1
709 ORDER 710 72 17 1 31 0
710 ORDER 711 28 42 43 67 0
711 ORDER 712 11 42 3 63 0
712 ORDER 713 10 12 78 68 2
713 ORDER 714 61 5 3 22 0
714 ORDER 715 39 44 69 67 0
715 ORDER 716 11 33 3 54 0
716 ORDER 717 39 32 3 20 0
716 BLOCK 48 11
717 ORDER 718 69 11 2 50 0
717 BLOCK 67 18
718 ORDER 719 82 60 2 27 1
718 BLOCK 68 26
719 CANCEL 533
719 CANCEL 626
719 CANCEL 710
719 ORDER 720 82 48 33 68 0
719 BLOCK 7 23
720 ORDER 721 72 5 74 68 0
720 BLOCK 46 50
721 ORDER 722 59 56 55 67 1
722 ORDER 723 19 8 96 68 0
722 BLOCK 67 62
723 ORDER 724 77 54 3 16 0
724 ORDER 725 53 14 53 67 0
725 CANCEL 645
725 ORDER 726 93 60 2 5 0
726 ORDER 727 71 8 2 35 1
726 BLOCK 41 45
727 ORDER 728 94 36 80 68 0
728 ORDER 729 52 57 77 68 0
729 ORDER 730 16 30 91 67 1
729 BLOCK 39 17
730 ORDER 731 52 8 98 67 0
731 ORDER 732 46 27 40 67 0
731 BLOCK 85 41
732 ORDER 733 8 38 39 68 2
732 BLOCK 44 44
733 ORDER 734 27 63 59 67 0
734 ORDER 735 60 12 12 67 1
735 ORDER 736 45 32 35 68 0
736 ORDER 737 83 5 1 11 0
737 ORDER 738 59 9 3 65 0
738 UNBLOCK 19 2
738 UNBLOCK 48 11
738 ORDER 739 30 39 2 22 3
738 BLOCK 20 56
739 ORDER 740 67 12 3 23 0
740 ORDER 741 30 29 3 67 3
741 ORDER 742 54 47 3 17 0
742 ORDER 743 43 21 3 4 0
743 ORDER 744 80 44 3 59 0
744 ORDER 745 60 62 26 68 1
745 ORDER 746 7 60 2 7 0
746 UNBLOCK 82 8
746 UNBLOCK 46 50
746 ORDER 747 31 23 70 67 0
747 ORDER 748 47 39 3 36 0
747 BLOCK 75 29
748 ORDER 749 62 24 2 7 1
748 BLOCK 87 21
749 ORDER 750 61 59 1 7 0
750 ORDER 751 83 57 1 56 0
751 ORDER 752 81 63 13 67 0
752 ORDER 753 51 3 87 68 0
753 ORDER 754 91 5 3 11 0
754 ORDER 755 21 60 7 67 0
755 ORDER 756 21 23 71 67 0
756 ORDER 757 47 42 2 7 0
757 UNBLOCK 67 18
757 ORDER 758 86 54 68 68 1
758 ORDER 759 8 65 3 44 3
759 ORDER 760 47 30 61 67 0
760 CANCEL 728
760 ORDER 761 58 57 3 45 0
760 BLOCK 38 53
761 UNBLOCK 86 26
761 ORDER 762 78 32 46 68 1
762 ORDER 763 53 23 3 1 0
763 UNBLOCK 91 33
763 ORDER 764 48 45 1 57 0
764 ORDER 765 66 15 14 68 0
765 ORDER 766 18 33 2 19 1
766 ORDER 767 92 59 1 14 0
767 ORDER 768 67 41 1 19 0
768 UNBLOCK 68 26
768 ORDER 769 91 18 1 8 0
768 BLOCK 8 11
769 CANCEL 739
769 ORDER 770 86 48 3 53 0
770 ORDER 771 31 17 27 68 0
771 ORDER 772 86 50 1 10 1
772 UNBLOCK 75 29
772 ORDER 773 29 59 73 67 0
772 BLOCK 50 68
773 ORDER 774 41 62 3 28 1
774 ORDER 775 92 62 1 26 1
775 UNBLOCK 54 11
775 ORDER 776 16 62 83 67 2
776 UNBLOCK 38 53
776 ORDER 777 48 39 1 54 1
777 ORDER 778 17 17 1 23 2
778 ORDER 779 42 35 2 7 2
779 ORDER 780 13 50 66 67 0
780 ORDER 781 27 45 2 32 1
781 ORDER 782 85 50 90 67 0
782 ORDER 783 13 33 3 44 0
783 ORDER 784 36 24 3 25 2
784 ORDER 785 12 35 2 45 0
785 UNBLOCK 87 21
785 ORDER 786 22 57 3 53 1
786 UNBLOCK 44 44
786 ORDER 787 20 41 10 68 0
787 ORDER 788 86 29 1 25 0
788 ORDER 789 18 65 7 67 1
788 BLOCK 34 50
789 ORDER 790 72 47 52 68 0
790 UNBLOCK 7 23
790 ORDER 791 68 30 3 31 0
791 ORDER 792 25 65 85 67 1
791 BLOCK 6 65
792 ORDER 793 77 39 2 3 2
792 BLOCK 51 38
793 UNBLOCK 39 17
793 ORDER 794 95 5 52 67 2
794 ORDER 795 34 3 73 67 0
795 ORDER 796 72 6 90 68 2
796 ORDER 797 94 3 1 33 0
797 ORDER 798 85 23 2 7 0
797 BLOCK 75 35
798 ORDER 799 48 45 11 68 0
799 ORDER 800 68 6 2 31 0
800 CANCEL 616
800 ORDER 801 45 24 3 56 0
801 ORDER 802 18 63 3 47 0
802 ORDER 803 77 12 3 3 0
803 ORDER 804 55 14 57 68 1
804 UNBLOCK 41 45
804 ORDER 805 40 29 52 67 0
805 ORDER 806 26 9 3 25 1
806 UNBLOCK 85 41
806 ORDER 807 19 12 3 43 0
807 ORDER 808 65 23 48 68 0
808 ORDER 809 31 21 10 67 0
808 BLOCK 13 51
809 UNBLOCK 67 62
809 UNBLOCK 20 56
809 ORDER 810 12 29 39 68 2
810 ORDER 811 30 54 1 6 0
810 BLOCK 58 62
811 ORDER 812 18 47 65 67 0
812 ORDER 813 59 38 2 68 0
812 BLOCK 52 2
813 ORDER 814 6 51 2 43 0
814 ORDER 815 63 62 19 68 0
815 ORDER 816 50 36 3 4 1
816 ORDER 817 49 14 88 67 0
816 BLOCK 85 8
817 ORDER 818 53 17 2 58 0
817 BLOCK 44 27
818 ORDER 819 70 48 36 67 0
818 BLOCK 81 66
819 ORDER 820 68 24 2 4 0
820 ORDER 821 54 23 47 67 0
821 ORDER 822 83 15 3 9 1
822 ORDER 823 33 48 1 62 0
823 UNBLOCK 6 65
823 ORDER 824 37 44 1 14 2
824 ORDER 825 60 45 45 67 0
825 ORDER 826 6 63 1 32 0
826 ORDER 827 44 63 41 68 0
827 ORDER 828 53 24 2 61 0
828 ORDER 829 15 51 1 22 1
829 ORDER 830 67 30 1 15 1
830 ORDER 831 95 36 26 67 1
831 ORDER 832 68 32 1 11 0
831 BLOCK 37 65
832 ORDER 833 29 39 2 10 0
832 BLOCK 13 12
833 ORDER 834 11 57 18 68 1
834 ORDER 835 31 62 2 3 0
835 ORDER 836 34 5 2 17 1
836 ORDER 837 12 65 23 67 2
836 BLOCK 94 21
837 UNBLOCK 85 8
837 ORDER 838 67 23 89 68 1
838 ORDER 839 68 53 2 59 2
839 UNBLOCK 8 11
839 ORDER 840 62 62 89 68 2
840 UNBLOCK 13 51
840 ORDER 841 40 23 1 23 0
841 ORDER 842 38 65 19 68 1
842 ORDER 843 31 11 34 68 0
843 ORDER 844 37 50 1 41 0
844 ORDER 845 67 60 2 57 0
845 ORDER 846 63 33 61 68 1
846 ORDER 847 56 21 2 29 1
846 BLOCK 84 20
847 UNBLOCK 50 68
847 ORDER 848 73 21 2 38 1
848 ORDER 849 13 15 1 56 3
849 ORDER 850 36 50 68 67 3
850 CANCEL 761
850 ORDER 851 72 42 1 2 0
850 BLOCK 68 12
851 UNBLOCK 34 50
851 ORDER 852 6 14 78 68 3
852 UNBLOCK 81 66
852 ORDER 853 7 20 3 12 0
853 ORDER 854 70 23 2 42 0
854 ORDER 855 19 45 3 37 0
855 ORDER 856 30 38 2 17 1
856 CANCEL 736
856 ORDER 857 15 47 2 21 0
857 CANCEL 765
857 ORDER 858 48 18 3 3 2
857 BLOCK 72 52
858 UNBLOCK 44 27
858 ORDER 859 58 51 3 26 1
859 ORDER 860 43 27 3 8 0
860 ORDER 861 86 44 82 68 1
861 ORDER 862 38 62 47 68 1
861 BLOCK 93 44
862 ORDER 863 70 39 1 8 0
862 BLOCK 45 5
863 ORDER 864 32 55 3 34 0
864 ORDER 865 64 38 33 68 3
865 UNBLOCK 75 35
865 ORDER 866 85 23 2 26 1
866 ORDER 867 26 44 2 43 0
867 ORDER 868 51 38 2 15 1
867 BLOCK 64 8
868 ORDER 869 61 48 1 27 0
869 ORDER 870 83 29 18 67 0
870 UNBLOCK 84 20
870 ORDER 871 55 6 8 67 0
871 UNBLOCK 94 21
871 ORDER 872 76 24 3 28 0
872 ORDER 873 45 23 3 19 0
872 BLOCK 38 3
873 ORDER 874 22 60 2 28 1
874 ORDER 875 23 23 3 13 1
875 ORDER 876 57 51 2 3 0
876 ORDER 877 16 35 66 67 0
876 BLOCK 66 44
877 ORDER 878 53 41 2 36 0
878 ORDER 879 84 17 63 67 0
879 ORDER 880 64 63 68 67 0
880 UNBLOCK 37 65
880 ORDER 881 87 63 2 20 0
881 ORDER 882 64 23 61 68 0
882 UNBLOCK 51 38
882 UNBLOCK 13 12
882 ORDER 883 36 11 87 68 0
883 ORDER 884 7 33 3 11 0
884 ORDER 885 12 60 1 66 1
885 ORDER 886 16 62 3 10 2
885 BLOCK 37 18
886 ORDER 887 75 17 38 68 1
887 ORDER 888 62 3 1 40 1
888 ORDER 889 8 57 40 68 2
889 UNBLOCK 52 2
889 ORDER 890 70 14 2 46 0
890 ORDER 891 37 53 3 6 0
890 BLOCK 63 49
891 CANCEL 858
891 ORDER 892 7 3 3 61 1
892 ORDER 893 83 15 1 46 0
893 UNBLOCK 58 62
893 ORDER 894 40 32 1 32 0
893 BLOCK 92 21
894 ORDER 895 37 59 24 67 0
895 ORDER 896 44 26 15 68 0
896 ORDER 897 51 53 1 33 1
897 ORDER 898 39 29 86 68 2
898 ORDER 899 47 56 2 47 0
899 ORDER 900 66 39 2 53 0
900 ORDER 901 83 59 61 68 0
901 UNBLOCK 38 3
901 ORDER 902 9 47 3 8 0
902 ORDER 903 44 14 7 67 0
903 ORDER 904 44 54 64 67 1
904 CANCEL 735
904 ORDER 905 62 36 1 2 0
904 BLOCK 12 50
905 ORDER 906 38 15 62 67 1
906 ORDER 907 7 24 1 49 0
907 ORDER 908 57 45 3 68 0
908 ORDER 909 57 33 88 67 0
908 BLOCK 84 53
909 ORDER 910 78 21 3 23 0
910 ORDER 911 77 12 1 36 0
911 ORDER 912 6 6 38 67 1
912 ORDER 913 16 3 32 68 1
913 ORDER 914 30 27 1 42 0
914 ORDER 915 29 23 72 67 1
915 ORDER 916 28 17 1 2 3
916 ORDER 917 52 3 1 33 0
917 ORDER 918 89 60 1 9 1
918 ORDER 919 84 65 1 61 0
919 ORDER 920 87 44 2 1 0
919 BLOCK 46 44
920 ORDER 921 38 56 1 40 0
921 ORDER 922 54 12 47 67 1
921 BLOCK 76 2
922 ORDER 923 92 20 55 67 1
923 CANCEL 845
923 ORDER 924 69 29 1 18 3
924 ORDER 925 35 5 14 67 0
925 ORDER 926 19 8 76 68 0
926 ORDER 927 41 30 25 68 1
927 ORDER 928 15 11 1 2 0
928 ORDER 929 63 62 2 63 1
929 UNBLOCK 93 44
929 ORDER 930 75 41 16 68 2
929 BLOCK 54 53
930 ORDER 931 16 39 3 10 0
930 BLOCK 84 36
931 ORDER 932 36 59 3 30 1
932 ORDER 933 39 14 1 5 0
933 UNBLOCK 46 44
933 ORDER 934 86 5 1 67 1
934 ORDER 935 33 14 3 11 0
935 ORDER 936 51 51 2 28 1
935 CANCEL 100936
936 ORDER 937 94 38 30 67 1
936 BLOCK 41 5
937 ORDER 938 22 57 37 68 0
937 BLOCK 40 6
938 UNBLOCK 72 52
938 ORDER 939 16 60 2 15 0
938 BLOCK 54 67
939 ORDER 940 41 9 1 23 1
939 BLOCK 81 26
940 ORDER 941 69 42 3 67 0
940 BLOCK 6 56
941 ORDER 942 85 59 34 68 0
942 ORDER 943 40 47 71 68 0
943 ORDER 944 51 23 3 53 0
944 UNBLOCK 12 50
944 ORDER 945 27 5 2 25 1
945 ORDER 946 90 56 1 13 0
946 ORDER 947 38 50 65 68 1
947 UNBLOCK 68 12
947 ORDER 948 32 47 3 52 0
948 UNBLOCK 45 5
948 ORDER 949 11 21 2 9 0
948 BLOCK 69 12
949 UNBLOCK 63 49
949 ORDER 950 86 26 42 68 1
950 ORDER 951 90 32 1 36 0
950 BLOCK 36 29
951 ORDER 952 48 12 77 68 1
952 UNBLOCK 64 8
952 CANCEL 941
952 ORDER 953 59 59 1 31 2
952 CANCEL 100953
952 BLOCK 75 3
953 UNBLOCK 92 21
953 ORDER 954 28 21 2 54 1
954 UNBLOCK 40 6
954 ORDER 955 23 62 78 68 3
955 ORDER 956 64 27 2 46 1
956 ORDER 957 71 9 2 10 0
957 ORDER 958 87 20 96 68 0
958 UNBLOCK 84 53
958 UNBLOCK 54 67
958 ORDER 959 84 8 86 68 0
958 BLOCK 69 4
959 ORDER 960 44 63 3 18 2
960 ORDER 961 61 59 2 9 1
961 ORDER 962 32 14 45 67 0
962 ORDER 963 22 53 98 68 0
963 ORDER 964 39 12 62 67 0
964 ORDER 965 56 15 27 67 2
965 ORDER 966 55 51 1 18 1
966 ORDER 967 19 35 2 49 0
966 BLOCK 51 53
967 UNBLOCK 37 18
967 ORDER 968 93 65 3 34 1
968 CANCEL 811
968 ORDER 969 94 15 40 67 1
968 BLOCK 79 57
969 ORDER 970 38 9 72 67 2
969 BLOCK 81 23
970 ORDER 971 65 24 51 67 0
971 UNBLOCK 66 44
971 ORDER 972 49 26 63 67 0
972 ORDER 973 25 39 75 67 1
973 ORDER 974 67 47 2 1 1
973 BLOCK 50 6
974 UNBLOCK 54 53
974 ORDER 975 86 15 61 68 0
975 ORDER 976 60 6 8 67 1
976 ORDER 977 86 5 3 11 1
977 UNBLOCK 84 36
977 ORDER 978 37 60 90 67 0
978 ORDER 979 76 9 28 67 0
979 ORDER 980 41 57 1 51 0
980 CANCEL 785
980 CANCEL 801
980 ORDER 981 18 26 19 67 0
980 BLOCK 18 21
981 ORDER 982 44 21 3 61 0
982 ORDER 983 70 47 33 68 0
983 UNBLOCK 76 2
983 ORDER 984 48 11 2 29 1
983 BLOCK 40 6
984 ORDER 985 30 62 24 68 0
985 UNBLOCK 81 26
985 ORDER 986 63 45 1 47 0
985 BLOCK 5 4
986 UNBLOCK 75 3
986 CANCEL 959
986 ORDER 987 71 6 10 68 0
987 ORDER 988 17 44 64 67 2
988 ORDER 989 71 21 87 68 1
989 UNBLOCK 41 5
989 ORDER 990 63 24 2 14 0
990 ORDER 991 70 11 13 68 0
991 ORDER 992 46 39 2 23 3
992 CANCEL 812
992 ORDER 993 91 24 35 68 3
993 ORDER 994 64 33 2 11 0
993 BLOCK 86 54
994 UNBLOCK 69 12
994 ORDER 995 19 15 2 45 0
994 BLOCK 49 24
995 ORDER 996 6 33 1 5 0
996 ORDER 997 80 27 1 28 0
997 ORDER 998 63 39 1 14 1
998 ORDER 999 82 17 56 68 0
999 ORDER 1000 68 53 2 5 0
999 BLOCK 74 9
1000 ORDER 1001 65 26 1 62 3
1001 ORDER 1002 90 9 3 19 0
1002 ORDER 1003 80 26 65 67 1
1003 ORDER 1004 38 53 14 68 3
1004 ORDER 1005 63 54 87 68 0
1005 ORDER 1006 90 50 71 67 1
1006 ORDER 1007 69 29 3 68 1
1007 ORDER 1008 76 21 2 16 0
1008 ORDER 1009 28 26 57 68 0
1009 ORDER 1010 23 62 3 30 2
1010 ORDER 1011 34 23 2 26 0
1011 ORDER 1012 43 27 3 20 0
1012 ORDER 1013 95 23 3 6 0
1013 ORDER 1014 89 60 1 60 0
1014 UNBLOCK 6 56
1014 ORDER 1015 69 53 3 18 1
1015 UNBLOCK 36 29
1015 UNBLOCK 69 4
1015 ORDER 1016 15 29 18 68 0
1016 UNBLOCK 79 57
1016 ORDER 1017 52 44 3 54 1
1017 ORDER 1018 75 65 28 67 0
1018 ORDER 1019 9 35 12 67 0
1018 BLOCK 80 29
1019 UNBLOCK 51 53
1019 ORDER 1020 88 59 3 32 0
1020 ORDER 1021 29 26 1 44 0
1021 CANCEL 831
1021 ORDER 1022 41 17 46 68 0
1022 UNBLOCK 40 6
1022 ORDER 1023 87 63 4 68 1
1023 ORDER 1024 43 24 3 32 0
1024 ORDER 1025 30 30 24 67 1
1025 ORDER 1026 68 54 1 6 0
1026 ORDER 1027 66 18 39 68 1
1027 ORDER 1028 27 42 2 51 0
1028 ORDER 1029 23 20 2 52 0
1029 ORDER 1030 75 11 52 68 0
1030 ORDER 1031 21 63 2 20 0
1030 BLOCK 20 62
1031 ORDER 1032 19 20 2 27 2
1031 BLOCK 88 51
1032 ORDER 1033 6 20 2 68 3
1032 BLOCK 20 62
1033 ORDER 1034 10 56 2 27 0
1034 ORDER 1035 68 47 2 58 0
1035 ORDER 1036 77 39 66 67 0
1035 BLOCK 21 35
1036 ORDER 1037 42 27 3 56 2
1036 BLOCK 93 45
1037 ORDER 1038 37 57 2 57 0
1038 UNBLOCK 49 24
1038 ORDER 1039 33 6 5 68 0
1038 BLOCK 81 53
1039 ORDER 1040 86 3 72 68 0
1039 BLOCK 62 40
1040 ORDER 1041 33 26 1 52 0
1041 ORDER 1042 79 12 30 68 1
1042 ORDER 1043 94 29 1 52 2
1043 ORDER 1044 68 12 2 40 0
1044 ORDER 1045 18 21 23 67 0
1045 ORDER 1046 89 12 1 34 0
1046 ORDER 1047 9 60 67 67 0
1047 ORDER 1048 19 42 55 67 1
1047 BLOCK 27 32
1048 ORDER 1049 59 24 80 68 0
1049 ORDER 1050 59 57 80 68 3
1050 ORDER 1051 24 6 69 67 0
1051 ORDER 1052 10 24 1 18 0
1052 UNBLOCK 81 23
1052 UNBLOCK 50 6
1052 ORDER 1053 43 56 69 67 1
1052 BLOCK 56 41
1053 ORDER 1054 95 56 2 28 0
1054 UNBLOCK 21 35
1054 ORDER 1055 91 29 85 67 0
1055 ORDER 1056 41 35 1 11 1
1056 ORDER 1057 83 65 1 38 3
1057 ORDER 1058 57 26 3 21 0
1058 ORDER 1059 77 18 16 68 0
1059 UNBLOCK 86 54
1059 ORDER 1060 77 23 2 15 2
1060 ORDER 1061 27 33 3 2 1
1060 BLOCK 23 64
1061 CANCEL 968
1061 ORDER 1062 8 51 2 1 0
1062 ORDER 1063 25 50 14 67 0
1063 UNBLOCK 18 21
1063 UNBLOCK 81 53
1063 ORDER 1064 81 65 27 67 0
1064 UNBLOCK 62 40
1064 ORDER 1065 39 56 88 68 1
1065 ORDER 1066 43 17 13 68 0
1066 ORDER 1067 31 17 50 68 0
1067 ORDER 1068 9 62 3 27 0
1068 ORDER 1069 48 14 3 68 2
1069 CANCEL 957
1069 ORDER 1070 6 45 3 5 0
1070 ORDER 1071 53 33 1 4 0
1071 ORDER 1072 55 42 98 68 0
1072 ORDER 1073 32 6 9 67 0
1073 ORDER 1074 61 21 28 67 0
1074 ORDER 1075 76 65 28 68 1
1075 ORDER 1076 55 21 11 67 0
1075 BLOCK 25 2
1076 UNBLOCK 27 32
1076 ORDER 1077 28 65 45 67 0
1077 ORDER 1078 77 41 71 68 0
1078 ORDER 1079 64 5 1 38 0
1078 BLOCK 92 48
1079 ORDER 1080 94 18 51 68 0
1079 BLOCK 40 4
1080 ORDER 1081 39 5 34 68 0
1081 UNBLOCK 74 9
1081 ORDER 1082 93 8 3 40 1
1082 ORDER 1083 36 21 27 67 1
1083 UNBLOCK 5 4
1083 ORDER 1084 73 32 72 67 1
1084 ORDER 1085 9 57 3 30 1
1085 UNBLOCK 88 51
1085 ORDER 1086 7 27 43 67 0
1086 UNBLOCK 80 29
1086 ORDER 1087 32 9 84 68 1
1086 BLOCK 87 67
1087 ORDER 1088 32 57 20 67 0
1088 CANCEL 1043
1088 ORDER 1089 30 32 3 6 0
1089 ORDER 1090 53 39 2 67 1
1090 ORDER 1091 79 51 87 67 1
1091 ORDER 1092 23 32 1 32 0
1092 UNBLOCK 23 64
1092 ORDER 1093 69 8 97 68 0
1093 ORDER 1094 66 51 1 33 0
1093 BLOCK 88 29
1094 ORDER 1095 44 6 2 57 0
1095 UNBLOCK 93 45
1095 ORDER 1096 70 38 3 51 0
1096 ORDER 1097 82 38 1 17 0
1097 ORDER 1098 25 9 26 67 0
1098 ORDER 1099 35 44 3 32 0
1099 UNBLOCK 20 62
1099 ORDER 1100 72 26 44 68 1
1100 ORDER 1101 61 3 3 21 0
1101 ORDER 1102 74 59 15 68 0
1102 ORDER 1103 86 62 4 68 0
1103 ORDER 1104 24 21 2 20 0
1104 ORDER 1105 22 50 3 56 2
1104 BLOCK 36 54
1105 CANCEL 948
1105 UNBLOCK 25 2
1105 ORDER 1106 49 53 1 36 3
1106 ORDER 1107 77 42 2 1 0
1107 ORDER 1108 11 50 75 67 0
1108 ORDER 1109 32 42 75 68 1
1109 ORDER 1110 58 56 3 52 0
1110 ORDER 1111 16 30 1 53 0
1110 BLOCK 46 41
1111 ORDER 1112 32 14 82 67 0
1112 ORDER 1113 53 47 2 32 1
1113 ORDER 1114 80 56 2 5 1
1114 ORDER 1115 70 42 94 68 2
1114 BLOCK 7 9
1115 ORDER 1116 35 26 5 67 1
1116 UNBLOCK 20 62
1116 ORDER 1117 35 23 2 12 0
1117 ORDER 1118 37 12 57 68 0
1118 ORDER 1119 49 15 32 67 0
1118 BLOCK 88 17
1119 ORDER 1120 73 47 3 45 2
1120 ORDER 1121 70 45 1 53 2
1121 ORDER 1122 58 60 1 24 1
1122 ORDER 1123 74 17 3 24 1
1123 ORDER 1124 37 29 1 14 0
1124 ORDER 1125 33 14 3 67 1
1125 ORDER 1126 24 33 1 53 0
1126 UNBLOCK 56 41
1126 ORDER 1127 69 63 16 68 2
1126 BLOCK 75 12
1127 ORDER 1128 28 48 17 67 0
1128 ORDER 1129 55 5 85 68 1
1128 BLOCK 12 47
1129 ORDER 1130 9 50 93 67 0
1130 ORDER 1131 65 11 2 60 0
1131 ORDER 1132 80 56 50 68 2
1131 BLOCK 46 62
1132 ORDER 1133 72 65 92 67 0
1133 ORDER 1134 9 60 51 67 0
1134 UNBLOCK 88 17
1134 ORDER 1135 8 45 3 42 1
1135 ORDER 1136 86 14 1 38 1
1136 ORDER 1137 22 48 3 29 0
1137 ORDER 1138 43 29 3 1 1
1138 UNBLOCK 92 48
1138 ORDER 1139 16 51 2 10 0
1139 CANCEL 1049
1139 ORDER 1140 88 29 1 57 0
1140 ORDER 1141 32 42 91 67 0
1141 ORDER 1142 36 60 3 37 2
1142 ORDER 1143 60 41 2 56 1
1142 BLOCK 86 39
1143 UNBLOCK 36 54
1143 UNBLOCK 46 41
1143 ORDER 1144 10 32 53 68 0
1144 ORDER 1145 59 51 20 68 0
1145 ORDER 1146 41 56 54 67 3
1146 ORDER 1147 34 6 2 43 3
1147 ORDER 1148 11 42 12 68 0
1148 UNBLOCK 40 4
1148 ORDER 1149 79 38 20 68 0
1149 ORDER 1150 20 22 2 16 2
1150 ORDER 1151 82 48 87 67 0
1151 ORDER 1152 18 14 65 68 0
1152 ORDER 1153 29 20 2 35 0
1153 ORDER 1154 28 30 2 55 0
1154 ORDER 1155 58 45 42 68 1
1155 ORDER 1156 66 41 1 34 1
1156 ORDER 1157 22 45 73 68 0
1157 ORDER 1158 8 36 2 20 0
1158 UNBLOCK 75 12
1158 ORDER 1159 28 30 3 39 0
1159 ORDER 1160 12 11 3 48 1
1160 ORDER 1161 74 32 2 39 0
1160 BLOCK 51 41
1161 ORDER 1162 26 41 12 67 1
1162 UNBLOCK 87 67
1162 ORDER 1163 9 39 40 68 0
1162 BLOCK 42 67
1163 ORDER 1164 34 63 3 60 1
1164 ORDER 1165 83 33 1 15 1
1165 ORDER 1166 19 14 1 24 0
1165 BLOCK 85 57
1166 UNBLOCK 7 9
1166 ORDER 1167 95 35 62 67 1
1167 ORDER 1168 70 12 2 11 0
1168 ORDER 1169 90 44 97 67 0
1169 ORDER 1170 81 47 1 18 0
1169 BLOCK 25 38
1170 ORDER 1171 57 12 5 68 0
1171 ORDER 1172 68 9 3 64 0
1171 BLOCK 74 36
1172 ORDER 1173 92 34 58 67 2
1173 ORDER 1174 47 14 14 67 1
1174 ORDER 1175 18 11 43 67 3
1174 BLOCK 75 43
1175 ORDER 1176 88 24 1 61 0
1176 ORDER 1177 75 32 3 54 1
1176 BLOCK 91 38
1177 ORDER 1178 28 27 3 35 2
1178 ORDER 1179 33 38 3 49 1
1179 ORDER 1180 78 23 3 62 1
1180 ORDER 1181 79 57 1 36 2
1181 ORDER 1182 43 48 2 19 0
1182 UNBLOCK 88 29
1182 ORDER 1183 18 30 62 67 0
1183 ORDER 1184 67 36 3 34 0
1184 ORDER 1185 82 36 2 61 0
1185 ORDER 1186 85 5 1 44 0
1186 ORDER 1187 12 42 3 10 1
1187 ORDER 1188 42 11 1 65 0
1188 ORDER 1189 30 41 34 67 0
1189 ORDER 1190 22 51 32 67 3
1190 ORDER 1191 63 33 95 68 0
1191 CANCEL 1164
1191 ORDER 1192 20 56 39 68 0
1192 ORDER 1193 32 42 90 67 3
1193 UNBLOCK 86 39
1193 UNBLOCK 42 67
1193 ORDER 1194 31 47 63 68 0
1193 BLOCK 75 63
1194 CANCEL 1090
1194 ORDER 1195 75 12 2 15 0
1195 UNBLOCK 74 36
1195 ORDER 1196 6 44 1 22 0
1196 ORDER 1197 86 14 45 67 0
1196 BLOCK 9 18
1197 ORDER 1198 53 18 26 67 0
1198 ORDER 1199 13 50 3 56 0
1199 ORDER 1200 61 3 3 13 0
1200 ORDER 1201 83 24 3 37 0
1201 ORDER 1202 36 14 3 18 0
1202 ORDER 1203 22 62 23 67 1
1203 CANCEL 1022
1203 UNBLOCK 46 62
1203 ORDER 1204 7 47 1 18 0
1204 ORDER 1205 56 60 17 67 0
1205 ORDER 1206 16 18 3 50 2
1206 UNBLOCK 75 63
1206 ORDER 1207 37 60 49 67 0
1206 BLOCK 12 30
1207 ORDER 1208 17 54 1 31 0
1208 ORDER 1209 60 18 2 60 1
1209 ORDER 1210 65 51 57 68 0
1210 ORDER 1211 21 9 60 68 0
1210 BLOCK 15 22
1211 ORDER 1212 20 26 42 68 0
1212 UNBLOCK 75 43
1212 ORDER 1213 6 44 90 67 1
1213 ORDER 1214 94 65 38 67 1
1214 UNBLOCK 12 47
1214 CANCEL 1168
1214 ORDER 1215 50 36 44 67 0
1215 ORDER 1216 39 27 1 34 1
1215 BLOCK 91 11
1216 ORDER 1217 78 21 66 68 0
1217 ORDER 1218 92 40 1 46 0
1218 ORDER 1219 52 59 1 24 0
1219 ORDER 1220 29 39 1 6 0
1220 ORDER 1221 80 36 75 67 3
1220 BLOCK 55 58
1221 ORDER 1222 22 50 69 68 2
1222 ORDER 1223 29 62 2 32 0
1223 ORDER 1224 27 30 2 25 0
1223 BLOCK 6 32
1224 ORDER 1225 29 6 28 67 2
1225 ORDER 1226 41 22 74 68 0
1226 ORDER 1227 55 24 2 3 0
1227 ORDER 1228 36 48 1 41 3
1227 BLOCK 77 9
1228 ORDER 1229 93 20 2 23 0
1229 CANCEL 1040
1229 ORDER 1230 83 15 26 67 0
1230 ORDER 1231 18 3 90 67 0
1231 ORDER 1232 78 20 57 68 1
1232 ORDER 1233 34 3 2 64 0
1233 ORDER 1234 80 48 2 55 0
1234 ORDER 1235 16 35 2 23 0
1234 BLOCK 73 37
1235 UNBLOCK 25 38
1235 ORDER 1236 69 12 14 68 0
1236 ORDER 1237 8 26 3 5 0
1237 UNBLOCK 91 38
1237 ORDER 1238 42 17 78 67 0
1238 ORDER 1239 52 50 1 22 0
1238 BLOCK 46 46
1239 ORDER 1240 36 51 26 68 1
1240 CANCEL 1203
1240 ORDER 1241 39 17 28 67 0
1241 ORDER 1242 36 32 15 68 0
1242 ORDER 1243 50 18 3 38 1
1243 ORDER 1244 25 11 61 67 2
1244 ORDER 1245 48 62 2 30 0
1245 UNBLOCK 51 41
1245 ORDER 1246 88 42 1 50 0
1245 BLOCK 86 14
1246 ORDER 1247 79 56 3 66 1
1247 ORDER 1248 49 59 1 42 0
1248 ORDER 1249 61 42 2 61 1
1249 UNBLOCK 6 32
1249 ORDER 1250 15 45 92 68 0
1249 BLOCK 50 26
1250 ORDER 1251 81 65 58 68 2
1251 ORDER 1252 27 9 2 28 0
1252 ORDER 1253 8 29 75 68 0
1253 UNBLOCK 85 57
1253 ORDER 1254 91 65 54 67 1
1254 ORDER 1255 29 15 80 68 0
1255 ORDER 1256 34 41 3 31 1
1256 ORDER 1257 29 21 20 67 2
1257 ORDER 1258 54 3 16 68 0
1258 ORDER 1259 67 51 2 27 0
1259 ORDER 1260 8 24 13 68 3
1260 ORDER 1261 69 62 2 42 0
1261 ORDER 1262 37 32 94 68 0
1262 ORDER 1263 7 5 92 67 1
1263 ORDER 1264 9 3 3 12 0
1264 ORDER 1265 29 21 20 67 0
1265 UNBLOCK 15 22
1265 ORDER 1266 9 9 12 67 3
1266 ORDER 1267 75 3 1 23 2
1267 UNBLOCK 9 18
1267 UNBLOCK 91 11
1267 ORDER 1268 94 65 51 68 0
1268 ORDER 1269 23 29 71 67 0
1269 ORDER 1270 18 3 63 67 1
1269 BLOCK 69 6
1270 ORDER 1271 33 44 90 67 0
1271 ORDER 1272 41 11 2 35 0
1272 ORDER 1273 90 26 1 66 0
1273 ORDER 1274 64 6 32 67 0
1274 ORDER 1275 91 11 3 45 0
1275 ORDER 1276 49 32 3 65 0
1276 CANCEL 1101
1276 ORDER 1277 48 62 1 57 3
1277 ORDER 1278 91 59 78 67 0
1278 ORDER 1279 24 41 1 66 0
1279 ORDER 1280 68 7 69 68 3
1279 BLOCK 82 38
1280 ORDER 1281 68 26 41 67 0
1281 ORDER 1282 59 50 29 68 2
1282 UNBLOCK 12 30
1282 ORDER 1283 75 50 2 54 2
1283 ORDER 1284 7 17 73 67 0
1284 CANCEL 1268
1284 ORDER 1285 54 42 63 68 2
1285 ORDER 1286 11 48 3 27 0
1286 ORDER 1287 6 51 3 11 2
1286 BLOCK 62 50
1287 ORDER 1288 73 44 83 68 1
1288 ORDER 1289 81 39 56 68 3
1289 ORDER 1290 88 26 1 27 1
1290 ORDER 1291 37 54 2 40 0
1291 ORDER 1292 49 47 80 67 0
1292 ORDER 1293 40 56 47 68 1
1292 BLOCK 79 50
1293 ORDER 1294 94 54 2 58 1
1293 BLOCK 65 48
1294 ORDER 1295 52 29 3 52 1
1295 ORDER 1296 42 63 3 9 1
1295 BLOCK 78 68
1296 ORDER 1297 34 23 82 68 1
1296 BLOCK 79 54
1297 UNBLOCK 77 9
1297 ORDER 1298 65 14 46 68 0
1297 BLOCK 62 50
1298 UNBLOCK 73 37
1298 ORDER 1299 26 48 2 25 0
1299 ORDER 1300 75 32 41 67 0
1300 ORDER 1301 72 65 61 67 1
1301 ORDER 1302 10 14 8 68 0
1302 ORDER 1303 16 18 3 41 0
1302 BLOCK 21 45
1303 ORDER 1304 75 56 1 34 0
1304 UNBLOCK 46 46
1304 ORDER 1305 29 50 2 59 0
1305 ORDER 1306 43 57 10 67 2
1305 BLOCK 41 15
1306 ORDER 1307 57 35 2 34 1
1307 ORDER 1308 81 23 12 68 0
1308 ORDER 1309 17 9 57 67 1
1308 BLOCK 11 47
1309 CANCEL 1241
1309 UNBLOCK 78 68
1309 ORDER 1310 43 5 3 58 1
1310 ORDER 1311 28 8 2 29 3
1310 BLOCK 68 20
1311 ORDER 1312 24 41 2 29 1
1311 BLOCK 5 1
1312 ORDER 1313 58 6 43 68 0
1312 BLOCK 7 9
1313 UNBLOCK 79 54
1313 ORDER 1314 72 63 1 19 0
1314 ORDER 1315 10 61 1 16 1
1314 BLOCK 84 68
1315 ORDER 1316 56 62 2 7 2
1316 ORDER 1317 84 23 1 31 1
1317 ORDER 1318 14 15 31 68 0
1318 UNBLOCK 55 58
1318 ORDER 1319 77 48 94 67 0
1319 ORDER 1320 44 17 14 68 1
1319 BLOCK 61 13
1320 ORDER 1321 89 59 70 67 0
1321 ORDER 1322 49 11 1 13 0
1321 BLOCK 85 5
1322 ORDER 1323 48 29 3 25 0
1323 ORDER 1324 90 11 73 67 2
1324 ORDER 1325 60 47 1 65 0
1325 ORDER 1326 83 8 8 68 1
1326 ORDER 1327 17 63 1 40 2
1327 ORDER 1328 68 51 2 50 1
1328 ORDER 1329 43 3 20 67 2
1329 CANCEL 1328
1329 ORDER 1330 79 45 23 67 0
1330 ORDER 1331 68 12 2 47 0
1331 UNBLOCK 69 6
1331 ORDER 1332 8 26 93 68 1
1332 ORDER 1333 77 47 3 24 0
1333 ORDER 1334 23 47 60 68 0
1334 UNBLOCK 7 9
1334 ORDER 1335 15 14 39 67 0
1335 ORDER 1336 7 20 3 40 0
1335 BLOCK 48 8
1336 UNBLOCK 86 14
1336 ORDER 1337 62 53 1 49 2
1337 UNBLOCK 82 38
1337 ORDER 1338 88 24 98 67 0
1337 CANCEL 101338
1338 ORDER 1339 57 53 91 67 0
1339 CANCEL 1308
1339 ORDER 1340 65 50 3 33 0
1339 BLOCK 59 14
1340 UNBLOCK 21 45
1340 ORDER 1341 86 38 2 56 0
1341 ORDER 1342 30 48 2 21 3
1342 ORDER 1343 13 32 35 68 0
1343 ORDER 1344 62 36 3 57 0
1344 UNBLOCK 50 26
1344 ORDER 1345 57 26 3 32 0
1344 BLOCK 77 54
1345 ORDER 1346 24 21 16 68 0
1346 ORDER 1347 17 5 94 67 0
1347 ORDER 1348 69 41 1 5 0
1348 ORDER 1349 64 29 2 30 0
1349 ORDER 1350 27 32 3 46 2
1350 ORDER 1351 41 51 46 68 0
1351 ORDER 1352 29 9 2 30 1
1352 UNBLOCK 84 68
1352 ORDER 1353 57 5 2 18 0
1352 BLOCK 34 19
1353 ORDER 1354 72 27 3 56 0
1354 ORDER 1355 77 29 3 17 1
1355 ORDER 1356 55 20 17 67 1
1355 BLOCK 18 56
1356 UNBLOCK 62 50
1356 ORDER 1357 47 11 4 67 0
1357 ORDER 1358 81 15 52 68 0
1358 UNBLOCK 79 50
1358 ORDER 1359 21 65 22 67 0
1358 BLOCK 7 47
1359 ORDER 1360 58 60 1 43 1
1360 ORDER 1361 65 24 19 68 1
1361 UNBLOCK 41 15
1361 ORDER 1362 18 50 31 68 0
1362 ORDER 1363 62 54 47 68 0
1363 UNBLOCK 85 5
1363 ORDER 1364 15 63 70 67 1
1364 ORDER 1365 37 62 2 24 0
1365 ORDER 1366 19 38 50 68 0
1365 BLOCK 17 14
1366 ORDER 1367 61 47 2 46 3
1367 ORDER 1368 91 15 61 67 1
1367 BLOCK 82 1
1368 ORDER 1369 58 38 84 67 0
1369 UNBLOCK 65 48
1369 UNBLOCK 48 8
1369 ORDER 1370 18 42 48 67 0
1370 ORDER 1371 82 59 2 22 2
1370 BLOCK 31 20
1371 ORDER 1372 30 24 3 68 1
1372 UNBLOCK 68 20
1372 ORDER 1373 31 47 55 67 0
1373 UNBLOCK 77 54
1373 ORDER 1374 41 23 96 67 0
1374 ORDER 1375 17 21 1 67 2
1375 ORDER 1376 56 50 24 68 0
1376 UNBLOCK 61 13
1376 ORDER 1377 39 24 88 67 1
1377 ORDER 1378 65 33 3 61 0
1378 ORDER 1379 77 32 1 33 0
1379 ORDER 1380 58 59 43 68 0
1380 ORDER 1381 48 27 82 67 0
1380 BLOCK 68 53
1381 ORDER 1382 77 48 3 8 1
1382 ORDER 1383 37 9 3 33 0
1383 ORDER 1384 52 11 69 68 0
1384 UNBLOCK 34 19
1384 ORDER 1385 77 24 2 54 0
1385 ORDER 1386 54 8 51 68 0
1386 ORDER 1387 10 62 2 40 0
1387 ORDER 1388 27 3 45 67 0
1388 UNBLOCK 7 47
1388 ORDER 1389 22 57 31 68 1
1389 ORDER 1390 31 30 1 20 0
1390 ORDER 1391 89 45 2 44 1
1391 ORDER 1392 35 47 85 68 1
1392 ORDER 1393 77 45 1 5 2
1393 ORDER 1394 67 39 26 67 0
1393 BLOCK 95 26
1394 ORDER 1395 9 27 3 20 1
1395 UNBLOCK 82 1
1395 ORDER 1396 32 29 3 6 0
1396 UNBLOCK 62 50
1396 ORDER 1397 17 5 42 67 0
1397 ORDER 1398 37 65 98 67 0
1398 ORDER 1399 25 56 3 62 0
1398 BLOCK 20 60
1399 UNBLOCK 11 47
1399 ORDER 1400 19 3 39 67 0
1399 BLOCK 68 22
1400 UNBLOCK 18 56
1400 ORDER 1401 83 65 1 22 0
1401 ORDER 1402 42 32 67 67 1
1402 ORDER 1403 19 24 83 68 0
1403 UNBLOCK 5 1
1403 ORDER 1404 57 14 8 68 0
1404 ORDER 1405 78 60 2 26 0
1404 BLOCK 63 48
1405 CANCEL 1402
1405 ORDER 1406 11 36 19 68 1
1406 ORDER 1407 88 36 96 68 0
1407 ORDER 1408 52 17 2 5 0
1408 ORDER 1409 64 32 1 58 2
1409 ORDER 1410 88 53 1 66 1
1410 ORDER 1411 41 59 31 68 0
1410 BLOCK 30 11
1411 ORDER 1412 16 6 1 61 3
1412 ORDER 1413 89 27 2 49 0
1412 BLOCK 5 64
1413 ORDER 1414 22 29 51 67 0
1414 ORDER 1415 44 65 42 67 1
1414 BLOCK 11 2
1415 ORDER 1416 76 65 69 68 1
1415 BLOCK 85 65
1416 ORDER 1417 79 9 80 68 2
1417 ORDER 1418 91 5 1 28 3
1418 ORDER 1419 10 60 36 68 1
1419 ORDER 1420 71 3 3 9 0
1420 ORDER 1421 35 12 82 67 0
1421 ORDER 1422 74 51 48 68 0
1422 ORDER 1423 16 9 3 29 0
1423 UNBLOCK 59 14
1423 ORDER 1424 38 44 11 67 0
1424 ORDER 1425 14 3 95 68 0
1425 ORDER 1426 19 32 2 27 1
1425 BLOCK 51 38
1426 ORDER 1427 93 65 63 67 0
1427 ORDER 1428 44 21 1 55 0
1428 ORDER 1429 52 65 79 68 0
1429 CANCEL 1295
1429 ORDER 1430 87 50 49 68 3
1429 BLOCK 32 66
1430 ORDER 1431 72 29 1 31 3
1431 ORDER 1432 20 63 26 68 1
1432 UNBLOCK 17 14
1432 ORDER 1433 72 59 2 9 0
1432 BLOCK 72 20
1433 ORDER 1434 47 26 2 6 1
1434 UNBLOCK 85 65
1434 ORDER 1435 82 47 2 38 1
1435 ORDER 1436 32 11 1 37 1
1435 BLOCK 66 7
1436 ORDER 1437 47 3 5 67 0
1437 ORDER 1438 38 9 3 63 0
1437 BLOCK 9 12
1438 ORDER 1439 6 20 1 28 3
1438 BLOCK 64 12
1439 ORDER 1440 92 8 43 67 0
1440 ORDER 1441 64 15 10 67 0
1441 ORDER 1442 87 53 11 68 1
1442 UNBLOCK 72 20
1442 ORDER 1443 35 33 1 16 0
1442 BLOCK 40 27
1443 ORDER 1444 81 38 3 1 0
1444 ORDER 1445 35 45 3 12 0
1445 UNBLOCK 68 53
1445 ORDER 1446 40 42 3 6 0
1445 BLOCK 59 22
1446 ORDER 1447 68 9 1 49 0
1446 BLOCK 50 38
1447 ORDER 1448 43 29 60 68 0
1448 ORDER 1449 81 9 1 21 0
1449 ORDER 1450 8 18 24 68 0
1450 ORDER 1451 90 20 97 67 0
1450 BLOCK 67 34
1451 ORDER 1452 52 26 51 67 1
1451 BLOCK 72 50
1452 ORDER 1453 52 36 2 24 2
1453 ORDER 1454 58 11 2 48 0
1454 ORDER 1455 80 62 3 26 2
1455 ORDER 1456 56 17 3 57 0
1455 BLOCK 15 24
1456 ORDER 1457 70 17 2 62 2
1457 ORDER 1458 40 36 1 60 1
1458 ORDER 1459 13 38 76 67 0
1459 ORDER 1460 6 26 3 64 0
1459 BLOCK 63 48
1460 UNBLOCK 5 64
1460 ORDER 1461 8 60 2 35 0
1461 UNBLOCK 30 11
1461 ORDER 1462 63 63 19 67 0
1461 BLOCK 25 59
1462 CANCEL 1362
1462 ORDER 1463 39 62 66 68 1
1463 UNBLOCK 20 60
1463 ORDER 1464 90 9 1 3 0
1464 ORDER 1465 33 5 9 68 3
1464 BLOCK 23 10
1465 UNBLOCK 95 26
1465 ORDER 1466 57 57 3 26 1
1465 BLOCK 5 18
1466 UNBLOCK 68 22
1466 ORDER 1467 49 36 3 62 0
1467 ORDER 1468 17 5 1 23 1
1468 ORDER 1469 61 18 1 67 1
1469 ORDER 1470 73 51 2 61 1
1470 UNBLOCK 31 20
1470 UNBLOCK 63 48
1470 ORDER 1471 78 18 3 61 0
1471 ORDER 1472 93 20 89 68 1
1472 ORDER 1473 64 9 2 26 0
1473 ORDER 1474 45 3 20 68 0
1473 BLOCK 63 27
1474 CANCEL 1384
1474 UNBLOCK 25 59
1474 UNBLOCK 23 10
1474 ORDER 1475 19 51 1 28 0
1475 ORDER 1476 75 26 2 48 0
1475 BLOCK 93 24
1476 ORDER 1477 29 41 3 13 0
1477 ORDER 1478 57 18 77 67 3
1477 BLOCK 86 67
1478 ORDER 1479 67 23 47 67 0
1479 ORDER 1480 16 51 56 67 0
1480 UNBLOCK 15 24
1480 ORDER 1481 76 54 2 28 1
1481 UNBLOCK 11 2
1481 ORDER 1482 41 51 84 67 1
1482 UNBLOCK 67 34
1482 ORDER 1483 83 23 11 67 2
1483 ORDER 1484 8 29 62 67 3
1483 BLOCK 61 68
1484 CANCEL 1426
1484 ORDER 1485 29 32 4 67 1
1485 ORDER 1486 21 27 3 18 2
1486 ORDER 1487 47 50 1 3 3
1487 ORDER 1488 62 48 47 67 0
1488 ORDER 1489 10 63 18 67 2
1489 UNBLOCK 63 27
1489 ORDER 1490 28 29 52 67 0
1490 ORDER 1491 47 38 2 46 1
1491 UNBLOCK 63 48
1491 CANCEL 1462
1491 ORDER 1492 78 36 3 5 1
1492 ORDER 1493 88 60 94 67 0
1493 UNBLOCK 40 27
1493 ORDER 1494 31 20 2 46 0
1494 ORDER 1495 78 20 3 64 2
1495 ORDER 1496 6 21 3 21 0
1495 BLOCK 57 27
1496 ORDER 1497 87 51 1 15 0
1497 ORDER 1498 24 21 16 68 0
1498 ORDER 1499 21 20 78 67 0
1498 CANCEL 101499
1498 BLOCK 13 44
1499 ORDER 1500 87 50 3 62 0
1500 ORDER 1501 52 59 1 15 1
1501 ORDER 1502 91 20 24 67 2
1501 BLOCK 51 68
1502 CANCEL 1401
1502 ORDER 1503 9 42 3 63 0
1502 BLOCK 6 63
1503 ORDER 1504 54 23 2 40 0
1504 ORDER 1505 50 39 2 49 0
1505 ORDER 1506 45 32 2 18 1
1505 BLOCK 88 54
1506 ORDER 1507 34 45 55 68 0
1507 ORDER 1508 45 17 38 68 1
1508 ORDER 1509 6 56 90 68 0
1509 UNBLOCK 5 18
1509 UNBLOCK 61 68
1509 ORDER 1510 51 35 1 53 0
1510 ORDER 1511 9 41 1 53 0
1511 UNBLOCK 51 68
1511 ORDER 1512 75 6 70 67 1
1512 UNBLOCK 32 66
1512 ORDER 1513 58 9 1 50 0
1513 UNBLOCK 9 12
1513 ORDER 1514 49 53 3 54 1
1514 ORDER 1515 17 35 83 67 0
1515 UNBLOCK 72 50
1515 ORDER 1516 66 3 91 68 0
1516 ORDER 1517 81 63 48 67 0
1517 ORDER 1518 48 42 33 68 2
1518 UNBLOCK 66 7
1518 ORDER 1519 91 8 2 9 1
1519 ORDER 1520 89 50 1 5 0
1520 ORDER 1521 30 38 2 21 0
1520 BLOCK 74 11
1521 ORDER 1522 70 56 3 67 0
1522 CANCEL 1394
1522 UNBLOCK 51 38
1522 ORDER 1523 57 62 62 67 0
1523 ORDER 1524 50 39 25 68 0
1524 ORDER 1525 79 33 35 67 1
1524 BLOCK 22 39
1525 UNBLOCK 59 22
1525 UNBLOCK 93 24
1525 ORDER 1526 73 3 1 63 1
1526 ORDER 1527 75 5 71 68 1
1527 ORDER 1528 68 38 2 26 2
1528 UNBLOCK 57 27
1528 ORDER 1529 19 47 93 67 2
1529 ORDER 1530 40 24 3 58 1
1530 CANCEL 1353
1530 ORDER 1531 34 63 22 67 3
1531 ORDER 1532 7 59 85 68 1
1532 ORDER 1533 69 62 3 46 1
1533 UNBLOCK 64 12
1533 ORDER 1534 54 26 2 44 0
1533 BLOCK 76 41
1534 ORDER 1535 51 11 81 67 0
1534 BLOCK 63 50
1535 ORDER 1536 91 65 3 17 0
1536 ORDER 1537 56 33 1 57 0
1537 ORDER 1538 77 6 4 67 0
1538 ORDER 1539 60 60 19 67 0
1539 ORDER 1540 68 60 83 68 2
1540 ORDER 1541 57 57 84 67 2
1541 CANCEL 1354
1541 ORDER 1542 17 50 19 68 0
1542 ORDER 1543 12 41 73 67 2
1543 ORDER 1544 71 36 2 24 3
1544 UNBLOCK 50 38
1544 ORDER 1545 82 39 24 68 0
1545 CANCEL 1423
1545 ORDER 1546 60 14 2 4 1
1546 ORDER 1547 40 51 6 68 1
1547 ORDER 1548 11 5 1 8 0
1547 CANCEL 101548
1547 BLOCK 44 30
1548 UNBLOCK 74 11
1548 ORDER 1549 95 38 2 18 0
1549 ORDER 1550 56 30 2 35 1
1549 BLOCK 72 52
1550 ORDER 1551 49 48 98 68 0
1551 ORDER 1552 56 29 35 68 2
1552 ORDER 1553 43 21 3 15 0
1553 ORDER 1554 30 59 3 52 0
1554 CANCEL 1463
1554 ORDER 1555 54 15 89 68 0
1554 BLOCK 25 33
1555 ORDER 1556 27 32 2 28 1
1555 BLOCK 31 36
1556 ORDER 1557 73 24 1 60 0
1557 CANCEL 1556
1557 ORDER 1558 84 32 43 68 0
1557 BLOCK 22 25
1558 UNBLOCK 13 44
1558 ORDER 1559 28 6 3 68 0
1558 BLOCK 54 10
1559 UNBLOCK 6 63
1559 ORDER 1560 15 65 56 68 2
1559 BLOCK 81 36
1560 UNBLOCK 63 50
1560 UNBLOCK 72 52
1560 ORDER 1561 17 11 1 52 1
1561 UNBLOCK 22 39
1561 ORDER 1562 86 48 67 68 0
1561 BLOCK 88 29
1562 CANCEL 1431
1562 ORDER 1563 75 27 1 24 2
1563 ORDER 1564 7 36 79 67 0
1564 ORDER 1565 17 20 2 67 3
1565 UNBLOCK 86 67
1565 CANCEL 1537
1565 ORDER 1566 27 38 70 67 0
1566 ORDER 1567 11 59 2 60 0
1567 ORDER 1568 75 38 4 68 0
1568 ORDER 1569 37 62 68 67 0
1568 BLOCK 69 41
1569 ORDER 1570 92 59 27 67 0
1569 BLOCK 56 21
1570 UNBLOCK 76 41
1570 ORDER 1571 39 39 2 56 2
1570 BLOCK 44 31
1571 ORDER 1572 31 56 58 67 0
1572 UNBLOCK 88 54
1572 ORDER 1573 75 56 85 68 2
1572 BLOCK 20 7
1573 ORDER 1574 12 51 3 16 1
1574 ORDER 1575 74 54 13 67 0
1575 ORDER 1576 10 29 2 45 2
1576 CANCEL 1459
1576 UNBLOCK 31 36
1576 ORDER 1577 78 32 1 64 1
1577 ORDER 1578 42 45 22 67 0
1578 ORDER 1579 48 20 81 67 0
1579 UNBLOCK 25 33
1579 ORDER 1580 10 53 3 59 2
1579 BLOCK 71 33
1580 ORDER 1581 30 18 3 14 0
1580 BLOCK 43 17
1581 ORDER 1582 58 45 60 68 2
1582 ORDER 1583 39 45 3 3 2
1583 ORDER 1584 36 6 30 68 0
1584 ORDER 1585 64 17 1 61 0
1585 ORDER 1586 15 39 17 68 1
1586 UNBLOCK 54 10
1586 ORDER 1587 55 24 40 68 2
1587 ORDER 1588 55 30 59 68 0
1588 ORDER 1589 51 53 56 68 2
1589 ORDER 1590 76 63 51 67 0
1590 ORDER 1591 61 53 1 61 2
1591 ORDER 1592 64 63 56 67 0
1592 CANCEL 1446
1592 ORDER 1593 86 17 80 68 0
1593 CANCEL 1465
1593 ORDER 1594 46 48 41 68 0
1594 ORDER 1595 24 3 3 12 0
1595 ORDER 1596 33 21 53 67 3
1596 ORDER 1597 61 11 3 5 2
1597 ORDER 1598 89 62 89 68 0
1598 ORDER 1599 70 57 48 68 1
1598 BLOCK 50 56
1599 ORDER 1600 30 62 45 68 1
1600 ORDER 1601 56 29 3 31 0
1600 BLOCK 24 3
1601 ORDER 1602 66 11 2 34 0
1601 BLOCK 28 60
1602 ORDER 1603 16 42 77 68 0
1603 ORDER 1604 34 24 50 68 1
1603 BLOCK 51 12
1604 UNBLOCK 44 31
1604 ORDER 1605 67 56 42 68 1
1605 ORDER 1606 19 35 32 67 2
1606 ORDER 1607 15 39 18 68 1
1607 UNBLOCK 69 41
1607 ORDER 1608 75 17 1 31 0
1608 ORDER 1609 7 53 1 3 0
1609 ORDER 1610 26 9 2 34 0
1610 CANCEL 1444
1610 CANCEL 1548
1610 UNBLOCK 44 30
1610 ORDER 1611 41 18 68 67 1
1610 BLOCK 42 41
1611 ORDER 1612 38 65 18 68 0
1611 BLOCK 57 68
1612 ORDER 1613 80 63 2 22 0
1613 ORDER 1614 83 5 98 68 1
1614 UNBLOCK 50 56
1614 ORDER 1615 36 62 38 67 0
1615 UNBLOCK 28 60
1615 ORDER 1616 12 48 2 16 0
1616 ORDER 1617 80 54 97 67 2
1616 BLOCK 50 68
1617 UNBLOCK 81 36
1617 ORDER 1618 54 35 78 68 0
1618 ORDER 1619 7 3 2 11 1
1619 ORDER 1620 38 59 2 62 1
1619 BLOCK 15 57
1620 ORDER 1621 88 35 1 31 0
1621 ORDER 1622 58 30 42 68 2
1621 BLOCK 7 30
1622 ORDER 1623 17 36 2 53 0
1623 ORDER 1624 60 44 36 68 2
1624 ORDER 1625 35 6 11 68 0
1624 BLOCK 13 25
1625 ORDER 1626 53 65 23 68 2
1626 ORDER 1627 10 27 1 28 1
1627 ORDER 1628 21 44 1 45 0
1627 BLOCK 6 23
1628 ORDER 1629 81 44 1 63 1
1629 ORDER 1630 35 42 3 3 3
1630 UNBLOCK 50 68
1630 ORDER 1631 7 35 93 68 0
1631 ORDER 1632 14 45 82 68 0
1632 ORDER 1633 68 24 2 52 0
1632 BLOCK 59 22
1633 ORDER 1634 54 5 3 59 0
1634 ORDER 1635 44 57 3 35 3
1635 UNBLOCK 22 25
1635 ORDER 1636 6 6 1 7 1
1636 UNBLOCK 51 12
1636 ORDER 1637 80 27 2 43 0
1637 UNBLOCK 15 57
1637 ORDER 1638 81 60 78 68 0
1638 ORDER 1639 15 11 1 3 1
1639 ORDER 1640 87 62 2 30 0
1640 ORDER 1641 81 17 1 40 0
1641 ORDER 1642 61 11 40 68 0
1641 BLOCK 35 47
1642 ORDER 1643 29 9 87 68 1
1643 ORDER 1644 77 27 3 66 0
1644 UNBLOCK 7 30
1644 ORDER 1645 20 20 49 68 0
1644 BLOCK 92 43
1645 ORDER 1646 46 38 86 68 0
1645 BLOCK 57 60
1646 CANCEL 1594
1646 UNBLOCK 24 3
1646 ORDER 1647 75 14 39 67 1
1647 ORDER 1648 70 8 2 25 0
1647 BLOCK 46 15
1648 ORDER 1649 18 32 69 67 0
1648 BLOCK 95 56
1649 CANCEL 1469
1649 ORDER 1650 24 44 3 49 0
1650 ORDER 1651 17 26 4 67 0
1651 ORDER 1652 81 9 1 52 1
1652 ORDER 1653 53 5 95 68 0
1653 UNBLOCK 42 41
1653 ORDER 1654 17 62 1 47 3
1654 ORDER 1655 20 27 90 67 0
1655 ORDER 1656 9 27 1 4 3
1656 UNBLOCK 88 29
1656 ORDER 1657 77 62 2 47 0
1656 BLOCK 73 38
1657 ORDER 1658 84 32 1 19 0
1658 ORDER 1659 14 48 69 68 0
1659 CANCEL 1651
1659 ORDER 1660 46 39 3 61 3
1660 ORDER 1661 14 47 1 30 2
1660 BLOCK 15 33
1661 ORDER 1662 72 11 37 68 0
1662 ORDER 1663 38 50 83 68 1
1663 ORDER 1664 86 60 43 67 0
1664 ORDER 1665 29 12 2 33 2
1665 ORDER 1666 29 60 3 33 0
1666 ORDER 1667 29 20 1 4 0
1666 BLOCK 15 31
1667 ORDER 1668 47 33 9 68 0
1668 UNBLOCK 56 21
1668 ORDER 1669 63 56 9 68 0
1669 ORDER 1670 46 18 28 67 0
1669 BLOCK 46 32
1670 UNBLOCK 71 33
1670 CANCEL 1624
1670 ORDER 1671 62 48 27 67 1
1671 UNBLOCK 20 7
1671 ORDER 1672 44 3 3 29 0
1672 UNBLOCK 43 17
1672 ORDER 1673 17 36 2 42 0
1672 BLOCK 71 39
1673 ORDER 1674 80 38 1 19 0
1673 BLOCK 34 17
1674 ORDER 1675 36 51 67 67 0
1675 ORDER 1676 43 35 20 67 0
1675 BLOCK 23 32
1676 UNBLOCK 13 25
1676 ORDER 1677 28 65 1 31 0
1677 ORDER 1678 83 65 55 67 1
1678 ORDER 1679 37 51 58 67 0
1679 CANCEL 1529
1679 ORDER 1680 58 26 71 67 0
1680 ORDER 1681 50 18 3 28 1
1680 BLOCK 94 27
1681 ORDER 1682 89 39 7 68 1
1682 UNBLOCK 73 38
1682 ORDER 1683 59 27 88 67 0
1683 ORDER 1684 20 63 2 32 2
1684 ORDER 1685 57 45 2 46 0
1685 UNBLOCK 6 23
1685 ORDER 1686 80 39 86 68 0
1686 ORDER 1687 17 45 47 67 1
1687 ORDER 1688 88 11 2 56 0
1688 ORDER 1689 16 36 57 68 2
1689 ORDER 1690 89 12 3 6 3
1690 UNBLOCK 46 15
1690 ORDER 1691 12 30 94 67 1
1690 BLOCK 34 39
1691 ORDER 1692 57 36 68 68 0
1692 ORDER 1693 9 53 27 68 2
1693 ORDER 1694 30 47 12 67 0
1694 ORDER 1695 83 63 2 21 1
1695 ORDER 1696 46 44 2 36 0
1696 ORDER 1697 7 58 84 68 0
1696 BLOCK 9 42
1697 UNBLOCK 59 22
1697 ORDER 1698 23 24 2 51 1
1698 ORDER 1699 89 32 1 49 0
1699 ORDER 1700 20 9 85 67 0
1700 UNBLOCK 35 47
1700 ORDER 1701 67 36 2 10 0
1701 ORDER 1702 16 63 3 39 0
1702 ORDER 1703 92 33 3 68 0
1703 UNBLOCK 15 31
1703 ORDER 1704 53 39 3 38 0
1703 BLOCK 93 43
1704 ORDER 1705 21 20 1 31 1
1705 ORDER 1706 30 20 3 6 0
1706 UNBLOCK 57 68
1706 ORDER 1707 79 57 40 68 3
1707 ORDER 1708 94 5 38 68 0
1708 UNBLOCK 95 56
1708 ORDER 1709 64 8 2 42 0
1709 ORDER 1710 77 53 1 54 0
1710 ORDER 1711 44 23 9 67 1
1711 ORDER 1712 61 53 27 68 0
1711 BLOCK 57 42
1712 ORDER 1713 46 14 19 67 2
1712 BLOCK 16 36
1713 ORDER 1714 38 36 2 9 0
1714 ORDER 1715 17 45 3 5 1
1714 BLOCK 11 45
1715 UNBLOCK 57 60
1715 ORDER 1716 25 35 3 67 0
1716 ORDER 1717 72 9 9 67 1
1717 ORDER 1718 10 18 3 13 0
1718 UNBLOCK 34 17
1718 UNBLOCK 93 43
1718 ORDER 1719 54 20 1 48 0
1719 ORDER 1720 71 27 2 52 0
1719 BLOCK 6 56
1720 ORDER 1721 26 8 1 55 0
1721 ORDER 1722 62 6 36 67 0
1722 ORDER 1723 64 18 42 68 0
1723 CANCEL 1626
1723 ORDER 1724 42 30 2 29 0
1724 ORDER 1725 59 30 94 68 1
1725 ORDER 1726 86 41 22 68 1
1726 CANCEL 1620
1726 UNBLOCK 16 36
1726 ORDER 1727 29 15 68 68 0
1727 ORDER 1728 89 60 2 64 3
1727 BLOCK 14 25
1728 ORDER 1729 7 32 78 67 1
1729 UNBLOCK 94 27
1729 ORDER 1730 81 11 1 43 0
1730 ORDER 1731 36 65 3 20 0
1731 ORDER 1732 37 5 97 68 0
1732 UNBLOCK 92 43
1732 ORDER 1733 33 8 2 31 0
1733 ORDER 1734 52 6 86 68 0
1734 ORDER 1735 52 62 64 67 2
1735 ORDER 1736 64 27 22 68 0
1736 ORDER 1737 59 44 16 68 0
1736 BLOCK 7 36
1737 ORDER 1738 26 53 2 58 0
1738 ORDER 1739 90 50 31 68 0
1738 BLOCK 78 2
1739 ORDER 1740 32 45 63 67 0
1740 ORDER 1741 63 24 3 32 0
1741 ORDER 1742 33 18 51 68 2
1742 ORDER 1743 66 14 2 20 2
1743 ORDER 1744 25 8 1 36 0
1743 BLOCK 95 3
1744 ORDER 1745 77 39 91 68 1
1745 CANCEL 1615
1745 UNBLOCK 15 33
1745 UNBLOCK 46 32
1745 ORDER 1746 54 23 46 67 0
1746 ORDER 1747 56 21 3 54 0
1746 BLOCK 51 36
1747 ORDER 1748 55 6 42 68 2
1748 ORDER 1749 47 26 3 66 1
1749 ORDER 1750 74 30 1 42 1
1749 BLOCK 28 41
1750 ORDER 1751 9 23 49 67 2
1751 ORDER 1752 16 26 3 30 1
1752 ORDER 1753 58 57 2 61 0
1752 BLOCK 64 63
1753 ORDER 1754 8 33 1 54 0
1754 ORDER 1755 57 62 2 67 0
1755 ORDER 1756 85 23 1 9 1
1756 ORDER 1757 67 26 1 10 0
1756 BLOCK 45 63
1757 ORDER 1758 39 11 1 68 0
1758 UNBLOCK 23 32
1758 ORDER 1759 46 63 2 63 1
1759 ORDER 1760 21 17 69 68 0
1760 UNBLOCK 71 39
1760 UNBLOCK 57 42
1760 ORDER 1761 78 36 62 68 0
1761 ORDER 1762 29 51 3 64 0
1762 ORDER 1763 53 60 33 68 2
1762 BLOCK 65 60
1763 ORDER 1764 46 43 3 57 0
1764 ORDER 1765 44 57 3 11 1
1765 UNBLOCK 9 42
1765 ORDER 1766 88 11 2 28 0
1766 UNBLOCK 51 36
1766 ORDER 1767 77 17 30 68 1
1766 BLOCK 71 50
1767 ORDER 1768 63 21 43 68 0
1768 ORDER 1769 71 6 84 68 2
1768 BLOCK 49 36
1769 ORDER 1770 49 63 50 68 0
1770 ORDER 1771 83 35 96 68 0
1771 ORDER 1772 37 51 92 68 0
1772 ORDER 1773 61 50 65 68 0
1773 CANCEL 1605
1773 ORDER 1774 6 20 2 32 0
1774 ORDER 1775 90 65 1 32 0
1774 BLOCK 17 33
1775 ORDER 1776 10 65 3 62 1
1776 ORDER 1777 60 33 1 50 0
1777 ORDER 1778 80 5 2 63 0
1778 ORDER 1779 49 26 1 57 1
1779 ORDER 1780 48 35 2 17 0
1779 BLOCK 51 14
1780 ORDER 1781 59 42 1 9 0
1781 UNBLOCK 34 39
1781 UNBLOCK 95 3
1781 ORDER 1782 8 39 2 12 0
1781 BLOCK 13 3
1782 ORDER 1783 89 60 2 35 0
1783 UNBLOCK 14 25
1783 ORDER 1784 20 5 40 67 0
1784 ORDER 1785 54 33 1 38 0
1785 ORDER 1786 82 51 64 67 1
1786 ORDER 1787 70 45 56 68 1
1787 ORDER 1788 71 60 2 44 1
1788 ORDER 1789 6 35 24 68 0
1789 ORDER 1790 16 20 1 38 0
1790 ORDER 1791 87 21 1 34 2
1791 ORDER 1792 11 15 23 68 0
1792 UNBLOCK 28 41
1792 ORDER 1793 61 27 36 67 0
1793 CANCEL 1681
1793 ORDER 1794 60 35 2 3 0
1794 ORDER 1795 24 21 3 16 1
1795 ORDER 1796 15 56 1 24 2
1796 ORDER 1797 47 56 71 67 0
1797 ORDER 1798 86 14 15 68 2
1798 UNBLOCK 11 45
1798 UNBLOCK 45 63
1798 ORDER 1799 29 17 2 38 2
1798 BLOCK 94 9
1799 ORDER 1800 42 9 4 67 0
1800 ORDER 1801 11 26 1 42 0
1801 CANCEL 1682
1801 ORDER 1802 71 33 82 67 0
1801 BLOCK 67 12
1802 UNBLOCK 6 56
1802 ORDER 1803 42 36 3 28 0
1803 ORDER 1804 52 42 1 46 1
1804 UNBLOCK 49 36
1804 ORDER 1805 7 39 1 56 0
1805 ORDER 1806 59 12 1 60 1
1805 BLOCK 92 60
1806 ORDER 1807 36 57 43 68 0
1807 ORDER 1808 37 14 1 16 1
1808 ORDER 1809 81 36 76 67 2
1809 ORDER 1810 50 8 60 68 1
1809 BLOCK 52 45
1810 ORDER 1811 87 41 36 67 1
1810 BLOCK 37 30
1811 ORDER 1812 50 57 31 68 0
1812 UNBLOCK 65 60
1812 ORDER 1813 76 17 35 68 0
1813 CANCEL 1733
1813 ORDER 1814 57 60 94 68 3
1813 BLOCK 49 60
1814 UNBLOCK 78 2
1814 ORDER 1815 46 32 3 15 0
1815 ORDER 1816 26 39 2 54 0
1816 ORDER 1817 86 47 88 67 0
1817 ORDER 1818 85 53 27 68 1
1818 ORDER 1819 52 11 2 42 0
1819 ORDER 1820 40 38 3 33 0
1819 BLOCK 32 30
1820 ORDER 1821 93 50 22 68 2
1821 ORDER 1822 36 23 2 21 0
1821 BLOCK 64 20
1822 ORDER 1823 82 21 6 67 1
1822 BLOCK 33 44
1823 UNBLOCK 7 36
1823 ORDER 1824 75 65 70 68 0
1823 BLOCK 87 32
1824 ORDER 1825 66 5 2 46 0
1825 ORDER 1826 66 15 1 1 2
1826 UNBLOCK 17 33
1826 UNBLOCK 51 14
1826 ORDER 1827 26 8 28 68 1
1827 ORDER 1828 13 15 3 12 0
1827 BLOCK 38 1
1828 ORDER 1829 64 18 3 11 0
1828 BLOCK 32 5
1829 ORDER 1830 70 54 3 49 0
1830 UNBLOCK 71 50
1830 ORDER 1831 83 9 96 68 0
1831 ORDER 1832 72 48 2 63 1
1832 ORDER 1833 29 63 63 68 1
1833 CANCEL 1683
1833 ORDER 1834 17 8 2 40 1
1834 CANCEL 1743
1834 ORDER 1835 58 41 33 67 0
1835 UNBLOCK 94 9
1835 UNBLOCK 92 60
1835 ORDER 1836 22 60 3 42 1
1836 ORDER 1837 86 56 12 68 0
1837 CANCEL 1686
1837 ORDER 1838 11 3 77 68 1
1838 UNBLOCK 64 63
1838 ORDER 1839 91 65 3 57 0
1839 CANCEL 1771
1839 ORDER 1840 40 36 2 68 2
1840 ORDER 1841 27 8 55 67 0
1841 ORDER 1842 86 24 57 67 0
1842 ORDER 1843 23 21 10 68 0
1843 ORDER 1844 67 50 35 68 0
1844 ORDER 1845 89 59 3 19 0
1845 ORDER 1846 70 47 79 68 0
1846 ORDER 1847 45 20 2 32 2
1847 UNBLOCK 33 44
1847 ORDER 1848 49 63 87 68 0
1848 ORDER 1849 41 30 1 14 1
1849 UNBLOCK 49 60
1849 ORDER 1850 44 5 3 13 2
1850 ORDER 1851 71 8 96 68 1
1851 ORDER 1852 54 57 62 68 1
1852 ORDER 1853 85 30 2 25 1
1853 ORDER 1854 23 47 3 2 0
1854 ORDER 1855 58 27 93 68 1
1855 ORDER 1856 87 23 1 4 0
1855 BLOCK 50 53
1856 ORDER 1857 62 5 3 9 1
1857 ORDER 1858 43 65 1 39 0
1857 BLOCK 16 49
1858 ORDER 1859 26 59 2 9 0
1859 ORDER 1860 43 9 1 61 1
1860 UNBLOCK 13 3
1860 ORDER 1861 17 27 2 52 0
1861 UNBLOCK 67 12
1861 ORDER 1862 57 60 39 68 2
1862 ORDER 1863 82 36 3 34 0
1863 ORDER 1864 75 15 3 12 1
1864 ORDER 1865 60 33 91 68 0
1864 BLOCK 50 43
1865 ORDER 1866 10 8 56 68 1
1865 BLOCK 6 18
1866 ORDER 1867 75 5 77 68 1
1867 ORDER 1868 66 24 90 68 0
1868 ORDER 1869 21 14 2 57 1
1869 ORDER 1870 71 45 3 27 1
1870 ORDER 1871 93 5 85 67 1
1871 ORDER 1872 10 56 2 40 0
1871 BLOCK 69 21
1872 ORDER 1873 62 50 2 39 1
1872 BLOCK 44 35
1873 ORDER 1874 19 32 3 24 0
1874 ORDER 1875 71 63 1 17 0
1874 BLOCK 58 29
1875 ORDER 1876 78 53 12 68 1
1876 ORDER 1877 44 26 2 16 1
1877 ORDER 1878 91 65 85 68 0
1878 ORDER 1879 64 30 2 48 1
1879 ORDER 1880 47 36 63 67 0
1880 ORDER 1881 83 15 33 68 0
1881 ORDER 1882 28 35 52 68 1
1882 ORDER 1883 23 38 1 50 0
1883 ORDER 1884 73 32 63 67 0
1884 ORDER 1885 13 36 3 68 0
1885 CANCEL 1753
1885 ORDER 1886 70 56 18 68 0
1886 ORDER 1887 59 39 3 29 1
1887 ORDER 1888 30 45 3 58 0
1888 UNBLOCK 87 32
1888 ORDER 1889 61 18 2 50 0
1889 UNBLOCK 38 1
1889 ORDER 1890 78 39 38 67 0
1890 ORDER 1891 57 45 3 6 2
1891 ORDER 1892 14 50 3 6 0
1892 ORDER 1893 61 29 68 67 3
1893 ORDER 1894 91 42 89 67 0
1893 BLOCK 36 57
1894 ORDER 1895 21 38 3 8 0
1895 UNBLOCK 6 18
1895 ORDER 1896 36 54 1 39 1
1896 ORDER 1897 70 38 3 38 0
1897 UNBLOCK 16 49
1897 ORDER 1898 16 51 80 67 1
1898 ORDER 1899 54 51 84 68 0
1899 ORDER 1900 67 59 3 12 0
1899 BLOCK 92 36
1900 ORDER 1901 94 26 84 68 0
1901 ORDER 1902 13 50 44 68 0
1902 ORDER 1903 39 18 55 67 1
1903 ORDER 1904 95 27 1 4 2
1904 ORDER 1905 33 57 3 25 1
1904 CANCEL 101905
1905 UNBLOCK 52 45
1905 ORDER 1906 86 45 15 67 3
1906 UNBLOCK 37 30
1906 ORDER 1907 42 33 3 32 2
1907 ORDER 1908 73 5 96 67 0
1908 ORDER 1909 18 65 8 68 0
1909 ORDER 1910 33 15 62 67 0
1910 ORDER 1911 12 30 3 30 0
1911 ORDER 1912 68 8 2 49 1
1912 ORDER 1913 57 29 2 3 2
1913 ORDER 1914 89 38 3 27 1
1913 BLOCK 71 6
1914 UNBLOCK 64 20
1914 ORDER 1915 77 30 2 40 0
1915 UNBLOCK 32 30
1915 ORDER 1916 6 27 3 45 1
1915 BLOCK 91 41
1916 ORDER 1917 60 35 2 16 0
1917 UNBLOCK 32 5
1917 ORDER 1918 66 54 42 67 2
1918 ORDER 1919 24 23 2 32 0
1919 ORDER 1920 81 5 65 67 2
1919 BLOCK 76 67
1920 UNBLOCK 69 21
1920 UNBLOCK 36 57
1920 ORDER 1921 12 23 14 67 0
1921 ORDER 1922 53 42 3 62 2
1922 ORDER 1923 27 60 68 68 0
1923 ORDER 1924 57 12 3 28 0
1924 ORDER 1925 41 30 1 6 1
1925 ORDER 1926 49 29 1 11 0
1925 BLOCK 10 5
1926 ORDER 1927 72 42 80 67 2
1926 BLOCK 41 18
1927 ORDER 1928 95 12 3 17 2
1928 ORDER 1929 61 56 84 67 0
1929 ORDER 1930 10 48 1 37 0
1930 ORDER 1931 12 65 2 11 0
1931 ORDER 1932 60 62 2 60 0
1932 ORDER 1933 75 38 97 67 0
1933 UNBLOCK 91 41
1933 ORDER 1934 55 35 3 16 0
1934 ORDER 1935 65 21 91 68 1
1935 ORDER 1936 21 51 2 20 1
1935 BLOCK 57 24
1936 ORDER 1937 49 48 59 67 1
1937 CANCEL 1745
1937 ORDER 1938 31 50 1 57 0
1938 ORDER 1939 92 5 3 58 0
1939 ORDER 1940 33 44 2 6 1
1940 CANCEL 1814
1940 ORDER 1941 87 47 3 21 0
1941 CANCEL 1856
1941 ORDER 1942 72 3 2 5 0
1942 ORDER 1943 90 33 1 18 1
1943 ORDER 1944 12 20 1 64 0
1944 UNBLOCK 50 53
1944 ORDER 1945 40 29 86 67 0
1944 BLOCK 46 11
1945 ORDER 1946 36 21 72 67 1
1946 ORDER 1947 15 9 37 67 2
1947 ORDER 1948 62 15 6 68 2
1948 CANCEL 1837
1948 ORDER 1949 23 27 4 67 0
1949 ORDER 1950 77 29 74 67 0
1950 ORDER 1951 18 8 14 68 0
1951 UNBLOCK 50 43
1951 ORDER 1952 77 57 44 68 0
1952 ORDER 1953 55 21 13 67 2
1953 ORDER 1954 74 56 92 67 0
1954 ORDER 1955 49 30 3 42 2
1955 ORDER 1956 44 41 1 9 0
1956 ORDER 1957 43 9 3 57 0
1957 ORDER 1958 61 54 2 23 0
1958 ORDER 1959 86 15 2 57 1
1959 UNBLOCK 44 35
1959 ORDER 1960 55 48 3 53 1
1960 ORDER 1961 79 45 1 34 1
1961 ORDER 1962 47 33 88 67 3
1961 BLOCK 66 34
1962 UNBLOCK 92 36
1962 ORDER 1963 90 45 90 67 1
1963 ORDER 1964 48 48 1 8 0
1963 BLOCK 25 66
1964 ORDER 1965 42 59 1 36 1
1964 BLOCK 56 35
1965 ORDER 1966 93 18 88 68 1
1965 BLOCK 91 22
1966 ORDER 1967 57 30 2 22 1
1967 ORDER 1968 42 54 1 46 0
1968 UNBLOCK 58 29
1968 ORDER 1969 16 5 3 21 2
1969 ORDER 1970 42 29 12 67 1
1970 ORDER 1971 88 33 3 36 3
1971 ORDER 1972 56 56 2 23 2
1972 ORDER 1973 77 42 31 68 1
1972 BLOCK 70 23
1973 ORDER 1974 10 23 2 5 1
1974 ORDER 1975 77 60 59 68 1
1975 ORDER 1976 10 47 27 67 3
1976 UNBLOCK 56 35
1976 ORDER 1977 34 36 3 4 0
1977 ORDER 1978 93 14 2 15 0
1978 ORDER 1979 16 24 3 18 1
1979 ORDER 1980 94 17 95 68 3
1980 UNBLOCK 57 24
1980 ORDER 1981 19 9 2 14 2
1980 BLOCK 27 14
1981 ORDER 1982 41 56 1 2 0
1982 ORDER 1983 11 21 2 37 2
1983 ORDER 1984 80 60 95 67 1
1983 BLOCK 72 67
1984 ORDER 1985 85 57 3 7 0
1985 ORDER 1986 74 39 50 67 0
1986 CANCEL 1811
1986 ORDER 1987 91 18 1 28 1
1987 ORDER 1988 22 21 69 68 0
1988 CANCEL 1937
1988 ORDER 1989 78 27 32 68 3
1989 UNBLOCK 46 11
1989 ORDER 1990 68 59 3 66 1
1990 ORDER 1991 18 42 53 67 1
1991 ORDER 1992 35 65 47 68 0
1992 ORDER 1993 91 5 1 32 0
1993 ORDER 1994 39 57 36 68 0
1993 BLOCK 81 45
1994 ORDER 1995 39 29 1 52 1
1995 ORDER 1996 30 62 12 67 0
1995 BLOCK 73 26
1996 ORDER 1997 79 56 64 67 1
1997 UNBLOCK 66 34
1997 ORDER 1998 20 35 64 67 0
1998 ORDER 1999 7 39 1 6 0
1999 ORDER 2000 35 6 91 68 1
2000 ORDER 2001 69 15 10 67 0
2001 ORDER 2002 38 32 70 67 2
2002 CANCEL 1993
2002 ORDER 2003 89 14 1 53 0
2002 BLOCK 43 8
2003 ORDER 2004 6 62 2 19 3
2004 UNBLOCK 71 6
2004 ORDER 2005 43 57 96 67 0
2005 ORDER 2006 36 54 2 17 0
2006 UNBLOCK 81 45
2006 ORDER 2007 47 30 1 14 2
2007 ORDER 2008 33 65 82 68 0
2008 ORDER 2009 63 5 1 37 0
2008 BLOCK 42 43
2009 ORDER 2010 27 42 90 68 1
2009 BLOCK 41 62
2010 CANCEL 1916
2010 UNBLOCK 25 66
2010 ORDER 2011 70 60 35 67 1
2011 ORDER 2012 85 14 2 65 2
2012 UNBLOCK 70 23
2012 ORDER 2013 17 51 3 37 0
2012 BLOCK 92 67
2013 ORDER 2014 79 41 2 63 0
2014 ORDER 2015 16 57 1 38 0
2015 ORDER 2016 28 38 3 6 0
2016 UNBLOCK 10 5
2016 ORDER 2017 48 42 61 67 0
2017 UNBLOCK 76 67
2017 CANCEL 1945
2017 ORDER 2018 36 41 29 68 0
2018 ORDER 2019 22 27 15 68 0
2019 CANCEL 1879
2019 ORDER 2020 94 30 19 68 0
2019 BLOCK 14 62
2020 ORDER 2021 77 44 34 68 1
2021 ORDER 2022 8 57 2 39 1
2022 UNBLOCK 41 18
2022 ORDER 2023 29 63 2 68 3
2023 ORDER 2024 32 29 1 4 1
2024 ORDER 2025 38 29 1 6 0
2025 ORDER 2026 22 17 51 67 0
2026 ORDER 2027 7 58 96 67 1
2027 ORDER 2028 79 60 1 20 0
2028 ORDER 2029 31 18 1 58 0
2028 BLOCK 47 16
2029 ORDER 2030 50 17 80 67 0
2030 ORDER 2031 65 27 1 7 0
2031 ORDER 2032 71 6 2 14 0
2032 ORDER 2033 16 14 2 40 1
2033 ORDER 2034 71 44 1 57 0
2034 ORDER 2035 91 11 24 67 2
2034 BLOCK 24 35
2035 ORDER 2036 51 15 3 28 0
2036 ORDER 2037 57 26 13 68 0
2037 ORDER 2038 37 56 19 67 0
2038 ORDER 2039 87 24 85 68 0
2039 ORDER 2040 86 33 1 55 0
2040 ORDER 2041 78 36 2 9 3
2041 UNBLOCK 91 22
2041 ORDER 2042 52 11 2 61 1
2042 ORDER 2043 49 27 27 67 0
2043 ORDER 2044 85 8 51 67 1
2044 ORDER 2045 86 18 16 67 0
2045 UNBLOCK 72 67
2045 UNBLOCK 24 35
2045 ORDER 2046 17 11 2 34 3
2046 ORDER 2047 72 47 49 68 0
2047 UNBLOCK 27 14
2047 ORDER 2048 36 59 2 66 0
2048 ORDER 2049 84 53 2 50 2
2048 BLOCK 88 18
2049 ORDER 2050 57 57 3 26 1
2050 UNBLOCK 92 67
2050 ORDER 2051 32 8 94 68 0
2051 UNBLOCK 14 62
2051 ORDER 2052 66 54 1 39 1
2052 ORDER 2053 13 60 3 15 0
2053 ORDER 2054 55 44 12 67 1
2054 UNBLOCK 73 26
2054 ORDER 2055 52 48 2 52 1
2055 ORDER 2056 34 45 3 50 1
2056 ORDER 2057 93 5 65 67 0
2056 BLOCK 90 3
2057 ORDER 2058 32 56 2 37 1
2057 BLOCK 13 63
2058 ORDER 2059 40 36 25 67 3
2058 BLOCK 74 17
2059 ORDER 2060 16 54 92 68 0
2060 UNBLOCK 88 18
2060 ORDER 2061 58 53 12 67 2
2061 CANCEL 1867
2061 ORDER 2062 13 23 11 67 0
2062 ORDER 2063 69 14 47 67 1
2063 ORDER 2064 26 9 1 7 0
2063 BLOCK 42 38
2064 ORDER 2065 42 5 1 25 0
2065 ORDER 2066 86 14 22 68 0
2066 ORDER 2067 52 65 2 51 2
2067 ORDER 2068 33 23 14 68 2
2067 BLOCK 24 55
2068 ORDER 2069 77 15 13 67 0
2068 BLOCK 26 60
2069 ORDER 2070 11 48 20 67 0
2070 ORDER 2071 30 30 1 26 0
2071 ORDER 2072 92 23 42 67 1
2072 ORDER 2073 12 39 51 68 0
2073 ORDER 2074 60 32 3 26 1
2074 ORDER 2075 31 17 1 49 0
2075 ORDER 2076 80 63 1 42 2
2076 ORDER 2077 90 44 3 11 0
2077 ORDER 2078 60 51 67 68 3
2078 ORDER 2079 76 27 1 59 3
2079 ORDER 2080 54 59 1 4 2
2080 ORDER 2081 85 42 41 68 0
2081 ORDER 2082 46 33 1 8 1
2082 ORDER 2083 89 21 86 68 0
2083 ORDER 2084 12 30 3 22 0
2084 ORDER 2085 58 30 66 68 0
2085 CANCEL 1920
2085 ORDER 2086 57 59 3 45 0
2086 UNBLOCK 42 38
2086 ORDER 2087 19 36 2 54 0
2087 ORDER 2088 23 45 3 56 2
2087 BLOCK 68 44
2088 ORDER 2089 8 14 3 50 0
2089 ORDER 2090 81 21 1 43 0
2090 ORDER 2091 20 33 60 67 0
2091 ORDER 2092 53 6 1 46 0
2092 ORDER 2093 73 32 2 34 0
2093 ORDER 2094 34 5 57 68 2
2093 BLOCK 20 59
2094 UNBLOCK 41 62
2094 ORDER 2095 82 65 87 67 1
2095 ORDER 2096 92 48 43 67 0
2096 ORDER 2097 49 12 32 67 1
2097 CANCEL 2008
2097 ORDER 2098 86 20 71 68 0
2098 ORDER 2099 34 38 87 67 0
2099 ORDER 2100 67 4 3 21 1
2100 ORDER 2101 59 47 1 61 2
2101 ORDER 2102 85 51 41 67 1
2102 UNBLOCK 43 8
2102 ORDER 2103 54 41 2 37 0
2103 ORDER 2104 67 26 90 68 2
2104 ORDER 2105 39 12 1 39 2
2105 UNBLOCK 24 55
2105 ORDER 2106 74 60 72 67 1
2105 BLOCK 21 45
2106 ORDER 2107 58 14 55 67 0
2107 UNBLOCK 42 43
2107 ORDER 2108 73 33 19 67 0
2108 ORDER 2109 34 36 50 68 0
2109 UNBLOCK 90 3
2109 ORDER 2110 29 18 3 22 0
2110 ORDER 2111 33 23 60 68 3
2110 BLOCK 7 59
2111 ORDER 2112 17 18 17 67 0
2112 ORDER 2113 49 54 2 39 1
2113 ORDER 2114 31 29 1 22 1
2113 BLOCK 27 48
2114 ORDER 2115 89 41 96 68 0
2115 ORDER 2116 70 29 14 68 0
2116 ORDER 2117 48 62 1 41 0
2117 ORDER 2118 10 53 3 1 1
2118 ORDER 2119 67 47 98 67 0
2119 UNBLOCK 68 44
2119 ORDER 2120 19 62 93 68 0
2120 ORDER 2121 70 41 1 29 1
2121 ORDER 2122 40 47 2 57 1
2122 ORDER 2123 45 24 14 68 0
2123 ORDER 2124 64 3 1 5 0
2123 BLOCK 47 66
2124 ORDER 2125 95 56 3 30 1
2125 ORDER 2126 25 25 2 16 0
2125 BLOCK 87 58
2126 ORDER 2127 43 14 17 67 0
2127 ORDER 2128 45 30 88 68 1
2127 BLOCK 78 42
2128 UNBLOCK 47 16
2128 ORDER 2129 20 29 2 3 1
2129 ORDER 2130 7 8 71 68 0
2130 ORDER 2131 86 6 2 21 0
2131 ORDER 2132 55 20 1 46 0
2132 ORDER 2133 6 63 3 31 0
2133 ORDER 2134 16 39 2 16 0
2134 ORDER 2135 33 57 1 38 2
2135 UNBLOCK 74 17
2135 ORDER 2136 52 21 3 56 0
2136 ORDER 2137 68 14 2 36 0
2137 ORDER 2138 87 9 66 68 1
2138 ORDER 2139 40 54 2 37 0
2139 ORDER 2140 78 44 2 45 0
2140 UNBLOCK 13 63
2140 ORDER 2141 85 53 66 68 1
2141 ORDER 2142 20 23 21 67 0
2142 ORDER 2143 73 23 78 67 1
2143 UNBLOCK 47 66
2143 ORDER 2144 50 48 34 67 0
2144 ORDER 2145 24 35 85 68 3
2145 UNBLOCK 27 48
2145 ORDER 2146 39 9 3 1 2
2145 BLOCK 74 5
2146 ORDER 2147 33 24 3 30 0
2147 ORDER 2148 29 44 55 68 2
2148 ORDER 2149 57 56 11 68 3
2149 UNBLOCK 87 58
2149 ORDER 2150 42 11 94 68 2
2150 ORDER 2151 44 41 51 68 1
2151 ORDER 2152 41 8 83 67 0
2151 BLOCK 88 42
2152 ORDER 2153 9 65 17 67 0
2153 ORDER 2154 85 15 83 67 0
2154 ORDER 2155 57 26 3 48 2
2154 BLOCK 22 51
2155 ORDER 2156 85 30 16 68 0
2155 BLOCK 91 60
2156 ORDER 2157 67 48 3 4 0
2157 ORDER 2158 25 53 2 28 2
2158 ORDER 2159 6 44 81 67 0
2159 CANCEL 2118
2159 ORDER 2160 54 5 1 49 0
2160 ORDER 2161 60 65 3 38 2
2161 ORDER 2162 7 8 3 2 0
2162 ORDER 2163 40 21 2 60 0
2163 CANCEL 2122
2163 ORDER 2164 58 12 2 50 0
2163 BLOCK 24 21
2164 ORDER 2165 21 12 2 36 2
2165 UNBLOCK 20 59
2165 ORDER 2166 23 59 62 68 0
2166 ORDER 2167 57 35 19 68 0
2167 UNBLOCK 26 60
2167 ORDER 2168 48 24 3 20 0
2168 ORDER 2169 85 59 2 9 0
2169 ORDER 2170 40 54 1 67 0
2170 UNBLOCK 91 60
2170 ORDER 2171 91 62 1 18 1
2171 ORDER 2172 33 6 1 27 0
2172 ORDER 2173 85 3 81 68 0
2173 ORDER 2174 63 36 62 67 3
2174 CANCEL 1989
2174 ORDER 2175 38 18 89 67 0
2175 ORDER 2176 24 3 3 22 0
2176 ORDER 2177 88 60 95 68 2
2176 BLOCK 82 29
2177 ORDER 2178 72 38 2 20 1
2178 ORDER 2179 32 42 1 17 1
2179 ORDER 2180 74 56 78 67 2
2180 ORDER 2181 57 54 84 67 0
2181 ORDER 2182 61 36 42 67 0
2182 UNBLOCK 21 45
2182 UNBLOCK 74 5
2182 ORDER 2183 49 27 15 67 0
2183 ORDER 2184 40 42 47 68 0
2184 ORDER 2185 28 54 95 67 3
2185 ORDER 2186 67 36 23 68 3
2186 ORDER 2187 91 62 16 67 0
2186 CANCEL 102187
2187 ORDER 2188 41 32 77 67 0
2188 ORDER 2189 86 55 61 67 0
2189 UNBLOCK 22 51
2189 ORDER 2190 69 41 2 39 3
2190 ORDER 2191 39 53 2 66 0
2191 ORDER 2192 57 38 1 2 2
2191 BLOCK 43 67
2192 ORDER 2193 53 40 3 23 0
2193 ORDER 2194 85 15 3 55 1
2194 UNBLOCK 7 59
2194 ORDER 2195 64 32 3 6 0
2195 ORDER 2196 83 9 57 68 0
2195 BLOCK 76 56
2196 ORDER 2197 36 44 2 30 0
2197 ORDER 2198 15 8 98 67 0
2198 UNBLOCK 88 42
2198 ORDER 2199 55 6 51 68 0
2199 ORDER 2200 40 14 1 65 2
2200 ORDER 2201 53 47 1 22 0
2201 ORDER 2202 38 35 97 67 0
2202 CANCEL 2168
2202 ORDER 2203 90 42 37 67 0
2203 ORDER 2204 40 32 61 67 0
2204 ORDER 2205 7 29 30 67 1
2205 UNBLOCK 78 42
2205 ORDER 2206 87 14 60 67 0
2205 BLOCK 8 38
2206 ORDER 2207 77 29 1 47 0
2207 ORDER 2208 65 17 40 68 2
2208 ORDER 2209 94 26 83 68 0
2209 ORDER 2210 70 23 3 68 2
2210 ORDER 2211 80 24 3 49 1
2211 ORDER 2212 51 29 26 68 2
2212 ORDER 2213 66 63 2 31 1
2213 ORDER 2214 86 3 81 68 0
2214 ORDER 2215 88 21 1 20 0
2215 ORDER 2216 74 53 1 44 0
2216 ORDER 2217 66 32 1 10 0
2217 ORDER 2218 94 32 76 68 0
2218 UNBLOCK 24 21
2218 ORDER 2219 38 56 3 61 0
2219 ORDER 2220 17 38 46 68 0
2220 CANCEL 2174
2220 ORDER 2221 33 3 39 67 1
2221 ORDER 2222 91 38 3 57 3
2222 ORDER 2223 25 6 45 67 0
2223 ORDER 2224 89 29 82 67 0
2224 ORDER 2225 60 59 50 67 3
2225 UNBLOCK 76 56
2225 ORDER 2226 25 11 2 16 1
2226 ORDER 2227 71 42 82 67 0
2227 ORDER 2228 63 17 2 29 0
2227 BLOCK 21 3
2228 ORDER 2229 75 24 33 68 0
2228 BLOCK 26 15
2229 ORDER 2230 53 33 71 67 0
2229 BLOCK 10 20
2230 ORDER 2231 41 18 1 18 1
2231 ORDER 2232 73 53 1 42 1
2231 BLOCK 50 44
2232 UNBLOCK 82 29
2232 ORDER 2233 7 18 2 19 1
2233 ORDER 2234 54 33 93 68 0
2234 ORDER 2235 29 11 41 68 0
2235 ORDER 2236 36 42 80 68 1
2236 ORDER 2237 53 18 34 67 0
2237 ORDER 2238 25 15 3 34 0
2237 BLOCK 77 44
2238 ORDER 2239 81 41 3 50 0
2239 ORDER 2240 26 42 40 68 0
2240 ORDER 2241 78 36 89 67 1
2241 ORDER 2242 42 29 2 19 0
2241 BLOCK 7 65
2242 ORDER 2243 18 50 2 2 0
2243 CANCEL 2141
2243 ORDER 2244 29 59 3 18 0
2243 BLOCK 25 19
2244 ORDER 2245 60 6 3 47 0
2245 ORDER 2246 42 29 3 11 2
2246 ORDER 2247 77 18 2 61 2
2247 ORDER 2248 39 11 2 7 3
2248 ORDER 2249 80 54 1 46 0
2249 ORDER 2250 9 45 12 68 1
2250 ORDER 2251 61 38 3 42 0
2251 ORDER 2252 80 29 13 68 0
2251 BLOCK 14 35
2252 CANCEL 2251
2252 ORDER 2253 62 59 49 68 1
2253 CANCEL 2178
2253 ORDER 2254 92 17 6 67 0
2254 ORDER 2255 80 39 1 55 1
2255 ORDER 2256 44 5 2 28 0
2256 ORDER 2257 21 54 74 68 0
2257 ORDER 2258 59 56 74 68 0
2257 BLOCK 73 51
2258 CANCEL 2209
2258 ORDER 2259 15 65 92 67 1
2258 BLOCK 44 61
2259 ORDER 2260 33 27 1 56 1
2260 ORDER 2261 67 48 1 56 1
2261 ORDER 2262 33 27 7 67 0
2262 ORDER 2263 62 35 9 67 1
2263 ORDER 2264 38 24 1 1 0
2264 ORDER 2265 16 44 47 68 0
2265 ORDER 2266 60 44 3 11 0
2266 ORDER 2267 38 47 98 67 1
2267 ORDER 2268 12 59 18 68 3
2267 BLOCK 54 27
2268 ORDER 2269 15 5 2 37 2
2269 ORDER 2270 17 3 2 5 0
2270 UNBLOCK 44 61
2270 ORDER 2271 10 48 92 68 0
2270 BLOCK 40 66
2271 ORDER 2272 31 59 64 68 0
2271 BLOCK 88 57
2272 ORDER 2273 53 63 2 49 0
2272 BLOCK 5 43
2273 ORDER 2274 55 42 65 67 1
2274 ORDER 2275 11 15 8 68 0
2275 ORDER 2276 57 24 1 48 3
2276 ORDER 2277 20 57 1 30 0
2277 UNBLOCK 43 67
2277 ORDER 2278 65 24 2 37 1
2278 ORDER 2279 23 26 61 67 0
2279 ORDER 2280 47 50 3 14 0
2279 BLOCK 49 27
2280 ORDER 2281 72 35 2 18 0
2280 BLOCK 71 23
2281 CANCEL 2119
2281 UNBLOCK 8 38
2281 ORDER 2282 45 15 3 67 0
2282 ORDER 2283 8 57 56 68 1
2282 BLOCK 55 53
2283 ORDER 2284 10 62 3 38 0
2284 UNBLOCK 50 44
2284 ORDER 2285 87 6 3 67 1
2285 ORDER 2286 6 63 2 63 0
2286 UNBLOCK 10 20
2286 UNBLOCK 54 27
2286 ORDER 2287 72 6 65 67 0
2287 ORDER 2288 57 51 1 12 0
2288 UNBLOCK 40 66
2288 ORDER 2289 93 53 3 5 0
2289 ORDER 2290 85 26 3 53 2
2290 ORDER 2291 38 33 77 67 2
2291 ORDER 2292 20 21 3 24 0
2291 BLOCK 72 68
2292 ORDER 2293 33 45 1 59 0
2293 ORDER 2294 91 5 3 23 0
2293 BLOCK 86 45
2294 ORDER 2295 15 27 1 61 1
2295 ORDER 2296 58 54 40 68 0
2296 UNBLOCK 77 44
2296 UNBLOCK 25 19
2296 ORDER 2297 46 39 8 67 0
2296 BLOCK 26 42
2297 CANCEL 2167
2297 UNBLOCK 5 43
2297 ORDER 2298 33 21 1 52 1
2298 UNBLOCK 55 53
2298 ORDER 2299 91 35 96 68 1
2299 ORDER 2300 17 12 3 38 0
2300 ORDER 2301 78 8 36 68 0
2300 BLOCK 30 29
2301 ORDER 2302 7 8 2 9 2
2301 BLOCK 7 18
2302 ORDER 2303 69 15 2 19 1
2303 ORDER 2304 91 18 3 4 1
2304 ORDER 2305 11 20 97 67 0
2305 ORDER 2306 51 59 1 5 0
2306 UNBLOCK 88 57
2306 CANCEL 2295
2306 ORDER 2307 25 54 2 47 1
2306 BLOCK 55 42
2307 ORDER 2308 49 39 1 5 0
2308 ORDER 2309 88 39 71 68 2
2309 CANCEL 2206
2309 ORDER 2310 29 21 33 67 0
2309 BLOCK 33 51
2310 ORDER 2311 90 24 3 48 1
2311 CANCEL 2170
2311 ORDER 2312 89 11 3 49 0
2312 ORDER 2313 43 24 62 68 0
2313 UNBLOCK 21 3
2313 ORDER 2314 7 63 2 52 0
2314 UNBLOCK 71 23
2314 ORDER 2315 91 50 1 5 3
2314 BLOCK 10 29
2315 ORDER 2316 92 5 41 67 0
2316 ORDER 2317 37 17 3 58 2
2317 ORDER 2318 14 5 55 67 1
2318 UNBLOCK 26 42
2318 ORDER 2319 42 21 3 40 0
2318 BLOCK 47 14
2319 ORDER 2320 50 38 1 64 0
2320 ORDER 2321 43 38 1 23 1
2321 ORDER 2322 72 45 69 68 1
2322 UNBLOCK 86 45
2322 ORDER 2323 70 42 2 64 2
2323 ORDER 2324 29 62 3 60 1
2324 ORDER 2325 54 15 5 67 0
2325 ORDER 2326 27 11 76 68 0
2326 ORDER 2327 81 63 2 57 1
2326 BLOCK 27 60
2327 ORDER 2328 74 18 72 68 0
2328 UNBLOCK 26 15
2328 UNBLOCK 7 65
2328 ORDER 2329 61 23 69 68 0
2329 ORDER 2330 35 44 3 47 1
2329 BLOCK 57 7
2330 ORDER 2331 48 36 2 40 0
2331 ORDER 2332 79 36 95 68 0
2332 ORDER 2333 6 48 39 67 1
2333 ORDER 2334 49 53 2 24 1
2334 ORDER 2335 45 5 1 64 0
2335 ORDER 2336 75 33 3 63 1
2336 ORDER 2337 60 41 1 19 1
2336 BLOCK 64 50
2337 ORDER 2338 37 48 1 53 1
2338 UNBLOCK 73 51
2338 ORDER 2339 20 29 53 67 0
2339 UNBLOCK 14 35
2339 ORDER 2340 48 42 44 67 0
2339 BLOCK 55 63
2340 ORDER 2341 71 39 85 68 1
2341 ORDER 2342 94 32 6 67 0
2342 CANCEL 2302
2342 ORDER 2343 70 6 23 68 0
2343 ORDER 2344 16 53 2 9 0
2344 ORDER 2345 61 47 88 68 0
2345 ORDER 2346 8 54 3 30 1
2346 UNBLOCK 30 29
2346 ORDER 2347 77 3 69 67 3
2347 ORDER 2348 6 56 3 33 0
2348 ORDER 2349 10 18 22 67 1
2349 ORDER 2350 44 39 3 17 0
2350 ORDER 2351 33 8 2 34 1
2351 ORDER 2352 25 6 92 68 0
2352 UNBLOCK 33 51
2352 ORDER 2353 66 27 2 4 0
2353 ORDER 2354 73 17 2 33 0
2354 ORDER 2355 59 18 37 68 0
2355 ORDER 2356 6 30 2 39 1
2356 ORDER 2357 43 24 79 68 0
2357 ORDER 2358 34 47 18 68 0
2358 UNBLOCK 10 29
2358 ORDER 2359 32 20 75 67 0
2359 UNBLOCK 57 7
2359 ORDER 2360 73 33 3 62 1
2360 ORDER 2361 36 48 3 7 0
2361 ORDER 2362 57 3 3 3 0
2362 ORDER 2363 21 20 71 67 0
2362 BLOCK 58 42
2363 UNBLOCK 49 27
2363 ORDER 2364 53 65 3 41 0
2364 ORDER 2365 60 20 85 68 0
2365 ORDER 2366 13 33 1 5 0
2366 ORDER 2367 70 11 3 18 0
2367 ORDER 2368 72 33 2 51 1
2367 BLOCK 61 15
2368 ORDER 2369 59 45 2 64 0
2369 ORDER 2370 76 50 1 37 0
2370 ORDER 2371 12 26 70 68 0
2371 ORDER 2372 85 48 3 48 3
2371 BLOCK 51 26
2372 ORDER 2373 88 33 1 18 1
2373 ORDER 2374 17 15 72 67 0
2374 ORDER 2375 6 9 9 68 0
2374 BLOCK 95 65
2375 ORDER 2376 35 14 51 68 1
2376 ORDER 2377 87 12 3 12 0
2376 BLOCK 13 53
2377 ORDER 2378 11 11 1 58 1
2378 ORDER 2379 33 20 3 60 0
2379 CANCEL 2357
2379 ORDER 2380 32 32 46 67 0
2380 ORDER 2381 38 42 2 44 0
2380 BLOCK 47 51
2381 UNBLOCK 47 14
2381 ORDER 2382 86 45 27 67 1
2382 ORDER 2383 15 47 3 25 1
2383 ORDER 2384 80 14 57 67 0
2383 CANCEL 102384
2383 BLOCK 6 68
2384 ORDER 2385 12 21 3 25 3
2384 BLOCK 7 27
2385 ORDER 2386 55 17 3 41 0
2386 UNBLOCK 95 65
2386 ORDER 2387 24 20 52 67 0
2386 BLOCK 86 41
2387 ORDER 2388 91 42 3 67 0
2388 ORDER 2389 89 38 2 33 0
2389 ORDER 2390 27 36 2 2 0
2390 ORDER 2391 48 14 35 68 0
2391 UNBLOCK 72 68
2391 ORDER 2392 37 26 77 67 1
2392 ORDER 2393 30 38 3 65 0
2393 ORDER 2394 78 10 67 67 1
2394 ORDER 2395 43 9 2 38 0
2395 ORDER 2396 35 8 73 67 2
2396 ORDER 2397 84 20 3 47 0
2397 UNBLOCK 7 18
2397 ORDER 2398 30 9 1 18 0
2398 ORDER 2399 55 65 2 25 0
2399 UNBLOCK 55 42
2399 ORDER 2400 29 50 51 67 2
2400 UNBLOCK 13 53
2400 CANCEL 2387
2400 ORDER 2401 87 50 2 40 1
2400 BLOCK 13 21
2401 ORDER 2402 72 15 3 7 0
2402 ORDER 2403 43 26 94 67 0
2403 ORDER 2404 85 5 80 67 0
2404 ORDER 2405 18 29 10 67 0
2405 ORDER 2406 65 18 2 48 0
2406 ORDER 2407 11 12 68 68 0
2407 ORDER 2408 9 63 2 19 3
2407 BLOCK 91 48
2408 ORDER 2409 43 38 2 67 1
2409 ORDER 2410 20 42 2 7 2
2410 UNBLOCK 61 15
2410 ORDER 2411 71 6 1 3 1
2411 ORDER 2412 9 38 1 49 1
2411 BLOCK 42 12
2412 UNBLOCK 27 60
2412 ORDER 2413 42 33 19 67 2
2413 UNBLOCK 47 51
2413 ORDER 2414 72 23 27 68 1
2413 BLOCK 75 11
2414 UNBLOCK 6 68
2414 ORDER 2415 80 14 6 68 2
2415 ORDER 2416 25 21 95 67 0
2416 ORDER 2417 30 24 1 27 0
2417 ORDER 2418 53 62 1 5 1
2418 ORDER 2419 66 27 3 12 2
2418 BLOCK 77 47
2419 ORDER 2420 53 26 1 40 0
2420 UNBLOCK 91 48
2420 ORDER 2421 29 17 53 68 0
2421 ORDER 2422 70 9 1 51 0
2422 ORDER 2423 43 6 52 67 0
2423 ORDER 2424 74 39 2 28 1
2423 BLOCK 37 50
2424 ORDER 2425 79 35 3 15 0
2425 CANCEL 2265
2425 UNBLOCK 64 50
2425 ORDER 2426 75 27 2 35 0
2426 ORDER 2427 34 35 92 67 2
2427 UNBLOCK 55 63
2427 ORDER 2428 11 25 16 67 0
2428 ORDER 2429 92 18 1 45 0
2429 UNBLOCK 58 42
2429 ORDER 2430 64 9 82 67 2
2430 ORDER 2431 44 6 5 68 0
2431 ORDER 2432 15 12 2 4 1
2432 ORDER 2433 24 39 1 18 1
2433 ORDER 2434 59 57 14 68 1
2434 ORDER 2435 51 32 23 68 3
2435 ORDER 2436 64 9 76 68 0
2435 BLOCK 81 31
2436 CANCEL 2250
2436 UNBLOCK 42 12
2436 ORDER 2437 68 36 6 67 0
2437 ORDER 2438 43 12 2 15 0
2438 ORDER 2439 7 42 5 68 0
2439 ORDER 2440 31 57 2 38 3
2440 ORDER 2441 32 65 2 16 1
2441 CANCEL 2345
2441 ORDER 2442 92 48 85 68 0
2442 ORDER 2443 47 51 3 21 2
2443 ORDER 2444 30 41 2 22 0
2444 ORDER 2445 78 53 3 45 0
2445 ORDER 2446 45 47 2 32 1
2446 UNBLOCK 7 27
2446 ORDER 2447 76 39 21 68 1
2446 BLOCK 78 68
2447 ORDER 2448 32 20 74 67 0
2448 ORDER 2449 36 30 22 67 0
2449 ORDER 2450 71 44 74 68 0
2450 ORDER 2451 77 56 20 67 1
2451 ORDER 2452 25 48 2 41 0
2452 ORDER 2453 80 15 1 14 3
2453 ORDER 2454 39 54 2 34 0
2453 BLOCK 26 5
2454 ORDER 2455 37 62 25 68 1
2454 BLOCK 13 30
2455 ORDER 2456 86 45 28 67 0
2455 BLOCK 80 20
2456 ORDER 2457 16 65 2 23 1
2456 BLOCK 12 29
2457 ORDER 2458 81 41 24 68 0
2458 UNBLOCK 37 50
2458 ORDER 2459 74 14 1 58 0
2459 ORDER 2460 10 59 62 67 0
2460 ORDER 2461 95 20 3 62 1
2461 ORDER 2462 90 47 14 67 0
2462 CANCEL 2263
2462 ORDER 2463 79 8 90 67 0
2463 ORDER 2464 52 5 2 19 1
2464 ORDER 2465 23 36 2 66 1
2465 UNBLOCK 75 11
2465 ORDER 2466 67 12 48 68 0
2465 BLOCK 73 36
2466 ORDER 2467 76 30 36 67 0
2467 ORDER 2468 75 24 51 68 0
2468 UNBLOCK 13 30
2468 ORDER 2469 56 11 73 67 0
2469 UNBLOCK 26 5
2469 ORDER 2470 70 17 5 68 0
2470 UNBLOCK 77 47
2470 ORDER 2471 22 50 61 67 0
2471 UNBLOCK 51 26
2471 ORDER 2472 46 42 74 68 3
2472 UNBLOCK 13 21
2472 ORDER 2473 49 18 2 12 1
2473 ORDER 2474 69 65 52 68 1
2474 ORDER 2475 51 48 3 1 0
2475 ORDER 2476 62 33 1 35 0
2476 ORDER 2477 86 56 88 67 0
2477 ORDER 2478 79 12 96 67 0
2478 ORDER 2479 79 8 3 17 2
2479 ORDER 2480 84 59 77 67 0
2479 BLOCK 9 6
2480 ORDER 2481 9 20 3 51 0
2481 ORDER 2482 66 17 82 67 2
2481 BLOCK 44 68
2482 UNBLOCK 86 41
2482 ORDER 2483 90 48 1 38 0
2483 ORDER 2484 92 63 2 59 1
2483 BLOCK 77 62
2484 ORDER 2485 58 57 60 68 0
2485 ORDER 2486 92 62 45 67 0
2486 ORDER 2487 22 30 25 67 2
2487 ORDER 2488 57 26 41 68 0
2488 ORDER 2489 18 63 40 68 0
2489 ORDER 2490 78 18 73 68 0
2490 UNBLOCK 9 6
2490 ORDER 2491 22 59 21 67 2
2490 BLOCK 6 63
2491 ORDER 2492 37 62 93 67 0
2492 ORDER 2493 91 56 92 68 0
2493 ORDER 2494 54 14 3 40 1
2494 ORDER 2495 39 39 64 67 1
2494 BLOCK 34 47
2495 ORDER 2496 38 17 32 68 0
2496 ORDER 2497 25 54 48 67 2
2497 ORDER 2498 44 45 2 35 1
2498 ORDER 2499 43 57 2 29 0
2499 ORDER 2500 84 5 2 25 2
2499 BLOCK 87 9
