80 58 3000
################################################################################
#.....C....C....C....C....C....C....C....C....C....C....C....C.................#
#..............................................................................#
#..............................................................................#
#.....#######..#########..######..#######..#######..#########..#######..####...#
#..............................................................................#
#..............................................................................#
#.....########..########..######..######..######..######..#######..######..#...#
#..............................................................................#
#..............................................................................#
#.....########..######..#######..########..########..#######..######..######...#
#..............................................................................#
#..............................................................................#
#.....#######..######..#######..######..######..#######..#######..#########....#
#..............................................................................#
#..............................................................................#
#.....########..######..######..######..######..########..#######..######..#...#
#..............................................................................#
#..............................................................................#
#.....########..#########..######..######..#########..########..#######..###...#
#..............................................................................#
#..............................................................................#
#.....#######..#########..#######..#######..########..######..########..####...#
#..............................................................................#
#..............................................................................#
#.....######..#######..######..######..#######..#######..########..######..#...#
#..............................................................................#
#..............................................................................#
#.....#######..########..######..#######..#######..######..#######..########...#
#..............................................................................#
#..............................................................................#
#.....#########..#########..######..#######..#########..#######..######..###...#
#..............................................................................#
#..............................................................................#
#.....#########..#########..#########..########..#######..#########..#######...#
#..............................................................................#
#..............................................................................#
#.....#######..######..#######..######..########..########..#######..#######...#
#..............................................................................#
#..............................................................................#
#.....######..#######..#######..######..######..#######..#########..########...#
#..............................................................................#
#..............................................................................#
#.....#########..########..#######..########..#######..########..######..###...#
#..............................................................................#
#..............................................................................#
#.....#######..#########..#########..######..######..######..######..#######...#
#..............................................................................#
#..............................................................................#
#.....#######..######..#########..########..######..########..########..####...#
#..............................................................................#
#..............................................................................#
#.....######..######..######..#########..#######..########..#######..#######...#
#..............................................................................#
#..............................................................................#
#..............................................................................#
#..............................................................................#
################################################################################
PARAMS 600 10 200 20 50 3
ROBOTS 60
43 12
66 26
12 23
9 30
13 54
67 39
13 36
33 33
30 42
49 26
12 55
31 11
2 45
8 23
46 36
55 32
41 28
34 38
12 53
37 5
35 53
32 10
32 33
24 51
4 17
59 53
62 27
1 23
76 47
48 55
68 8
44 23
11 29
72 41
47 15
37 39
16 17
14 12
1 56
13 45
25 53
8 38
68 42
30 18
39 52
35 8
52 35
42 20
66 12
48 39
3 15
17 23
14 53
39 47
50 29
30 13
72 9
77 50
65 18
34 51
EVENTS 2084
0 ORDER 1 32 18 2 56 3
2 ORDER 2 29 38 27 55 0
3 ORDER 3 31 8 3 22 1
7 ORDER 4 41 47 1 33 0
9 ORDER 5 9 42 52 55 0
10 ORDER 6 75 24 65 55 0
14 ORDER 7 58 5 3 46 0
16 ORDER 8 34 26 7 55 0
17 ORDER 9 27 5 1 25 0
22 ORDER 10 49 19 1 20 0
23 ORDER 11 46 33 2 7 0
24 ORDER 12 21 6 59 56 0
25 ORDER 13 24 11 30 55 1
28 ORDER 14 51 30 13 55 0
29 ORDER 15 64 53 2 42 0
30 ORDER 16 6 5 3 16 1
32 ORDER 17 20 9 4 56 0
33 ORDER 18 45 3 2 31 3
35 ORDER 19 58 21 1 3 1
37 ORDER 20 22 42 56 55 1
38 ORDER 21 69 14 2 15 3
40 ORDER 22 71 9 3 7 1
41 ORDER 23 55 11 54 56 2
43 ORDER 24 31 5 1 1 0
45 ORDER 25 54 18 52 55 2
46 ORDER 26 20 48 2 55 0
49 ORDER 27 11 5 3 29 3
50 ORDER 28 57 11 50 55 0
52 ORDER 29 72 41 14 55 1
54 ORDER 30 62 50 31 56 2
56 ORDER 31 25 17 2 19 3
57 ORDER 32 27 8 13 55 0
58 ORDER 33 6 44 6 56 1
62 ORDER 34 39 23 2 43 1
63 ORDER 35 46 44 30 55 0
64 ORDER 36 20 42 76 56 3
65 ORDER 37 44 11 30 56 0
66 ORDER 38 54 6 2 50 0
67 ORDER 39 43 20 16 56 0
68 ORDER 40 68 17 21 56 0
69 ORDER 41 39 29 2 44 0
70 ORDER 42 29 12 55 55 0
71 ORDER 43 17 38 1 28 0
72 ORDER 44 17 12 3 28 0
75 ORDER 45 37 9 3 48 1
76 ORDER 46 11 51 36 56 0
77 ORDER 47 43 8 68 55 3
79 ORDER 48 56 47 3 22 3
80 ORDER 49 28 23 4 56 0
82 ORDER 50 35 26 1 46 0
83 ORDER 51 18 3 73 55 0
84 ORDER 52 9 35 16 55 3
85 ORDER 53 24 42 40 55 0
88 ORDER 54 74 5 1 41 0
89 ORDER 55 34 11 14 56 0
90 ORDER 56 6 44 3 39 3
92 ORDER 57 59 21 29 56 0
93 ORDER 58 30 50 1 3 0
94 ORDER 59 75 21 2 36 2
97 ORDER 60 38 44 2 2 0
99 ORDER 61 59 30 3 35 0
102 ORDER 62 57 32 30 56 0
104 ORDER 63 26 39 33 56 3
105 ORDER 64 61 42 70 56 3
106 ORDER 65 30 42 11 56 0
111 ORDER 66 10 33 1 16 1
113 ORDER 67 9 47 2 36 1
115 ORDER 68 40 15 2 23 1
116 ORDER 69 57 48 3 43 0
117 ORDER 70 10 14 1 32 0
119 ORDER 71 12 35 30 55 0
120 ORDER 72 31 3 22 56 2
122 ORDER 73 69 29 3 44 1
124 ORDER 74 61 47 3 46 0
126 ORDER 75 34 47 73 56 0
128 ORDER 76 11 14 1 4 0
129 ORDER 77 22 23 23 55 1
131 CANCEL 73
132 ORDER 78 40 18 3 27 1
135 ORDER 79 16 27 3 31 0
136 ORDER 80 42 24 2 16 0
137 ORDER 81 39 48 35 55 1
140 ORDER 82 29 9 2 1 0
141 ORDER 83 45 30 1 5 1
144 CANCEL 67
145 ORDER 84 12 9 3 26 1
148 ORDER 85 8 5 3 52 0
151 ORDER 86 52 3 1 55 0
152 ORDER 87 37 36 1 3 1
153 ORDER 88 59 42 1 39 0
154 ORDER 89 36 29 1 20 1
155 ORDER 90 73 12 70 55 0
158 ORDER 91 26 8 2 54 0
160 ORDER 92 53 38 1 33 1
161 ORDER 93 69 27 2 12 0
162 ORDER 94 63 3 2 16 0
163 ORDER 95 34 36 2 29 0
164 ORDER 96 66 30 39 56 1
166 CANCEL 61
166 ORDER 97 28 29 2 37 0
167 ORDER 98 60 41 56 55 3
168 ORDER 99 8 29 66 56 0
170 ORDER 100 27 26 2 32 0
172 ORDER 101 51 23 49 55 3
175 ORDER 102 12 36 34 56 2
177 ORDER 103 22 5 1 46 0
178 ORDER 104 31 42 3 21 1
179 ORDER 105 10 35 37 56 0
180 ORDER 106 41 23 3 33 0
182 ORDER 107 73 35 3 37 0
184 ORDER 108 8 41 1 33 0
185 ORDER 109 16 21 1 25 0
187 ORDER 110 25 27 2 26 0
188 CANCEL 13
188 ORDER 111 39 24 4 55 0
189 ORDER 112 53 30 8 56 0
190 ORDER 113 49 35 28 56 0
191 ORDER 114 19 30 3 50 0
193 ORDER 115 39 32 61 55 1
194 ORDER 116 28 12 23 55 0
195 ORDER 117 12 33 3 51 0
196 ORDER 118 36 41 19 55 0
197 ORDER 119 73 42 7 55 0
201 ORDER 120 52 14 25 55 1
201 BLOCK 10 36
202 ORDER 121 8 15 1 52 0
203 ORDER 122 61 45 71 55 2
205 ORDER 123 10 36 3 50 0
206 ORDER 124 9 14 30 56 0
206 BLOCK 14 1
207 ORDER 125 54 20 2 35 1
209 ORDER 126 7 27 38 55 1
210 ORDER 127 40 36 2 5 0
211 ORDER 128 45 45 2 2 0
212 BLOCK 48 48
213 ORDER 129 61 30 2 41 0
214 ORDER 130 57 9 2 28 0
215 ORDER 131 37 20 3 44 0
216 ORDER 132 20 11 2 14 0
218 ORDER 133 59 9 2 45 0
219 ORDER 134 38 8 50 55 0
221 ORDER 135 46 44 27 56 0
222 ORDER 136 58 11 36 55 1
225 ORDER 137 9 29 24 55 0
226 ORDER 138 43 18 1 39 0
227 ORDER 139 67 3 16 55 0
228 ORDER 140 34 6 66 55 0
229 ORDER 141 71 6 3 32 0
230 ORDER 142 45 23 23 55 1
231 ORDER 143 20 23 3 37 0
233 ORDER 144 18 48 26 56 1
234 ORDER 145 10 45 3 40 2
236 ORDER 146 58 6 15 56 0
238 ORDER 147 67 20 74 55 1
239 ORDER 148 23 26 52 56 0
240 ORDER 149 15 47 60 56 2
241 UNBLOCK 10 36
242 ORDER 150 35 50 1 45 0
243 ORDER 151 39 33 1 34 2
244 ORDER 152 20 18 1 25 1
246 ORDER 153 50 21 1 13 2
247 CANCEL 79
249 ORDER 154 28 35 77 56 0
253 ORDER 155 24 35 30 55 2
255 ORDER 156 30 53 9 55 1
264 ORDER 157 12 14 71 55 0
265 ORDER 158 19 41 67 56 3
272 ORDER 159 40 18 19 56 0
278 ORDER 160 48 27 46 56 1
279 UNBLOCK 14 1
279 ORDER 161 27 48 1 49 1
280 ORDER 162 25 15 1 23 0
283 ORDER 163 68 15 3 28 1
284 ORDER 164 21 32 1 16 0
286 ORDER 165 9 39 58 55 0
287 ORDER 166 34 53 3 32 1
291 ORDER 167 15 29 49 56 0
292 ORDER 168 43 27 70 56 1
294 ORDER 169 20 6 3 2 1
295 ORDER 170 49 12 64 56 0
296 ORDER 171 46 21 37 56 0
297 ORDER 172 50 32 3 34 1
299 ORDER 173 62 14 1 31 0
300 ORDER 174 36 51 3 49 0
301 ORDER 175 62 27 23 56 0
304 ORDER 176 23 6 2 49 0
306 ORDER 177 17 26 1 11 0
308 ORDER 178 18 14 1 52 2
309 ORDER 179 63 17 68 56 2
310 ORDER 180 63 9 3 16 2
312 ORDER 181 45 45 2 44 0
315 ORDER 182 13 18 2 23 2
315 BLOCK 66 41
317 ORDER 183 73 12 35 55 0
318 ORDER 184 58 8 8 55 2
319 ORDER 185 49 42 41 55 0
320 ORDER 186 17 11 42 56 0
321 ORDER 187 74 39 1 25 0
324 ORDER 188 17 21 39 56 0
325 ORDER 189 33 27 1 26 0
326 ORDER 190 61 39 18 55 0
327 ORDER 191 12 29 26 55 0
330 ORDER 192 64 6 1 43 2
332 ORDER 193 75 5 16 56 1
333 ORDER 194 69 23 11 55 1
334 CANCEL 184
334 ORDER 195 31 5 39 56 2
335 ORDER 196 72 21 19 55 2
336 ORDER 197 39 27 3 14 0
337 ORDER 198 16 17 18 56 0
338 ORDER 199 58 23 1 32 1
339 ORDER 200 31 53 2 37 1
340 ORDER 201 53 30 61 55 0
342 ORDER 202 46 27 47 55 0
344 ORDER 203 44 36 2 23 0
345 ORDER 204 8 21 48 56 0
346 ORDER 205 19 26 52 56 0
349 ORDER 206 50 42 2 32 1
350 ORDER 207 48 18 2 25 2
350 BLOCK 8 12
351 ORDER 208 34 3 14 55 0
353 CANCEL 198
353 ORDER 209 39 21 1 21 0
354 ORDER 210 24 51 36 55 0
355 ORDER 211 67 3 3 15 0
357 UNBLOCK 48 48
357 ORDER 212 49 30 3 10 1
357 BLOCK 58 27
358 ORDER 213 46 32 42 55 2
359 ORDER 214 30 50 2 4 1
362 ORDER 215 23 14 41 55 0
363 ORDER 216 64 20 43 56 0
364 ORDER 217 20 24 52 55 0
367 ORDER 218 60 53 1 4 0
371 ORDER 219 52 41 54 55 0
373 ORDER 220 11 50 3 16 0
374 ORDER 221 56 44 1 55 0
375 ORDER 222 37 30 73 55 1
376 ORDER 223 11 23 77 56 0
377 ORDER 224 7 50 3 51 0
378 ORDER 225 26 29 68 56 0
379 ORDER 226 33 36 19 56 3
381 ORDER 227 52 39 17 56 1
382 ORDER 228 74 44 58 56 0
383 ORDER 229 51 21 43 56 0
385 CANCEL 114
387 ORDER 230 33 33 24 56 0
390 ORDER 231 73 9 1 32 0
393 ORDER 232 13 15 42 56 2
401 ORDER 233 70 42 47 55 0
404 UNBLOCK 66 41
406 ORDER 234 61 47 3 14 0
407 CANCEL 153
407 ORDER 235 14 44 69 56 1
408 ORDER 236 45 3 45 55 1
410 ORDER 237 35 18 3 6 1
412 ORDER 238 18 8 1 41 0
412 BLOCK 59 38
413 ORDER 239 7 20 1 30 0
414 BLOCK 15 36
415 ORDER 240 18 50 53 56 0
416 ORDER 241 6 32 63 55 0
417 ORDER 242 7 30 3 53 1
418 ORDER 243 70 11 2 18 1
419 ORDER 244 60 41 2 15 0
421 ORDER 245 61 53 20 56 0
422 ORDER 246 37 42 31 56 0
423 ORDER 247 6 15 2 11 0
424 ORDER 248 26 29 3 47 0
425 ORDER 249 29 3 1 26 3
426 ORDER 250 29 17 3 48 1
427 ORDER 251 50 18 3 44 0
428 ORDER 252 30 53 36 56 3
430 ORDER 253 42 44 2 18 1
431 ORDER 254 24 20 44 55 0
433 ORDER 255 75 53 36 56 0
434 BLOCK 47 27
435 ORDER 256 61 29 2 2 1
436 ORDER 257 31 23 2 56 0
437 ORDER 258 41 38 71 55 0
438 ORDER 259 21 32 3 27 0
440 ORDER 260 71 39 3 26 3
441 ORDER 261 24 30 2 20 0
442 ORDER 262 11 15 59 55 1
443 ORDER 263 56 51 2 26 0
444 ORDER 264 11 32 59 55 2
445 ORDER 265 21 42 21 56 0
447 ORDER 266 8 30 2 34 0
449 ORDER 267 56 45 68 55 3
451 ORDER 268 13 8 18 55 0
455 ORDER 269 20 14 2 50 1
460 ORDER 270 64 38 1 15 0
460 BLOCK 57 29
461 ORDER 271 43 26 12 56 0
462 ORDER 272 69 23 17 56 0
465 ORDER 273 18 51 3 4 2
468 ORDER 274 10 5 62 56 0
469 ORDER 275 38 5 33 55 0
470 ORDER 276 66 42 48 55 0
471 ORDER 277 58 24 1 32 0
473 ORDER 278 17 3 3 46 0
473 BLOCK 32 54
474 ORDER 279 48 24 2 52 0
474 BLOCK 22 27
475 ORDER 280 59 35 2 2 1
477 UNBLOCK 8 12
477 ORDER 281 73 50 16 56 0
479 ORDER 282 69 32 25 55 0
480 ORDER 283 70 51 1 22 1
481 ORDER 284 25 29 2 29 0
482 ORDER 285 19 42 71 55 0
483 ORDER 286 68 32 71 56 0
484 ORDER 287 27 11 47 55 1
487 CANCEL 100287
489 ORDER 288 70 41 57 56 0
492 ORDER 289 75 26 74 56 0
493 ORDER 290 66 30 1 27 0
494 ORDER 291 37 8 16 55 0
495 ORDER 292 45 41 61 56 0
497 UNBLOCK 58 27
497 UNBLOCK 47 27
497 ORDER 293 43 36 8 56 0
499 ORDER 294 20 23 1 1 0
500 ORDER 295 27 44 3 53 1
501 ORDER 296 45 50 36 56 0
502 CANCEL 248
502 BLOCK 68 5
505 ORDER 297 38 47 50 55 0
508 ORDER 298 31 26 71 56 0
509 ORDER 299 40 12 1 46 0
510 ORDER 300 66 38 3 10 1
511 CANCEL 214
511 BLOCK 26 35
512 ORDER 301 31 44 2 24 1
513 ORDER 302 74 11 26 55 1
515 ORDER 303 30 20 1 30 0
516 CANCEL 253
516 ORDER 304 29 14 3 54 1
517 ORDER 305 47 18 1 7 0
518 ORDER 306 11 3 58 55 0
522 UNBLOCK 22 27
523 ORDER 307 59 8 22 55 1
524 ORDER 308 73 21 76 56 0
526 ORDER 309 12 15 2 15 0
527 ORDER 310 64 29 50 55 0
528 UNBLOCK 15 36
528 ORDER 311 69 14 1 54 0
530 BLOCK 40 29
534 UNBLOCK 57 29
537 ORDER 312 18 3 3 27 2
538 UNBLOCK 59 38
538 UNBLOCK 32 54
539 ORDER 313 58 50 31 55 1
541 ORDER 314 18 27 15 56 0
542 BLOCK 24 38
543 ORDER 315 60 42 5 55 0
544 ORDER 316 37 41 35 55 1
547 ORDER 317 67 44 3 23 0
548 UNBLOCK 26 35
548 ORDER 318 17 27 2 27 0
549 ORDER 319 58 17 48 55 3
550 ORDER 320 18 48 1 17 1
551 ORDER 321 34 15 1 19 0
555 ORDER 322 72 3 15 56 1
556 ORDER 323 6 15 2 11 0
557 ORDER 324 39 50 78 55 2
560 ORDER 325 16 36 2 29 0
561 ORDER 326 18 41 1 11 1
562 ORDER 327 69 45 17 55 0
563 ORDER 328 52 5 2 22 0
564 ORDER 329 67 26 39 56 2
565 ORDER 330 68 30 3 52 0
566 ORDER 331 53 51 23 56 0
566 BLOCK 14 9
567 ORDER 332 46 50 77 56 0
568 ORDER 333 64 26 3 37 0
570 ORDER 334 10 26 3 24 0
571 CANCEL 301
572 ORDER 335 33 41 3 9 0
573 ORDER 336 36 3 1 4 0
574 ORDER 337 61 47 2 41 1
576 ORDER 338 47 50 47 56 0
577 ORDER 339 49 5 3 37 0
578 ORDER 340 55 11 40 55 1
581 ORDER 341 44 8 57 56 0
583 ORDER 342 20 29 2 26 3
584 ORDER 343 53 50 75 55 0
586 ORDER 344 58 21 2 27 1
587 ORDER 345 62 30 3 27 0
588 ORDER 346 68 26 2 54 2
589 ORDER 347 9 39 52 55 1
590 ORDER 348 26 29 49 56 0
591 ORDER 349 11 48 15 55 0
595 ORDER 350 37 32 67 55 0
596 ORDER 351 59 42 2 15 0
597 ORDER 352 48 12 76 55 0
599 ORDER 353 46 9 28 55 0
600 ORDER 354 15 24 54 55 0
601 ORDER 355 64 50 42 55 1
602 UNBLOCK 40 29
603 ORDER 356 44 36 1 14 1
604 ORDER 357 6 39 1 43 0
605 ORDER 358 62 27 54 56 1
605 BLOCK 58 37
607 ORDER 359 11 24 6 55 0
608 ORDER 360 22 5 2 20 0
608 BLOCK 68 53
609 ORDER 361 12 47 1 16 0
610 ORDER 362 29 33 7 55 2
611 CANCEL 330
612 ORDER 363 29 14 2 41 3
613 ORDER 364 7 33 2 53 0
615 CANCEL 340
615 ORDER 365 12 11 3 19 0
616 UNBLOCK 68 5
617 ORDER 366 74 50 19 56 1
618 ORDER 367 34 50 62 56 3
619 ORDER 368 59 35 2 33 0
619 BLOCK 12 11
622 ORDER 369 68 50 8 55 0
624 ORDER 370 72 33 6 55 2
627 ORDER 371 19 29 2 30 1
628 ORDER 372 42 26 2 29 0
630 ORDER 373 68 14 2 53 2
632 CANCEL 276
633 ORDER 374 58 24 15 55 1
634 ORDER 375 37 15 46 55 0
635 ORDER 376 75 38 72 56 0
636 ORDER 377 27 21 2 2 0
637 ORDER 378 8 35 70 56 0
638 ORDER 379 7 45 4 55 0
639 ORDER 380 66 35 10 56 0
640 ORDER 381 55 17 2 42 1
641 ORDER 382 10 45 3 17 1
643 ORDER 383 54 38 40 56 0
648 ORDER 384 12 15 72 56 1
649 UNBLOCK 24 38
649 CANCEL 339
649 ORDER 385 72 38 24 55 0
652 ORDER 386 44 51 2 17 0
654 ORDER 387 6 24 1 4 0
655 ORDER 388 64 39 3 51 2
656 ORDER 389 36 44 3 27 0
656 BLOCK 8 56
657 ORDER 390 60 20 2 21 2
661 ORDER 391 70 12 2 10 0
662 ORDER 392 51 53 2 22 1
664 ORDER 393 41 38 1 32 1
666 ORDER 394 15 29 3 33 0
667 ORDER 395 25 51 2 36 0
669 ORDER 396 64 51 26 55 3
671 ORDER 397 71 29 1 44 2
673 ORDER 398 36 3 37 55 0
674 ORDER 399 65 36 3 34 0
675 ORDER 400 45 8 68 55 0
678 ORDER 401 74 36 3 15 0
679 UNBLOCK 68 53
681 ORDER 402 47 9 1 15 1
685 ORDER 403 69 36 37 56 0
686 ORDER 404 55 29 38 56 0
687 ORDER 405 37 23 56 56 2
688 ORDER 406 59 6 49 56 0
689 ORDER 407 63 53 1 22 0
692 ORDER 408 70 42 1 22 0
693 ORDER 409 48 15 3 41 0
694 ORDER 410 18 39 32 55 1
695 ORDER 411 37 5 1 33 1
701 ORDER 412 67 50 16 56 0
702 ORDER 413 44 38 2 51 0
703 UNBLOCK 58 37
704 ORDER 414 66 53 1 2 0
704 BLOCK 41 28
706 ORDER 415 43 35 62 55 0
707 UNBLOCK 14 9
707 ORDER 416 72 11 77 55 0
708 ORDER 417 26 3 9 56 1
709 ORDER 418 64 36 2 33 0
711 ORDER 419 44 5 78 56 0
714 ORDER 420 20 9 7 55 0
715 ORDER 421 28 39 1 50 0
717 ORDER 422 66 20 13 55 0
718 ORDER 423 35 3 3 17 0
719 ORDER 424 63 53 61 55 0
721 CANCEL 422
721 ORDER 425 36 24 10 56 0
722 ORDER 426 32 20 3 36 0
723 ORDER 427 12 38 3 42 0
724 ORDER 428 53 6 78 55 3
725 ORDER 429 63 47 72 55 0
731 ORDER 430 31 48 57 56 0
732 ORDER 431 39 6 2 6 0
733 ORDER 432 33 44 69 55 2
734 ORDER 433 20 18 39 56 2
735 ORDER 434 72 38 3 25 1
736 UNBLOCK 12 11
736 ORDER 435 11 32 27 56 0
737 ORDER 436 32 44 1 7 2
738 BLOCK 67 2
739 UNBLOCK 8 56
740 ORDER 437 55 38 3 28 0
741 CANCEL 396
741 ORDER 438 26 14 30 56 0
742 ORDER 439 37 5 3 45 0
742 BLOCK 11 8
744 ORDER 440 49 12 40 55 1
748 ORDER 441 27 20 23 55 1
749 CANCEL 358
749 ORDER 442 55 6 34 55 0
750 ORDER 443 25 41 9 55 0
751 ORDER 444 56 45 2 42 1
752 ORDER 445 72 12 2 10 1
754 ORDER 446 72 3 41 55 0
755 ORDER 447 50 14 1 6 0
757 ORDER 448 51 23 3 5 0
759 ORDER 449 6 17 37 55 1
761 ORDER 450 8 26 3 3 1
762 ORDER 451 19 27 14 56 0
763 ORDER 452 20 44 3 49 1
764 UNBLOCK 41 28
764 ORDER 453 64 51 41 56 0
765 ORDER 454 21 5 2 30 0
766 ORDER 455 65 11 18 56 0
769 ORDER 456 28 35 32 55 0
772 ORDER 457 11 5 75 56 0
774 ORDER 458 20 38 2 6 0
775 ORDER 459 70 53 67 55 1
778 ORDER 460 25 33 8 56 0
779 ORDER 461 44 39 44 55 1
780 ORDER 462 11 14 1 21 3
781 ORDER 463 25 24 25 56 1
782 ORDER 464 44 11 1 2 0
787 ORDER 465 53 17 27 56 0
788 ORDER 466 7 26 70 56 0
789 ORDER 467 9 50 43 55 0
791 CANCEL 426
792 ORDER 468 7 14 52 56 3
793 ORDER 469 37 27 55 55 0
795 ORDER 470 20 32 3 33 1
796 ORDER 471 52 42 3 3 1
797 ORDER 472 60 3 2 35 1
798 ORDER 473 56 30 47 55 0
799 ORDER 474 9 17 3 32 1
801 ORDER 475 60 26 3 11 3
802 ORDER 476 37 44 78 56 1
803 ORDER 477 68 3 3 43 2
804 ORDER 478 45 38 2 6 0
805 ORDER 479 56 11 2 50 3
807 ORDER 480 12 38 47 55 1
808 ORDER 481 7 14 1 31 2
809 ORDER 482 42 33 5 55 0
810 ORDER 483 23 26 1 55 2
811 ORDER 484 20 50 40 55 1
813 ORDER 485 11 17 78 56 1
814 ORDER 486 37 18 60 56 0
815 ORDER 487 59 14 1 1 2
815 BLOCK 31 29
816 ORDER 488 68 20 1 8 0
817 UNBLOCK 11 8
819 ORDER 489 15 26 1 31 1
820 ORDER 490 67 15 45 56 0
821 ORDER 491 31 42 2 18 1
822 ORDER 492 75 18 58 56 0
823 ORDER 493 12 47 2 27 1
824 ORDER 494 16 38 3 54 0
826 ORDER 495 28 27 1 8 0
829 ORDER 496 57 11 2 54 1
830 ORDER 497 60 3 13 56 2
830 BLOCK 45 17
831 ORDER 498 19 51 3 56 3
832 BLOCK 32 56
833 ORDER 499 29 6 3 5 2
834 ORDER 500 7 15 5 56 0
836 ORDER 501 39 3 47 55 0
837 ORDER 502 69 27 58 55 1
838 ORDER 503 27 48 1 45 0
839 ORDER 504 27 51 3 14 0
840 ORDER 505 74 5 51 55 0
842 ORDER 506 10 33 57 56 0
843 ORDER 507 47 21 3 10 1
844 ORDER 508 36 53 19 55 0
845 ORDER 509 41 51 59 56 0
847 ORDER 510 9 45 1 20 0
848 ORDER 511 10 39 2 33 0
849 ORDER 512 46 20 31 55 0
850 ORDER 513 66 14 74 56 1
852 ORDER 514 17 21 43 55 0
853 ORDER 515 55 6 1 27 0
854 ORDER 516 14 42 36 55 2
856 ORDER 517 55 33 43 55 0
857 ORDER 518 75 3 1 49 0
858 ORDER 519 13 33 2 53 2
859 ORDER 520 67 24 68 55 0
863 ORDER 521 68 21 45 55 0
864 ORDER 522 70 39 28 55 0
866 CANCEL 407
866 UNBLOCK 45 17
866 ORDER 523 43 20 2 1 1
869 ORDER 524 61 44 60 56 0
870 ORDER 525 20 38 45 55 0
871 ORDER 526 28 38 75 56 0
873 ORDER 527 67 44 1 22 2
874 UNBLOCK 67 2
874 ORDER 528 49 12 63 56 0
875 ORDER 529 55 48 1 33 0
876 ORDER 530 71 38 9 56 1
876 BLOCK 74 55
877 ORDER 531 26 12 3 56 0
878 ORDER 532 12 33 38 55 0
879 ORDER 533 32 33 3 23 1
880 ORDER 534 13 33 44 55 0
881 UNBLOCK 31 29
882 CANCEL 510
882 ORDER 535 61 53 35 55 1
883 ORDER 536 26 11 2 54 0
885 ORDER 537 72 5 1 41 0
886 ORDER 538 65 42 1 20 0
887 ORDER 539 67 12 36 55 0
888 ORDER 540 66 33 1 20 1
890 ORDER 541 75 23 1 22 1
892 ORDER 542 18 21 1 38 2
894 ORDER 543 35 53 2 3 1
895 ORDER 544 11 26 2 53 1
898 ORDER 545 20 48 33 56 1
899 ORDER 546 69 36 8 55 2
900 CANCEL 462
900 ORDER 547 52 39 74 56 0
905 ORDER 548 71 33 3 43 0
907 ORDER 549 26 21 2 8 0
910 ORDER 550 21 31 37 56 0
913 ORDER 551 56 45 31 56 1
914 ORDER 552 66 45 60 56 0
915 ORDER 553 52 14 2 46 1
916 ORDER 554 55 44 47 56 1
917 ORDER 555 55 21 28 56 0
919 ORDER 556 73 18 3 24 0
920 ORDER 557 59 3 49 56 0
921 ORDER 558 70 53 4 56 0
923 ORDER 559 27 41 70 55 0
925 ORDER 560 17 50 6 56 1
927 ORDER 561 74 18 1 40 0
928 ORDER 562 43 26 2 9 1
930 ORDER 563 7 20 2 10 0
931 ORDER 564 35 50 1 3 2
933 ORDER 565 24 14 2 25 0
934 ORDER 566 10 53 78 56 2
935 ORDER 567 6 42 1 46 1
936 ORDER 568 51 20 3 50 2
937 ORDER 569 38 29 3 44 1
937 BLOCK 32 48
938 ORDER 570 75 48 60 55 1
941 ORDER 571 63 45 1 34 0
943 ORDER 572 56 5 2 19 0
944 ORDER 573 30 48 2 53 1
945 ORDER 574 9 17 2 36 0
947 ORDER 575 11 27 22 55 0
951 ORDER 576 26 17 2 32 0
953 ORDER 577 10 18 3 18 0
954 ORDER 578 25 50 25 55 1
955 ORDER 579 25 32 24 56 1
957 ORDER 580 10 48 32 56 1
958 ORDER 581 29 36 56 55 0
959 ORDER 582 54 29 47 56 0
961 ORDER 583 62 12 15 55 0
964 ORDER 584 20 41 7 55 0
965 UNBLOCK 32 56
965 ORDER 585 17 33 74 55 0
966 ORDER 586 63 29 26 56 1
967 ORDER 587 12 5 1 14 0
968 ORDER 588 32 32 56 56 1
971 ORDER 589 70 17 3 8 2
972 ORDER 590 53 3 1 17 0
975 ORDER 591 49 17 32 56 1
976 ORDER 592 10 33 30 56 1
977 ORDER 593 69 24 36 55 0
979 ORDER 594 60 15 74 56 0
981 ORDER 595 32 44 2 6 0
982 ORDER 596 40 11 2 45 0
983 ORDER 597 60 8 3 42 1
984 ORDER 598 6 26 69 55 0
985 ORDER 599 42 39 1 51 1
986 ORDER 600 12 36 3 7 1
988 ORDER 601 24 36 2 27 2
989 ORDER 602 64 29 3 45 2
991 ORDER 603 70 27 60 56 0
991 BLOCK 24 11
993 ORDER 604 64 34 1 31 0
993 BLOCK 59 27
995 ORDER 605 37 20 1 36 0
997 CANCEL 492
997 UNBLOCK 74 55
999 ORDER 606 66 21 43 55 0
1001 ORDER 607 51 23 1 6 0
1001 BLOCK 56 23
1002 ORDER 608 73 38 74 55 0
1004 CANCEL 564
1005 ORDER 609 21 15 2 52 1
1006 ORDER 610 48 26 5 56 0
1010 ORDER 611 10 30 3 30 0
1011 ORDER 612 24 12 3 8 0
1015 ORDER 613 27 23 44 55 3
1017 ORDER 614 26 39 48 56 1
1018 ORDER 615 73 13 3 39 0
1019 UNBLOCK 32 48
1020 ORDER 616 7 3 3 2 2
1021 ORDER 617 62 11 3 25 0
1022 ORDER 618 28 41 22 56 3
1022 BLOCK 38 50
1023 ORDER 619 45 6 40 56 0
1024 ORDER 620 29 18 3 40 1
1025 ORDER 621 56 9 1 52 0
1026 ORDER 622 8 6 3 30 1
1029 ORDER 623 67 17 2 38 0
1030 ORDER 624 53 32 1 48 0
1031 ORDER 625 56 9 1 29 0
1032 ORDER 626 60 3 3 1 0
1033 ORDER 627 61 41 48 56 0
1034 ORDER 628 30 6 3 20 2
1035 ORDER 629 53 11 23 55 0
1035 BLOCK 71 35
1037 ORDER 630 57 47 37 56 1
1038 ORDER 631 26 11 2 49 1
1040 ORDER 632 70 8 1 25 3
1041 ORDER 633 11 32 1 7 0
1043 ORDER 634 41 47 2 16 1
1047 ORDER 635 37 50 26 56 0
1048 ORDER 636 65 23 2 52 0
1050 ORDER 637 16 36 1 51 0
1051 ORDER 638 51 6 2 10 0
1056 ORDER 639 58 9 1 48 0
1059 ORDER 640 74 18 30 56 0
1060 ORDER 641 44 29 3 27 0
1061 ORDER 642 69 44 60 56 0
1061 BLOCK 48 53
1062 ORDER 643 56 11 47 55 0
1063 ORDER 644 26 29 49 56 0
1064 ORDER 645 24 26 3 20 0
1067 ORDER 646 7 47 52 56 1
1068 ORDER 647 59 27 3 55 3
1069 ORDER 648 16 15 61 56 0
1070 ORDER 649 25 27 61 55 0
1071 ORDER 650 46 38 65 56 1
1072 ORDER 651 55 35 19 56 2
1073 ORDER 652 43 24 3 9 0
1074 ORDER 653 18 5 67 55 1
1078 ORDER 654 48 30 48 56 0
1081 ORDER 655 46 44 3 17 0
1083 ORDER 656 58 11 3 28 0
1084 ORDER 657 67 21 1 5 0
1085 ORDER 658 21 6 29 56 0
1086 UNBLOCK 38 50
1086 ORDER 659 10 21 3 17 0
1087 ORDER 660 33 30 48 56 0
1088 ORDER 661 51 15 3 34 0
1088 BLOCK 32 54
1090 ORDER 662 72 36 1 12 1
1090 BLOCK 17 11
1091 ORDER 663 11 12 69 55 1
1092 CANCEL 632
1092 ORDER 664 8 20 52 55 0
1092 BLOCK 53 21
1093 UNBLOCK 56 23
1093 ORDER 665 62 39 1 29 1
1094 ORDER 666 67 14 1 19 0
1095 ORDER 667 42 12 3 31 0
1095 BLOCK 48 54
1096 ORDER 668 68 12 67 56 0
1097 ORDER 669 64 33 3 29 1
1098 ORDER 670 66 51 3 38 1
1099 ORDER 671 59 48 52 56 3
1101 ORDER 672 6 9 49 56 2
1102 ORDER 673 34 29 6 55 0
1105 ORDER 674 59 9 20 55 3
1106 ORDER 675 28 39 8 56 1
1107 ORDER 676 72 35 2 17 0
1109 ORDER 677 49 5 1 24 1
1110 ORDER 678 67 6 7 56 1
1113 ORDER 679 11 11 25 55 0
1114 ORDER 680 12 32 66 55 0
1115 UNBLOCK 59 27
1115 ORDER 681 66 51 2 44 0
1116 BLOCK 58 11
1117 ORDER 682 45 15 24 55 0
1118 ORDER 683 19 41 1 54 0
1119 ORDER 684 63 8 51 56 0
1120 ORDER 685 57 48 3 55 0
1121 ORDER 686 17 47 1 20 0
1122 ORDER 687 51 12 2 4 0
1123 ORDER 688 20 32 3 53 1
1124 ORDER 689 40 15 61 56 0
1126 ORDER 690 74 38 59 55 2
1128 ORDER 691 63 29 1 32 0
1129 UNBLOCK 71 35
1129 ORDER 692 38 51 2 29 0
1131 ORDER 693 36 14 1 18 2
1132 ORDER 694 52 33 2 19 0
1133 UNBLOCK 24 11
1134 ORDER 695 40 24 45 56 0
1138 ORDER 696 61 47 35 56 3
1139 ORDER 697 60 6 1 20 0
1140 ORDER 698 6 9 37 56 0
1141 ORDER 699 30 18 9 55 1
1142 ORDER 700 15 26 1 35 1
1145 ORDER 701 57 9 1 6 1
1148 ORDER 702 26 8 21 56 0
1149 ORDER 703 67 50 68 55 0
1150 ORDER 704 14 51 1 30 0
1151 ORDER 705 70 36 29 55 0
1152 ORDER 706 47 42 3 33 0
1153 ORDER 707 27 51 1 54 3
1155 ORDER 708 48 45 33 56 1
1158 ORDER 709 36 12 38 56 2
1159 ORDER 710 55 8 2 35 2
1160 UNBLOCK 48 54
1160 ORDER 711 26 11 46 56 0
1163 ORDER 712 33 53 1 32 1
1165 ORDER 713 66 38 50 56 0
1168 ORDER 714 14 41 3 42 1
1169 ORDER 715 72 41 47 55 1
1170 ORDER 716 6 50 66 55 0
1171 ORDER 717 63 27 74 56 0
1172 ORDER 718 23 14 48 56 0
1173 ORDER 719 65 9 2 14 0
1174 ORDER 720 20 42 16 56 0
1175 ORDER 721 60 29 3 27 3
1178 ORDER 722 56 44 1 38 0
1179 ORDER 723 16 6 19 55 1
1180 ORDER 724 51 20 2 42 0
1181 ORDER 725 39 32 73 55 0
1182 UNBLOCK 53 21
1182 ORDER 726 71 8 26 55 0
1183 ORDER 727 50 33 3 7 1
1184 ORDER 728 30 27 3 36 1
1185 ORDER 729 10 3 1 11 1
1185 BLOCK 31 37
1190 UNBLOCK 48 53
1190 ORDER 730 21 3 3 12 2
1191 ORDER 731 39 27 3 24 0
1192 ORDER 732 50 9 52 55 1
1193 ORDER 733 59 35 18 55 1
1194 ORDER 734 46 36 53 55 1
1195 ORDER 735 40 12 2 6 1
1196 ORDER 736 33 53 3 45 0
1197 ORDER 737 38 8 77 55 0
1198 CANCEL 100737
1200 ORDER 738 23 5 55 56 0
1201 ORDER 739 26 17 2 33 1
1202 ORDER 740 61 14 19 56 0
1207 ORDER 741 26 48 2 38 0
1208 ORDER 742 65 18 1 6 2
1209 ORDER 743 36 14 2 12 0
1211 ORDER 744 8 21 2 7 0
1212 ORDER 745 20 32 2 7 3
1213 UNBLOCK 32 54
1218 ORDER 746 54 5 13 56 0
1219 ORDER 747 68 30 61 56 0
1224 ORDER 748 23 44 2 5 0
1226 ORDER 749 69 47 60 56 1
1228 ORDER 750 48 32 1 19 0
1230 ORDER 751 53 14 76 56 0
1232 ORDER 752 44 51 1 33 1
1233 ORDER 753 42 38 37 56 1
1234 ORDER 754 44 12 76 56 0
1235 ORDER 755 62 33 65 55 0
1237 UNBLOCK 17 11
1238 ORDER 756 64 17 3 3 3
1239 ORDER 757 12 8 25 55 0
1241 ORDER 758 10 44 3 17 0
1244 ORDER 759 28 23 71 56 0
1247 ORDER 760 26 39 1 42 0
1248 ORDER 761 13 33 63 55 0
1249 ORDER 762 40 36 30 55 0
1251 ORDER 763 37 47 10 56 1
1252 ORDER 764 29 47 1 35 0
1253 ORDER 765 20 33 7 55 0
1254 ORDER 766 33 53 1 54 2
1256 ORDER 767 29 15 37 56 0
1258 ORDER 768 29 35 49 56 0
1260 ORDER 769 12 5 2 12 0
1261 ORDER 770 9 42 3 6 0
1262 ORDER 771 69 45 2 1 0
1263 UNBLOCK 58 11
1263 UNBLOCK 31 37
1263 ORDER 772 34 14 1 34 0
1264 ORDER 773 7 8 4 55 2
1267 ORDER 774 15 27 2 44 1
1268 CANCEL 707
1268 ORDER 775 64 40 52 56 0
1270 ORDER 776 34 15 2 52 1
1271 ORDER 777 10 6 3 40 0
1272 ORDER 778 52 53 2 27 0
1273 ORDER 779 20 8 59 55 0
1278 ORDER 780 40 50 3 38 0
1279 ORDER 781 18 45 36 55 0
1280 ORDER 782 47 48 48 55 0
1281 ORDER 783 56 29 1 30 0
1282 ORDER 784 7 29 64 56 1
1283 ORDER 785 51 44 2 5 2
1284 ORDER 786 46 11 54 55 1
1286 ORDER 787 16 45 34 55 1
1288 ORDER 788 24 41 2 20 1
1293 ORDER 789 20 35 1 53 0
1295 ORDER 790 26 14 2 34 0
1296 ORDER 791 66 33 3 24 0
1297 ORDER 792 19 18 3 54 0
1298 ORDER 793 69 35 3 22 1
1299 ORDER 794 48 12 2 35 1
1301 ORDER 795 75 5 2 35 0
1302 ORDER 796 43 35 48 55 0
1303 CANCEL 789
1303 ORDER 797 18 48 32 55 0
1304 ORDER 798 18 53 2 31 1
1305 ORDER 799 12 48 3 18 0
1307 ORDER 800 18 3 14 55 0
1308 ORDER 801 66 30 2 23 0
1309 ORDER 802 73 45 30 56 1
1313 ORDER 803 24 17 2 32 3
1314 ORDER 804 32 21 2 51 1
1315 ORDER 805 63 14 1 54 0
1315 BLOCK 56 16
1316 ORDER 806 63 48 2 47 0
1318 ORDER 807 20 29 77 56 0
1320 ORDER 808 31 47 47 55 0
1323 ORDER 809 69 26 2 46 1
1325 ORDER 810 52 17 2 31 1
1325 BLOCK 62 20
1326 ORDER 811 61 12 43 55 0
1327 ORDER 812 8 45 23 55 0
1330 ORDER 813 72 23 46 56 2
1331 ORDER 814 60 38 3 34 0
1335 ORDER 815 73 42 1 40 1
1338 ORDER 816 17 32 49 56 2
1339 ORDER 817 31 5 55 55 1
1341 ORDER 818 34 35 3 29 0
1342 ORDER 819 25 50 3 3 1
1343 ORDER 820 73 39 1 36 0
1344 ORDER 821 74 5 2 39 0
1345 ORDER 822 54 39 22 56 0
1346 ORDER 823 72 29 2 15 3
1348 ORDER 824 58 21 2 11 1
1350 ORDER 825 7 36 20 55 1
1351 ORDER 826 46 23 21 55 3
1352 ORDER 827 59 41 37 56 0
1354 ORDER 828 19 11 2 54 0
1357 ORDER 829 7 50 72 55 1
1358 ORDER 830 44 33 75 56 1
1360 ORDER 831 20 50 61 56 0
1362 ORDER 832 60 38 3 12 0
1363 ORDER 833 63 53 44 55 1
1365 ORDER 834 16 20 1 51 0
1366 UNBLOCK 56 16
1366 ORDER 835 64 5 75 55 0
1367 ORDER 836 38 50 2 4 1
1368 ORDER 837 46 44 1 35 0
1370 ORDER 838 42 6 1 51 0
1371 ORDER 839 9 29 3 2 1
1372 ORDER 840 24 35 3 15 0
1373 ORDER 841 65 45 2 46 0
1374 ORDER 842 15 14 1 26 1
1375 ORDER 843 13 42 15 55 1
1377 ORDER 844 18 24 63 56 2
1380 ORDER 845 29 20 3 18 0
1385 ORDER 846 23 50 32 56 0
1387 ORDER 847 52 51 3 53 1
1388 ORDER 848 22 8 1 29 3
1390 ORDER 849 65 51 60 55 1
1391 ORDER 850 37 8 49 56 0
1393 ORDER 851 68 8 46 55 2
1394 ORDER 852 69 6 69 56 3
1397 ORDER 853 74 30 77 56 0
1398 ORDER 854 51 27 47 56 1
1399 ORDER 855 25 14 1 3 1
1402 ORDER 856 38 8 1 51 0
1403 ORDER 857 20 26 3 33 0
1405 ORDER 858 16 9 17 55 0
1406 ORDER 859 28 45 1 53 1
1407 ORDER 860 8 33 1 37 0
1408 ORDER 861 67 8 3 55 0
1409 ORDER 862 69 53 6 56 0
1410 ORDER 863 39 9 45 55 0
1411 ORDER 864 41 26 1 16 0
1412 CANCEL 827
1412 ORDER 865 6 12 2 11 0
1414 ORDER 866 9 24 28 55 1
1417 ORDER 867 19 9 71 56 0
1418 ORDER 868 42 30 37 55 0
1419 BLOCK 74 54
1420 ORDER 869 34 6 3 32 2
1421 ORDER 870 73 11 1 42 0
1423 ORDER 871 73 18 36 55 0
1423 BLOCK 47 21
1424 ORDER 872 58 48 1 35 1
1425 ORDER 873 27 42 68 55 0
1428 ORDER 874 75 15 46 56 1
1429 ORDER 875 54 45 71 55 0
1430 ORDER 876 32 47 3 15 0
1431 ORDER 877 41 23 3 34 0
1434 ORDER 878 12 44 1 20 0
1436 ORDER 879 16 20 19 55 0
1439 ORDER 880 69 12 15 55 3
1440 ORDER 881 64 6 1 5 0
1441 ORDER 882 45 30 1 32 0
1442 CANCEL 805
1442 ORDER 883 75 8 2 51 3
1444 ORDER 884 69 14 3 14 0
1446 ORDER 885 20 35 32 55 0
1447 ORDER 886 47 36 1 56 1
1448 UNBLOCK 62 20
1448 ORDER 887 28 15 1 51 0
1449 ORDER 888 9 9 69 56 0
1455 ORDER 889 75 24 71 55 1
1456 ORDER 890 25 48 2 26 0
1461 ORDER 891 17 12 2 46 3
1462 ORDER 892 62 30 2 31 1
1464 ORDER 893 62 41 2 24 0
1465 ORDER 894 23 51 3 1 0
1466 ORDER 895 8 39 3 45 0
1470 ORDER 896 23 3 57 55 1
1471 ORDER 897 25 29 3 53 3
1472 CANCEL 809
1473 ORDER 898 40 41 1 35 1
1474 ORDER 899 75 5 3 50 1
1475 ORDER 900 62 8 3 19 1
1477 ORDER 901 50 17 3 44 1
1478 ORDER 902 40 38 1 29 1
1478 BLOCK 55 14
1479 ORDER 903 26 23 29 56 0
1481 ORDER 904 48 11 1 23 0
1483 ORDER 905 73 47 3 51 1
1484 ORDER 906 50 45 33 56 1
1485 ORDER 907 51 24 75 56 0
1486 ORDER 908 18 45 30 56 0
1488 ORDER 909 44 8 11 55 0
1489 ORDER 910 19 48 1 20 1
1490 ORDER 911 70 11 1 2 0
1491 ORDER 912 9 5 1 34 0
1492 ORDER 913 26 39 13 55 0
1494 ORDER 914 66 5 1 56 1
1495 ORDER 915 18 11 1 28 0
1496 ORDER 916 39 42 57 55 2
1497 ORDER 917 19 9 1 42 0
1498 ORDER 918 12 42 3 16 0
1500 ORDER 919 62 44 2 16 0
1502 ORDER 920 43 33 3 25 1
1503 ORDER 921 61 6 65 56 0
1503 CANCEL 100921
1505 ORDER 922 10 26 2 28 0
1506 ORDER 923 16 45 1 30 1
1507 ORDER 924 69 41 1 39 3
1508 ORDER 925 29 30 64 56 0
1509 ORDER 926 7 9 1 40 0
1511 ORDER 927 23 21 3 2 0
1513 ORDER 928 64 17 45 56 0
1519 ORDER 929 10 26 3 19 1
1521 ORDER 930 20 38 74 55 0
1522 ORDER 931 38 27 68 56 0
1524 ORDER 932 20 35 3 7 2
1525 ORDER 933 16 53 2 37 0
1526 CANCEL 885
1528 ORDER 934 6 6 7 56 0
1530 ORDER 935 60 42 50 56 0
1532 ORDER 936 43 29 27 55 0
1534 UNBLOCK 74 54
1536 ORDER 937 34 35 2 10 0
1538 ORDER 938 52 44 56 55 0
1539 ORDER 939 41 50 3 45 1
1540 ORDER 940 72 48 9 56 0
1542 ORDER 941 74 33 59 56 0
1545 ORDER 942 20 50 1 17 0
1546 ORDER 943 27 3 2 53 0
1547 ORDER 944 56 18 61 55 0
1552 ORDER 945 24 48 3 3 0
1553 ORDER 946 50 47 1 13 0
1556 UNBLOCK 47 21
1556 ORDER 947 41 21 3 1 0
1558 ORDER 948 57 5 6 55 0
1560 ORDER 949 65 21 68 56 0
1560 CANCEL 100949
1561 ORDER 950 18 15 28 55 0
1564 ORDER 951 38 27 1 37 0
1564 BLOCK 61 29
1567 ORDER 952 32 24 2 17 3
1569 ORDER 953 44 36 4 56 1
1570 ORDER 954 50 8 3 45 0
1571 ORDER 955 41 14 1 20 1
1572 ORDER 956 50 44 3 42 0
1575 CANCEL 905
1575 ORDER 957 12 50 3 33 2
1576 CANCEL 894
1576 ORDER 958 18 17 2 49 1
1577 ORDER 959 36 33 17 55 3
1578 ORDER 960 58 48 45 56 3
1579 ORDER 961 66 44 2 55 3
1581 ORDER 962 12 38 23 55 1
1582 UNBLOCK 55 14
1582 ORDER 963 60 30 1 19 0
1583 ORDER 964 19 47 62 55 0
1586 ORDER 965 36 44 3 22 0
1589 ORDER 966 58 23 58 55 0
1590 ORDER 967 62 41 12 56 1
1591 ORDER 968 7 31 49 56 0
1592 CANCEL 930
1592 ORDER 969 25 11 3 11 1
1593 ORDER 970 40 50 39 56 1
1595 ORDER 971 28 14 3 44 0
1597 ORDER 972 9 35 3 35 2
1598 ORDER 973 66 51 42 55 0
1599 ORDER 974 73 18 2 51 1
1600 ORDER 975 56 9 44 56 0
1601 ORDER 976 74 29 3 23 1
1602 ORDER 977 72 41 1 44 0
1603 CANCEL 946
1603 ORDER 978 9 6 3 33 0
1605 ORDER 979 34 36 20 55 3
1605 BLOCK 34 38
1606 ORDER 980 23 53 62 56 0
1607 ORDER 981 11 15 3 23 1
1609 CANCEL 918
1609 ORDER 982 66 30 3 50 0
1611 ORDER 983 62 51 1 34 0
1614 ORDER 984 23 41 2 11 0
1617 ORDER 985 52 39 1 10 2
1618 ORDER 986 46 53 16 55 0
1619 ORDER 987 28 3 8 56 0
1620 ORDER 988 48 11 1 21 0
1621 ORDER 989 16 11 1 7 0
1622 ORDER 990 28 8 78 55 0
1624 ORDER 991 46 33 21 56 1
1625 ORDER 992 32 45 2 8 0
1626 ORDER 993 27 36 78 55 1
1628 ORDER 994 17 8 53 56 0
1629 ORDER 995 28 23 3 12 0
1630 ORDER 996 55 35 48 56 1
1631 ORDER 997 6 45 1 41 0
1632 ORDER 998 60 36 2 49 0
1633 ORDER 999 39 24 78 56 0
1635 ORDER 1000 69 35 58 56 0
1636 ORDER 1001 9 6 47 55 0
1637 ORDER 1002 51 33 1 53 0
1638 ORDER 1003 71 14 3 16 0
1639 ORDER 1004 25 30 1 22 2
1640 ORDER 1005 22 51 35 56 1
1641 ORDER 1006 52 29 1 20 2
1642 ORDER 1007 67 15 2 38 2
1643 ORDER 1008 39 23 1 31 0
1645 ORDER 1009 12 5 2 52 0
1646 ORDER 1010 67 42 49 55 0
1647 ORDER 1011 17 23 12 55 0
1648 UNBLOCK 61 29
1648 ORDER 1012 6 50 1 5 0
1652 ORDER 1013 63 25 2 19 0
1653 ORDER 1014 41 38 24 56 2
1654 ORDER 1015 20 9 66 55 0
1657 BLOCK 24 53
1658 ORDER 1016 46 23 32 56 0
1659 BLOCK 61 54
1660 ORDER 1017 7 47 1 20 0
1662 ORDER 1018 6 24 3 22 3
1663 ORDER 1019 69 45 64 55 0
1665 ORDER 1020 9 47 2 21 1
1667 ORDER 1021 50 24 1 44 0
1668 CANCEL 1010
1668 ORDER 1022 71 12 50 56 0
1669 ORDER 1023 39 21 1 41 1
1670 ORDER 1024 52 37 77 55 0
1671 ORDER 1025 22 27 3 6 0
1672 ORDER 1026 22 29 8 56 0
1673 ORDER 1027 36 48 2 14 1
1674 ORDER 1028 61 26 3 52 1
1675 ORDER 1029 36 33 2 34 0
1677 ORDER 1030 59 20 2 20 2
1678 ORDER 1031 51 32 76 55 0
1678 BLOCK 9 38
1680 ORDER 1032 46 38 15 55 0
1681 ORDER 1033 66 53 1 47 0
1683 ORDER 1034 35 40 51 56 0
1685 ORDER 1035 18 20 28 56 0
1687 UNBLOCK 34 38
1687 ORDER 1036 15 12 76 55 1
1688 ORDER 1037 37 36 10 55 0
1690 ORDER 1038 57 9 43 56 0
1691 ORDER 1039 18 23 71 55 0
1692 ORDER 1040 16 29 1 35 0
1693 ORDER 1041 71 11 1 46 3
1696 ORDER 1042 23 18 1 53 0
1697 ORDER 1043 36 8 39 55 0
1699 ORDER 1044 53 45 3 54 0
1703 ORDER 1045 33 33 1 45 0
1704 ORDER 1046 70 53 70 56 1
1705 ORDER 1047 57 23 2 46 1
1707 ORDER 1048 39 32 3 44 0
1708 ORDER 1049 23 14 66 55 0
1709 ORDER 1050 8 42 3 31 3
1712 ORDER 1051 66 38 1 9 1
1713 ORDER 1052 63 14 1 38 0
1714 ORDER 1053 7 18 3 12 0
1715 ORDER 1054 27 24 43 56 2
1717 ORDER 1055 17 39 2 3 0
1719 ORDER 1056 65 27 75 55 2
1719 BLOCK 46 45
1720 ORDER 1057 41 21 60 56 1
1721 ORDER 1058 67 23 3 45 0
1722 ORDER 1059 53 39 33 55 0
1723 ORDER 1060 7 24 55 55 1
1724 ORDER 1061 69 18 2 15 0
1728 ORDER 1062 34 36 2 11 0
1731 ORDER 1063 49 33 73 55 0
1733 ORDER 1064 30 44 22 55 0
1736 ORDER 1065 20 41 1 7 0
1737 ORDER 1066 22 6 60 55 0
1738 CANCEL 1045
1739 ORDER 1067 60 32 46 55 2
1741 ORDER 1068 8 53 2 25 1
1742 ORDER 1069 61 14 2 56 0
1744 ORDER 1070 12 3 1 10 0
1747 ORDER 1071 8 50 1 29 0
1749 ORDER 1072 27 6 1 4 0
1750 ORDER 1073 42 42 1 27 1
1752 ORDER 1074 6 44 2 31 2
1754 ORDER 1075 60 38 2 3 0
1755 ORDER 1076 6 6 11 55 0
1756 ORDER 1077 41 21 1 22 0
1757 ORDER 1078 74 29 21 56 0
1758 ORDER 1079 17 26 28 56 0
1759 ORDER 1080 69 3 43 56 2
1760 ORDER 1081 20 23 3 44 0
1762 ORDER 1082 14 39 2 47 0
1766 ORDER 1083 67 17 35 55 0
1769 ORDER 1084 60 3 50 56 1
1770 CANCEL 1066
1770 ORDER 1085 37 50 2 33 3
1772 ORDER 1086 66 32 55 56 0
1774 ORDER 1087 62 36 3 19 1
1775 CANCEL 1072
1776 ORDER 1088 32 26 44 56 3
1777 ORDER 1089 31 50 8 55 1
1779 ORDER 1090 34 51 36 56 0
1780 UNBLOCK 9 38
1780 ORDER 1091 71 41 69 55 0
1782 ORDER 1092 61 33 2 55 2
1783 ORDER 1093 67 17 1 40 1
1784 UNBLOCK 61 54
1784 BLOCK 18 15
1785 BLOCK 21 3
1786 ORDER 1094 28 24 1 34 1
1787 ORDER 1095 46 32 3 27 1
1788 ORDER 1096 51 33 41 55 0
1790 ORDER 1097 66 45 55 56 0
1791 ORDER 1098 68 6 33 56 1
1792 ORDER 1099 75 21 1 16 0
1792 BLOCK 56 27
1793 ORDER 1100 69 21 68 56 1
1795 ORDER 1101 22 42 2 15 0
1797 ORDER 1102 42 14 68 56 0
1798 UNBLOCK 24 53
1799 ORDER 1103 70 27 58 55 0
1800 ORDER 1104 69 47 13 56 0
1801 ORDER 1105 62 38 1 29 0
1802 ORDER 1106 46 9 17 56 0
1802 BLOCK 20 6
1803 ORDER 1107 53 33 65 55 0
1804 ORDER 1108 70 15 18 56 2
1805 ORDER 1109 10 39 1 49 1
1806 BLOCK 56 21
1807 ORDER 1110 20 29 3 31 0
1808 ORDER 1111 13 11 3 29 0
1810 ORDER 1112 48 32 76 56 0
1811 ORDER 1113 46 6 60 55 1
1813 ORDER 1114 73 12 1 22 0
1815 ORDER 1115 72 9 3 24 0
1817 ORDER 1116 18 18 3 22 0
1818 BLOCK 65 21
1823 ORDER 1117 21 33 40 55 2
1824 ORDER 1118 33 47 60 55 0
1827 ORDER 1119 16 24 42 56 1
1828 ORDER 1120 11 9 1 42 1
1829 ORDER 1121 35 48 16 55 0
1830 ORDER 1122 63 45 10 56 2
1831 UNBLOCK 56 27
1832 ORDER 1123 60 26 6 55 0
1837 ORDER 1124 57 21 1 46 0
1838 CANCEL 1039
1838 UNBLOCK 56 21
1840 ORDER 1125 44 51 2 34 3
1841 ORDER 1126 14 51 3 37 0
1842 ORDER 1127 70 18 54 55 0
1844 UNBLOCK 20 6
1845 ORDER 1128 46 29 3 43 0
1847 ORDER 1129 54 39 18 55 0
1849 ORDER 1130 50 45 2 47 1
1851 ORDER 1131 15 36 73 56 0
1852 BLOCK 24 38
1853 ORDER 1132 33 44 55 56 0
1854 ORDER 1133 62 48 9 55 0
1855 ORDER 1134 66 50 77 55 2
1857 ORDER 1135 61 39 57 55 3
1860 ORDER 1136 38 51 3 42 0
1861 UNBLOCK 46 45
1861 ORDER 1137 35 35 2 32 1
1862 ORDER 1138 64 20 3 5 0
1863 ORDER 1139 49 44 2 22 1
1865 ORDER 1140 48 17 60 55 1
1866 ORDER 1141 55 11 2 32 0
1867 ORDER 1142 20 47 3 28 1
1869 ORDER 1143 39 21 2 9 0
1870 ORDER 1144 45 11 40 55 1
1871 ORDER 1145 73 41 38 56 0
1873 ORDER 1146 49 42 76 55 0
1875 ORDER 1147 16 47 29 56 0
1876 CANCEL 1092
1876 ORDER 1148 28 17 2 15 0
1877 ORDER 1149 64 39 39 55 2
1878 ORDER 1150 72 11 6 55 0
1880 ORDER 1151 61 36 2 29 0
1881 ORDER 1152 53 32 34 55 1
1884 ORDER 1153 15 51 2 26 1
1885 ORDER 1154 54 5 1 27 0
1886 ORDER 1155 18 3 42 55 0
1888 ORDER 1156 53 39 3 41 0
1889 ORDER 1157 51 26 54 56 0
1892 ORDER 1158 22 6 3 26 0
1893 ORDER 1159 40 17 42 55 0
1894 ORDER 1160 22 35 63 55 0
1895 ORDER 1161 54 39 66 55 0
1896 ORDER 1162 71 33 6 56 0
1897 ORDER 1163 28 42 6 56 0
1898 ORDER 1164 40 41 2 48 0
1899 ORDER 1165 61 15 65 55 0
1900 CANCEL 1096
1901 ORDER 1166 59 12 2 30 0
1903 ORDER 1167 69 21 1 2 0
1904 ORDER 1168 64 47 1 36 1
1906 ORDER 1169 59 21 1 51 2
1907 ORDER 1170 75 3 23 56 0
1908 ORDER 1171 62 21 2 6 0
1909 UNBLOCK 21 3
1909 ORDER 1172 69 6 45 56 0
1910 ORDER 1173 43 26 48 56 0
1911 ORDER 1174 75 38 28 56 2
1912 ORDER 1175 53 5 1 3 0
1913 ORDER 1176 37 27 2 10 0
1917 ORDER 1177 53 30 3 33 1
1918 ORDER 1178 59 9 31 55 1
1919 UNBLOCK 24 38
1919 ORDER 1179 20 12 30 55 2
1920 ORDER 1180 59 18 77 56 0
1921 CANCEL 1143
1921 ORDER 1181 44 15 1 20 1
1922 ORDER 1182 61 12 66 55 3
1923 ORDER 1183 6 30 30 55 1
1924 ORDER 1184 35 36 40 56 0
1926 ORDER 1185 24 20 12 55 1
1927 UNBLOCK 18 15
1929 ORDER 1186 66 21 3 12 3
1930 ORDER 1187 11 51 46 55 1
1931 ORDER 1188 28 18 3 43 1
1936 UNBLOCK 65 21
1936 ORDER 1189 28 26 22 56 1
1938 ORDER 1190 29 39 3 52 0
1941 ORDER 1191 74 51 3 42 1
1943 ORDER 1192 10 36 2 18 0
1944 ORDER 1193 29 33 2 56 1
1945 ORDER 1194 71 47 3 47 1
1946 ORDER 1195 40 47 30 55 2
1949 ORDER 1196 30 29 42 56 0
1950 ORDER 1197 44 41 3 50 0
1954 ORDER 1198 44 3 61 55 2
1958 ORDER 1199 27 27 2 56 1
1960 ORDER 1200 47 20 2 46 1
1963 ORDER 1201 59 39 30 56 1
1964 ORDER 1202 29 50 2 51 0
1965 ORDER 1203 51 51 70 55 1
1966 ORDER 1204 25 48 69 55 0
1967 ORDER 1205 21 30 62 56 0
1968 ORDER 1206 67 21 1 39 1
1970 ORDER 1207 16 17 1 7 1
1971 ORDER 1208 20 42 3 27 0
1974 ORDER 1209 7 32 2 42 3
1977 ORDER 1210 53 12 2 12 0
1979 ORDER 1211 36 51 39 55 0
1980 ORDER 1212 27 15 1 27 0
1981 ORDER 1213 49 32 2 44 1
1982 ORDER 1214 32 14 59 55 0
1984 ORDER 1215 34 9 30 55 0
1985 ORDER 1216 63 6 3 43 0
1986 ORDER 1217 39 30 66 55 1
1986 BLOCK 11 50
1987 ORDER 1218 16 29 39 55 0
1988 ORDER 1219 18 42 7 55 0
1990 ORDER 1220 11 20 2 54 0
1990 BLOCK 44 50
1991 ORDER 1221 20 18 31 55 0
1992 ORDER 1222 8 14 1 46 2
1995 ORDER 1223 48 15 51 56 0
1997 CANCEL 1184
1997 ORDER 1224 6 6 49 55 0
1998 ORDER 1225 33 38 27 56 1
1999 ORDER 1226 63 11 2 15 0
2000 CANCEL 1135
2001 BLOCK 58 44
2002 ORDER 1227 21 23 56 56 0
2003 ORDER 1228 72 21 3 30 1
2004 ORDER 1229 26 38 20 56 0
2005 ORDER 1230 43 27 50 55 0
2006 ORDER 1231 18 38 2 9 0
2007 ORDER 1232 9 32 1 41 0
2008 ORDER 1233 48 3 2 44 0
2009 ORDER 1234 50 33 1 41 0
2010 ORDER 1235 35 12 2 16 1
2012 ORDER 1236 65 5 2 50 0
2014 ORDER 1237 64 9 3 46 0
2018 ORDER 1238 34 47 3 21 0
2019 BLOCK 9 47
2020 ORDER 1239 52 5 3 51 0
2021 ORDER 1240 44 35 3 20 0
2023 ORDER 1241 52 48 3 50 0
2024 ORDER 1242 56 44 70 55 1
2025 ORDER 1243 41 43 1 7 2
2026 ORDER 1244 7 29 2 17 0
2028 ORDER 1245 65 23 3 49 0
2030 ORDER 1246 70 12 77 55 1
2031 ORDER 1247 59 9 21 56 0
2032 ORDER 1248 15 29 1 38 1
2033 ORDER 1249 25 50 2 30 0
2034 UNBLOCK 58 44
2034 ORDER 1250 12 11 2 10 0
2037 ORDER 1251 46 36 2 48 2
2038 ORDER 1252 32 35 3 26 0
2039 ORDER 1253 8 20 19 56 0
2041 ORDER 1254 18 3 26 56 0
2042 ORDER 1255 24 18 3 11 1
2043 ORDER 1256 59 23 15 56 0
2049 ORDER 1257 40 5 2 26 0
2051 ORDER 1258 35 9 1 30 1
2052 ORDER 1259 59 14 20 55 0
2053 ORDER 1260 64 3 1 45 1
2055 ORDER 1261 28 39 2 44 0
2057 CANCEL 101261
2059 ORDER 1262 9 29 2 27 0
2060 ORDER 1263 21 6 40 55 0
2061 ORDER 1264 45 41 13 55 0
2065 ORDER 1265 16 45 67 56 0
2067 ORDER 1266 41 17 24 55 1
2069 ORDER 1267 65 47 53 55 0
2070 ORDER 1268 24 14 3 24 0
2071 ORDER 1269 56 27 40 56 0
2076 ORDER 1270 44 21 2 18 0
2078 UNBLOCK 44 50
2082 ORDER 1271 9 3 44 56 0
2083 ORDER 1272 32 23 76 56 1
2084 ORDER 1273 61 35 2 37 1
2086 ORDER 1274 31 33 68 56 1
2089 ORDER 1275 67 12 69 55 1
2090 ORDER 1276 25 41 9 56 2
2092 ORDER 1277 66 18 63 56 0
2093 ORDER 1278 12 48 1 27 0
2094 ORDER 1279 59 48 45 55 1
2095 CANCEL 1188
2095 ORDER 1280 26 14 18 55 0
2096 ORDER 1281 45 3 1 56 0
2098 ORDER 1282 32 33 62 55 2
2099 ORDER 1283 68 41 10 56 0
2102 ORDER 1284 55 48 74 55 1
2108 ORDER 1285 15 45 3 13 1
2110 CANCEL 1281
2111 ORDER 1286 6 30 1 38 0
2112 ORDER 1287 62 9 2 24 1
2113 ORDER 1288 22 8 3 13 0
2115 ORDER 1289 58 47 1 42 0
2116 ORDER 1290 28 39 71 56 1
2117 ORDER 1291 39 33 7 56 2
2118 UNBLOCK 11 50
2118 ORDER 1292 68 18 21 55 3
2119 ORDER 1293 19 24 1 17 2
2120 ORDER 1294 59 3 3 44 0
2121 ORDER 1295 36 24 34 55 1
2126 ORDER 1296 49 5 66 55 1
2128 ORDER 1297 44 38 26 56 0
2130 BLOCK 20 11
2131 ORDER 1298 30 35 1 31 1
2132 ORDER 1299 74 39 17 55 0
2133 ORDER 1300 65 47 50 55 1
2135 ORDER 1301 68 41 2 15 0
2136 ORDER 1302 29 6 2 24 1
2137 ORDER 1303 21 47 1 16 2
2140 ORDER 1304 44 8 3 35 0
2142 ORDER 1305 50 15 3 11 1
2143 ORDER 1306 75 48 1 1 0
2144 ORDER 1307 40 23 1 41 0
2144 BLOCK 12 33
2146 ORDER 1308 74 42 6 56 0
2147 ORDER 1309 54 41 22 56 0
2149 ORDER 1310 75 6 71 55 0
2150 ORDER 1311 54 29 54 55 0
2151 BLOCK 50 56
2152 ORDER 1312 58 24 62 56 1
2154 ORDER 1313 35 50 1 32 0
2156 UNBLOCK 9 47
2156 ORDER 1314 21 6 33 56 3
2157 ORDER 1315 22 32 1 8 0
2158 ORDER 1316 27 45 2 37 0
2159 ORDER 1317 20 9 1 53 0
2160 ORDER 1318 27 23 1 55 1
2161 ORDER 1319 11 18 2 8 1
2162 ORDER 1320 36 48 7 56 0
2165 CANCEL 1254
2165 ORDER 1321 7 50 41 56 2
2166 ORDER 1322 63 41 3 51 0
2168 ORDER 1323 58 23 2 19 0
2169 ORDER 1324 9 6 49 56 0
2170 ORDER 1325 68 30 63 56 0
2171 ORDER 1326 38 32 47 56 3
2172 ORDER 1327 54 33 3 29 2
2173 ORDER 1328 63 41 36 56 1
2174 ORDER 1329 30 3 1 44 1
2181 ORDER 1330 71 45 1 41 0
2182 ORDER 1331 23 26 2 38 1
2183 ORDER 1332 29 36 1 38 2
2184 ORDER 1333 55 27 2 16 2
2185 ORDER 1334 9 14 2 43 0
2187 ORDER 1335 12 11 2 31 1
2188 ORDER 1336 55 42 52 56 0
2189 ORDER 1337 56 11 51 55 3
2190 ORDER 1338 70 44 23 55 0
2192 ORDER 1339 46 33 77 56 0
2195 ORDER 1340 45 18 3 29 1
2196 ORDER 1341 69 50 66 55 0
2197 ORDER 1342 24 42 21 55 0
2198 CANCEL 1280
2199 ORDER 1343 46 20 53 55 0
2200 ORDER 1344 6 26 1 29 0
2202 ORDER 1345 56 20 1 14 0
2203 UNBLOCK 20 11
2204 ORDER 1346 65 21 3 26 1
2206 ORDER 1347 39 3 58 55 0
2207 ORDER 1348 73 20 15 55 1
2209 ORDER 1349 70 15 61 56 1
2210 ORDER 1350 28 3 3 19 0
2211 BLOCK 25 15
2212 ORDER 1351 66 50 1 13 0
2213 ORDER 1352 34 17 45 56 0
2214 ORDER 1353 59 24 62 56 0
2215 ORDER 1354 26 11 1 36 0
2216 ORDER 1355 11 47 2 51 1
2218 ORDER 1356 21 42 15 56 1
2220 ORDER 1357 72 23 40 56 0
2221 ORDER 1358 17 53 2 37 1
2222 ORDER 1359 11 36 3 7 0
2223 ORDER 1360 45 30 64 56 0
2225 ORDER 1361 21 42 59 56 0
2226 ORDER 1362 53 53 2 34 0
2227 ORDER 1363 64 45 20 55 1
2228 ORDER 1364 35 39 2 28 2
2230 ORDER 1365 29 21 64 56 1
2233 ORDER 1366 59 42 65 55 3
2234 ORDER 1367 49 3 2 40 0
2235 ORDER 1368 35 29 1 33 1
2237 ORDER 1369 58 47 3 35 0
2238 ORDER 1370 67 15 46 56 2
2240 ORDER 1371 29 15 2 53 0
2241 ORDER 1372 40 41 24 56 0
2242 ORDER 1373 60 41 64 56 3
2243 ORDER 1374 12 23 64 56 1
2244 ORDER 1375 10 39 28 56 1
2245 ORDER 1376 47 27 68 55 1
2247 ORDER 1377 31 45 58 56 0
2250 ORDER 1378 48 20 3 28 1
2251 ORDER 1379 59 5 1 15 0
2253 ORDER 1380 57 48 1 30 0
2255 ORDER 1381 8 39 3 7 1
2257 ORDER 1382 7 18 60 56 0
2258 CANCEL 1333
2260 ORDER 1383 28 39 3 46 0
2261 ORDER 1384 8 8 26 56 0
2263 ORDER 1385 72 17 2 44 2
2265 ORDER 1386 27 15 1 7 1
2266 ORDER 1387 48 23 36 55 0
2268 ORDER 1388 69 42 1 36 0
2269 ORDER 1389 67 21 13 56 0
2270 ORDER 1390 35 39 28 56 0
2272 UNBLOCK 50 56
2272 ORDER 1391 61 27 3 49 1
2275 ORDER 1392 62 45 30 56 0
2277 UNBLOCK 12 33
2277 ORDER 1393 44 20 2 44 1
2280 ORDER 1394 34 36 16 55 0
2281 ORDER 1395 23 42 2 4 0
2282 ORDER 1396 68 26 3 44 0
2284 ORDER 1397 46 47 3 10 1
2285 ORDER 1398 30 33 1 32 1
2286 UNBLOCK 25 15
2287 BLOCK 34 54
2288 ORDER 1399 49 12 26 56 0
2289 ORDER 1400 27 12 27 56 0
2290 CANCEL 1308
2290 ORDER 1401 21 27 3 17 0
2292 ORDER 1402 38 7 62 56 0
2293 ORDER 1403 46 47 36 56 1
2295 ORDER 1404 7 53 44 55 0
2302 ORDER 1405 10 47 40 56 0
2303 CANCEL 1381
2303 ORDER 1406 68 26 1 40 0
2304 ORDER 1407 62 24 1 6 0
2306 ORDER 1408 56 47 3 32 3
2309 ORDER 1409 29 42 13 56 1
2311 ORDER 1410 68 41 3 47 0
2312 ORDER 1411 60 32 1 20 0
2314 ORDER 1412 64 18 3 19 0
2316 ORDER 1413 64 3 70 56 0
2317 ORDER 1414 61 30 3 27 0
2318 ORDER 1415 73 3 1 14 1
2320 ORDER 1416 49 47 40 55 0
2321 ORDER 1417 17 15 20 55 1
2326 ORDER 1418 38 8 60 55 2
2330 ORDER 1419 60 35 9 56 0
2331 CANCEL 1338
2331 ORDER 1420 54 13 61 55 0
2333 ORDER 1421 55 53 1 26 0
2334 ORDER 1422 56 48 2 14 0
2335 ORDER 1423 55 38 2 14 0
2337 ORDER 1424 69 47 17 55 0
2342 ORDER 1425 20 32 66 55 1
2343 ORDER 1426 49 3 2 56 0
2344 ORDER 1427 10 8 3 21 1
2346 ORDER 1428 29 35 34 56 0
2347 ORDER 1429 31 21 72 56 1
2348 ORDER 1430 20 39 3 6 0
2351 ORDER 1431 36 35 2 34 0
2353 ORDER 1432 63 17 38 56 1
2354 ORDER 1433 51 14 37 56 0
2356 ORDER 1434 27 44 25 56 1
2357 ORDER 1435 63 51 29 56 0
2359 ORDER 1436 10 50 3 52 0
2362 ORDER 1437 68 6 8 55 1
2364 ORDER 1438 57 38 3 53 1
2365 ORDER 1439 52 12 33 55 1
2366 ORDER 1440 19 26 5 55 2
2367 ORDER 1441 40 42 1 44 0
2368 ORDER 1442 40 12 53 56 1
2370 ORDER 1443 55 3 3 47 0
2371 ORDER 1444 49 44 1 50 1
2372 ORDER 1445 9 14 3 46 0
2374 ORDER 1446 65 35 3 50 0
2375 ORDER 1447 39 23 2 34 0
2380 CANCEL 1395
2380 ORDER 1448 20 21 2 29 0
2381 ORDER 1449 53 35 1 22 2
2387 ORDER 1450 9 17 3 48 0
2389 ORDER 1451 44 23 1 47 1
2390 ORDER 1452 28 47 3 29 1
2391 BLOCK 58 51
2392 CANCEL 1408
2392 ORDER 1453 71 11 66 55 0
2395 UNBLOCK 34 54
2395 ORDER 1454 65 9 2 5 0
2395 BLOCK 44 12
2396 ORDER 1455 42 27 1 30 0
2398 ORDER 1456 12 38 3 15 0
2399 ORDER 1457 50 51 1 42 1
2400 ORDER 1458 18 30 19 55 1
2402 ORDER 1459 21 6 5 55 0
2402 BLOCK 5 28
2403 ORDER 1460 29 15 3 16 1
2404 ORDER 1461 52 39 1 9 0
2405 ORDER 1462 51 6 58 55 0
2406 ORDER 1463 75 35 2 34 3
2407 ORDER 1464 31 44 15 55 1
2409 ORDER 1465 10 12 1 49 1
2410 ORDER 1466 9 38 2 55 1
2411 ORDER 1467 47 36 3 18 1
2414 ORDER 1468 75 36 49 56 0
2416 ORDER 1469 12 20 45 55 1
2419 CANCEL 1367
2419 ORDER 1470 14 53 3 7 0
2420 ORDER 1471 29 9 1 5 1
2421 ORDER 1472 66 9 1 50 0
2422 ORDER 1473 37 39 3 45 1
2423 UNBLOCK 58 51
2424 CANCEL 1417
2424 ORDER 1474 20 8 3 38 0
2425 ORDER 1475 49 41 9 55 0
2428 ORDER 1476 36 30 2 45 0
2429 ORDER 1477 51 21 49 55 0
2431 ORDER 1478 58 20 1 33 1
2434 UNBLOCK 5 28
2434 ORDER 1479 22 44 1 9 0
2435 ORDER 1480 53 36 57 55 0
2437 ORDER 1481 49 30 2 39 0
2438 ORDER 1482 67 15 36 55 1
2441 ORDER 1483 28 33 3 8 0
2441 CANCEL 101483
2443 ORDER 1484 27 51 3 30 1
2444 ORDER 1485 66 20 2 22 0
2447 ORDER 1486 16 8 1 44 0
2448 ORDER 1487 18 41 3 40 1
2449 ORDER 1488 23 48 3 55 0
2450 ORDER 1489 42 41 78 55 0
2452 ORDER 1490 58 21 3 6 0
2454 ORDER 1491 55 45 52 56 0
2455 ORDER 1492 29 29 3 28 0
2456 ORDER 1493 40 50 3 4 3
2457 ORDER 1494 40 11 1 4 0
2458 ORDER 1495 75 11 51 55 0
2459 ORDER 1496 26 50 69 56 1
2461 ORDER 1497 70 38 1 16 3
2463 ORDER 1498 67 5 65 55 0
2464 ORDER 1499 12 21 2 7 1
2465 ORDER 1500 48 39 3 17 2
2471 ORDER 1501 48 45 43 55 1
2473 CANCEL 1490
2474 ORDER 1502 70 24 3 45 1
2475 ORDER 1503 54 23 1 14 0
2476 ORDER 1504 24 41 1 8 0
2477 ORDER 1505 44 8 1 25 1
2478 ORDER 1506 69 35 3 41 0
2479 ORDER 1507 54 39 2 28 2
2480 ORDER 1508 29 38 2 25 0
2481 UNBLOCK 44 12
2481 ORDER 1509 36 53 1 43 0
2482 ORDER 1510 74 32 10 56 0
2484 ORDER 1511 16 53 33 55 0
2486 ORDER 1512 67 9 3 56 0
2488 ORDER 1513 61 14 1 36 0
2489 ORDER 1514 20 11 1 44 0
2490 ORDER 1515 36 21 29 56 1
2491 ORDER 1516 30 42 62 55 0
2492 BLOCK 49 14
2493 ORDER 1517 45 35 2 33 0
2494 ORDER 1518 10 20 8 56 0
2495 ORDER 1519 72 17 69 55 0
2496 ORDER 1520 52 39 1 42 0
2497 ORDER 1521 36 15 74 56 2
2498 ORDER 1522 54 33 51 55 3
2500 ORDER 1523 11 47 77 55 0
2501 BLOCK 61 21
2502 ORDER 1524 11 42 1 35 0
2503 ORDER 1525 71 47 1 56 0
2504 ORDER 1526 61 33 1 5 1
2506 ORDER 1527 37 42 71 56 0
2511 ORDER 1528 64 29 1 35 0
2512 ORDER 1529 39 32 72 56 3
2513 ORDER 1530 24 12 3 14 0
2514 ORDER 1531 36 5 28 56 0
2516 ORDER 1532 18 29 20 55 0
2517 CANCEL 1443
2517 ORDER 1533 48 39 2 35 0
2519 ORDER 1534 39 24 64 55 0
2520 ORDER 1535 6 20 38 56 1
2523 ORDER 1536 39 29 3 47 0
2524 ORDER 1537 31 53 68 55 0
2526 CANCEL 1444
2526 ORDER 1538 9 39 1 2 0
2528 ORDER 1539 10 32 3 21 0
2531 ORDER 1540 17 11 16 55 2
2532 UNBLOCK 61 21
2533 ORDER 1541 39 48 44 55 1
2535 ORDER 1542 24 38 78 55 0
2536 ORDER 1543 71 36 2 6 1
2537 ORDER 1544 25 9 46 56 1
2538 CANCEL 1484
2538 ORDER 1545 26 21 2 17 0
2540 ORDER 1546 42 45 46 56 0
2541 ORDER 1547 33 30 2 48 0
2542 ORDER 1548 48 39 53 56 2
2543 ORDER 1549 45 48 27 56 0
2543 BLOCK 64 14
2544 ORDER 1550 46 48 1 55 1
2546 ORDER 1551 36 21 62 56 2
2547 ORDER 1552 10 47 3 26 0
2548 ORDER 1553 38 48 3 36 1
2549 CANCEL 1483
2549 ORDER 1554 58 33 3 8 0
2550 ORDER 1555 48 44 3 42 0
2551 ORDER 1556 33 36 1 15 0
2552 ORDER 1557 68 5 57 55 2
2554 ORDER 1558 45 48 13 55 0
2555 ORDER 1559 70 44 1 22 0
2557 ORDER 1560 69 53 3 22 0
2558 ORDER 1561 40 18 60 55 2
2559 ORDER 1562 9 32 3 27 0
2562 ORDER 1563 59 14 55 55 3
2563 ORDER 1564 21 21 39 56 0
2564 ORDER 1565 13 9 5 56 0
2565 ORDER 1566 44 15 59 56 0
2567 ORDER 1567 67 9 2 36 0
2568 ORDER 1568 69 33 36 55 2
2569 CANCEL 1464
2570 ORDER 1569 25 27 2 29 0
2572 ORDER 1570 54 38 3 24 0
2573 ORDER 1571 56 51 3 14 3
2574 ORDER 1572 47 32 59 56 0
2576 ORDER 1573 24 48 18 56 1
2578 ORDER 1574 48 20 2 3 0
2578 BLOCK 13 32
2582 ORDER 1575 9 26 3 19 1
2583 BLOCK 16 39
2585 ORDER 1576 8 23 78 56 0
2587 ORDER 1577 11 33 37 56 0
2589 ORDER 1578 37 42 33 55 0
2590 ORDER 1579 36 12 57 55 0
2593 ORDER 1580 8 48 1 43 2
2594 ORDER 1581 62 14 3 56 3
2595 ORDER 1582 11 23 3 36 3
2596 ORDER 1583 60 38 4 56 0
2597 ORDER 1584 9 36 71 56 0
2598 ORDER 1585 59 41 58 56 0
2600 ORDER 1586 42 44 4 56 3
2602 ORDER 1587 56 42 37 55 1
2603 ORDER 1588 67 26 2 1 0
2605 ORDER 1589 61 18 21 55 0
2606 ORDER 1590 75 20 2 30 0
2607 ORDER 1591 56 27 38 56 0
2614 ORDER 1592 51 30 3 6 0
2615 ORDER 1593 50 15 48 55 0
2616 ORDER 1594 31 32 1 42 0
2618 ORDER 1595 48 18 73 55 1
2619 BLOCK 42 48
2623 ORDER 1596 53 11 1 35 2
2625 ORDER 1597 28 45 40 55 1
2626 ORDER 1598 72 17 38 55 2
2627 ORDER 1599 70 29 13 55 0
2629 ORDER 1600 57 36 2 56 1
2630 ORDER 1601 26 24 1 27 1
2631 ORDER 1602 71 12 21 55 1
2633 ORDER 1603 71 45 2 10 0
2634 UNBLOCK 49 14
2634 ORDER 1604 21 35 21 55 0
2636 ORDER 1605 36 12 9 56 0
2637 ORDER 1606 63 27 1 2 1
2638 CANCEL 1537
2638 ORDER 1607 35 15 48 56 1
2639 ORDER 1608 64 41 1 21 1
2640 ORDER 1609 30 20 1 15 1
2643 ORDER 1610 49 18 1 29 0
2646 ORDER 1611 32 18 15 56 0
2647 ORDER 1612 40 9 48 56 0
2648 ORDER 1613 6 45 33 55 0
2649 ORDER 1614 13 8 2 54 2
2649 BLOCK 32 6
2650 ORDER 1615 21 29 6 56 0
2654 ORDER 1616 20 48 1 29 0
2658 ORDER 1617 59 39 3 52 0
2659 ORDER 1618 27 20 2 19 0
2662 ORDER 1619 21 42 3 22 0
2663 ORDER 1620 35 23 3 51 2
2664 ORDER 1621 59 21 43 55 0
2666 ORDER 1622 61 8 3 51 0
2667 ORDER 1623 44 41 52 55 0
2668 ORDER 1624 19 11 3 13 1
2669 ORDER 1625 36 33 1 11 0
2670 ORDER 1626 17 20 33 56 0
2671 UNBLOCK 64 14
2672 ORDER 1627 50 17 2 6 0
2673 ORDER 1628 49 26 55 56 0
2674 CANCEL 1572
2680 ORDER 1629 31 26 42 56 0
2683 ORDER 1630 18 26 2 28 2
2684 ORDER 1631 51 12 62 56 0
2686 ORDER 1632 47 52 2 42 1
2687 ORDER 1633 17 24 2 3 0
2691 BLOCK 31 3
2692 UNBLOCK 13 32
2692 ORDER 1634 60 35 2 39 0
2693 ORDER 1635 60 51 3 2 0
2694 ORDER 1636 24 32 69 56 2
2696 BLOCK 35 35
2697 ORDER 1637 74 51 2 47 0
2699 ORDER 1638 74 51 3 9 0
2700 ORDER 1639 6 18 3 53 2
2702 CANCEL 1611
2702 ORDER 1640 8 42 1 41 0
2703 ORDER 1641 19 18 17 55 0
2703 BLOCK 51 2
2705 ORDER 1642 55 47 11 55 0
2706 ORDER 1643 61 51 2 16 2
2707 ORDER 1644 18 32 3 10 0
2709 UNBLOCK 42 48
2709 ORDER 1645 18 18 3 35 1
2711 ORDER 1646 8 27 73 56 0
2712 ORDER 1647 74 38 1 39 0
2713 ORDER 1648 50 42 3 42 0
2716 ORDER 1649 20 27 3 31 0
2717 ORDER 1650 7 6 32 55 1
2720 ORDER 1651 63 33 2 9 1
2721 ORDER 1652 27 41 2 26 3
2721 BLOCK 40 36
2722 ORDER 1653 49 15 1 20 0
2724 ORDER 1654 64 17 1 52 1
2725 ORDER 1655 72 33 63 56 0
2727 ORDER 1656 27 44 39 55 0
2728 ORDER 1657 8 15 62 56 1
2729 ORDER 1658 35 9 4 55 0
2729 CANCEL 101658
2732 UNBLOCK 16 39
2732 ORDER 1659 64 23 1 11 0
2736 ORDER 1660 30 5 1 7 0
2738 ORDER 1661 44 26 65 55 1
2739 ORDER 1662 49 5 3 34 1
2742 ORDER 1663 74 48 16 56 0
2743 ORDER 1664 72 25 1 18 0
2744 ORDER 1665 21 8 72 55 0
2745 ORDER 1666 41 42 1 1 0
2748 ORDER 1667 53 12 41 56 1
2749 ORDER 1668 7 38 2 54 0
2749 BLOCK 13 50
2750 ORDER 1669 33 51 1 26 1
2751 ORDER 1670 47 11 1 22 0
2753 ORDER 1671 51 39 52 56 0
2755 ORDER 1672 68 23 1 6 0
2756 ORDER 1673 51 26 71 55 1
2757 ORDER 1674 53 6 54 56 0
2758 ORDER 1675 72 9 1 10 0
2759 ORDER 1676 30 6 3 2 1
2761 ORDER 1677 7 45 66 55 1
2762 ORDER 1678 71 24 2 45 1
2765 ORDER 1679 25 26 1 36 0
2767 ORDER 1680 13 9 2 44 3
2768 ORDER 1681 64 23 2 8 0
2770 ORDER 1682 71 27 60 55 1
2773 ORDER 1683 11 3 1 39 0
2774 UNBLOCK 51 2
2774 ORDER 1684 71 6 1 1 2
2775 ORDER 1685 29 27 3 27 0
2776 ORDER 1686 75 17 3 52 3
2778 ORDER 1687 6 33 2 7 0
2779 ORDER 1688 75 50 77 56 0
2780 ORDER 1689 52 12 17 55 0
2780 BLOCK 8 47
2781 ORDER 1690 30 35 62 56 0
2782 ORDER 1691 34 36 2 41 1
2783 ORDER 1692 65 35 25 55 0
2784 ORDER 1693 32 32 42 56 0
2786 ORDER 1694 13 34 1 1 0
2787 ORDER 1695 58 35 10 56 0
2788 CANCEL 1604
2788 ORDER 1696 57 41 2 16 0
2789 ORDER 1697 30 53 38 55 0
2790 ORDER 1698 37 30 27 55 0
2791 ORDER 1699 28 45 3 39 0
2792 ORDER 1700 66 47 1 48 1
2793 ORDER 1701 18 42 3 17 0
2795 UNBLOCK 32 6
2796 ORDER 1702 56 11 2 9 0
2798 ORDER 1703 50 6 1 10 1
2798 BLOCK 31 54
2799 ORDER 1704 41 48 3 42 1
2801 ORDER 1705 62 29 6 55 1
2806 CANCEL 1624
2806 ORDER 1706 69 37 3 2 0
2807 CANCEL 1693
2807 ORDER 1707 64 3 45 55 0
2808 ORDER 1708 37 18 45 56 0
2809 ORDER 1709 65 47 3 9 0
2810 ORDER 1710 70 6 56 56 0
2811 ORDER 1711 36 41 3 15 0
2813 ORDER 1712 55 5 74 55 2
2814 CANCEL 1705
2815 ORDER 1713 9 36 1 42 0
2816 ORDER 1714 16 41 2 36 1
2817 ORDER 1715 62 33 2 15 2
2818 ORDER 1716 58 20 2 15 0
2821 ORDER 1717 73 36 49 55 0
2825 ORDER 1718 10 39 26 55 0
2826 ORDER 1719 57 11 1 50 2
2830 ORDER 1720 69 32 1 40 0
2832 ORDER 1721 70 47 1 56 0
2833 ORDER 1722 25 50 39 55 0
2834 ORDER 1723 27 8 61 55 0
2835 ORDER 1724 59 6 3 23 2
2835 BLOCK 73 6
2836 UNBLOCK 35 35
2836 ORDER 1725 64 18 48 56 1
2837 UNBLOCK 31 3
2837 ORDER 1726 51 32 67 55 1
2839 ORDER 1727 47 8 52 56 0
2840 UNBLOCK 8 47
2841 ORDER 1728 50 11 45 55 0
2842 ORDER 1729 73 47 2 51 0
2843 ORDER 1730 71 39 1 27 1
2845 ORDER 1731 26 41 3 45 0
2846 ORDER 1732 45 23 3 27 0
2847 ORDER 1733 25 27 40 55 1
2849 CANCEL 1697
2849 ORDER 1734 12 30 10 56 2
2850 ORDER 1735 53 12 51 56 1
2851 ORDER 1736 74 9 3 32 0
2852 ORDER 1737 53 38 1 16 0
2854 ORDER 1738 25 53 24 55 2
2856 ORDER 1739 17 44 66 55 0
2858 ORDER 1740 71 17 18 56 0
2861 ORDER 1741 7 15 1 38 0
2862 ORDER 1742 16 38 2 10 1
2863 ORDER 1743 27 21 28 56 0
2864 ORDER 1744 66 20 2 45 2
2866 UNBLOCK 40 36
2872 ORDER 1745 28 47 63 56 1
2873 ORDER 1746 49 17 2 20 0
2874 ORDER 1747 51 17 24 55 0
2875 ORDER 1748 6 11 8 56 0
2876 ORDER 1749 61 38 3 14 2
2880 ORDER 1750 46 51 3 42 0
2881 ORDER 1751 26 51 3 18 0
2882 ORDER 1752 6 50 1 18 1
2884 ORDER 1753 56 20 3 32 0
2885 ORDER 1754 66 20 47 55 0
2886 ORDER 1755 37 14 1 36 0
2888 ORDER 1756 56 36 1 54 3
2890 ORDER 1757 23 48 49 56 0
2891 ORDER 1758 39 18 8 55 0
2893 ORDER 1759 25 27 56 55 0
2896 ORDER 1760 61 45 31 56 0
2898 UNBLOCK 13 50
2899 ORDER 1761 61 26 42 55 0
2900 UNBLOCK 31 54
2900 ORDER 1762 37 50 11 55 0
2901 ORDER 1763 56 9 60 56 0
2902 ORDER 1764 16 11 2 48 0
2905 ORDER 1765 37 38 3 43 0
2906 ORDER 1766 57 50 34 55 3
2909 ORDER 1767 65 9 1 30 2
2910 ORDER 1768 20 14 3 8 0
2912 ORDER 1769 30 29 2 15 1
2913 ORDER 1770 75 27 43 55 0
2914 ORDER 1771 35 39 2 3 0
2916 ORDER 1772 54 23 3 23 1
2916 BLOCK 34 3
2917 ORDER 1773 11 14 59 55 3
2921 ORDER 1774 32 47 3 39 0
2922 ORDER 1775 43 36 12 55 0
2923 BLOCK 35 48
2924 ORDER 1776 62 8 2 18 0
2925 CANCEL 1661
2925 ORDER 1777 66 23 2 26 0
2929 ORDER 1778 44 20 74 55 0
2930 ORDER 1779 7 29 1 13 1
2934 ORDER 1780 18 12 7 56 0
2935 ORDER 1781 69 51 12 56 0
2939 ORDER 1782 44 21 3 56 2
2940 ORDER 1783 17 39 51 55 0
2941 ORDER 1784 49 21 45 56 3
2942 UNBLOCK 73 6
2943 ORDER 1785 69 8 7 55 0
2944 ORDER 1786 17 6 1 46 1
2946 ORDER 1787 9 45 21 55 0
2947 ORDER 1788 7 18 2 26 2
2949 ORDER 1789 45 33 37 55 0
2950 ORDER 1790 72 24 2 7 1
2951 ORDER 1791 70 12 22 55 0
2952 ORDER 1792 34 11 75 55 0
2953 ORDER 1793 73 32 50 56 1
2955 ORDER 1794 75 3 32 56 0
2956 ORDER 1795 12 3 1 54 1
2957 ORDER 1796 28 26 46 55 3
2958 ORDER 1797 51 17 3 8 2
2959 ORDER 1798 16 45 21 56 0
2960 BLOCK 75 13
2961 ORDER 1799 62 48 59 55 1
2962 ORDER 1800 54 16 1 2 1
2963 ORDER 1801 41 39 1 50 0
2964 ORDER 1802 59 29 3 14 1
2966 ORDER 1803 49 15 3 36 0
2967 ORDER 1804 61 12 16 56 2
2968 ORDER 1805 35 21 3 38 0
2969 ORDER 1806 69 23 1 35 1
2970 ORDER 1807 54 3 3 35 0
2971 ORDER 1808 32 17 1 7 0
2972 ORDER 1809 68 27 23 55 0
2973 ORDER 1810 58 33 3 11 0
2974 ORDER 1811 22 32 14 55 2
2975 ORDER 1812 20 14 2 53 0
2976 ORDER 1813 36 5 73 56 0
2979 ORDER 1814 75 8 2 38 1
2980 ORDER 1815 24 36 3 24 1
2983 ORDER 1816 60 26 42 55 3
2984 ORDER 1817 73 42 17 55 0
2985 ORDER 1818 49 33 2 14 0
2988 ORDER 1819 52 42 7 55 1
2989 ORDER 1820 59 11 1 18 0
2990 ORDER 1821 44 24 77 55 0
2992 ORDER 1822 18 30 50 56 0
2994 ORDER 1823 39 33 69 56 0
2996 CANCEL 1796
2996 ORDER 1824 31 42 3 21 0
2998 ORDER 1825 43 6 1 46 0
2999 ORDER 1826 56 3 2 36 0
