50 40 1500
##################################################
#.....C.C.C.C.C.C.C.C.C.C.C.C.C.C................#
#................................................#
#................................................#
#.....########..#######..#########..########.....#
#................................................#
#................................................#
#.....########..########..#########..########....#
#................................................#
#................................................#
#.....######..########..######..######..######...#
#................................................#
#................................................#
#.....######..########..#######..######..#####...#
#................................................#
#................................................#
#.....########..#######..######..######..#####...#
#................................................#
#................................................#
#.....######..#######..#######..#########..###...#
#................................................#
#................................................#
#.....########..#########..#######..#########....#
#................................................#
#................................................#
#.....#########..######..######..######..#####...#
#................................................#
#................................................#
#.....#########..######..########..########..#...#
#................................................#
#................................................#
#.....########..########..#######..########..#...#
#................................................#
#................................................#
#.....########..#######..######..######..#####...#
#................................................#
#................................................#
#................................................#
#................................................#
##################################################
PARAMS 720 36 180 30 50 3
ROBOTS 80
16 12
38 38
16 2
30 32
28 33
23 20
10 3
25 17
36 23
4 5
25 23
1 17
47 34
36 3
8 27
8 14
20 8
31 17
5 9
7 1
45 36
33 21
15 2
20 6
4 15
31 38
35 24
30 23
45 12
36 14
43 23
4 36
40 2
35 32
9 17
26 2
20 37
40 18
34 14
2 24
25 35
5 26
15 38
17 24
34 3
48 28
33 24
27 24
43 14
33 8
29 35
39 12
48 18
6 9
42 17
32 13
4 22
33 5
2 23
34 32
27 6
4 35
30 20
42 2
45 3
20 23
21 26
26 11
38 2
5 29
23 29
5 30
15 32
19 30
15 4
44 31
29 14
44 21
8 30
31 6
EVENTS 1296
0 ORDER 1 41 14 1 15 2
1 ORDER 2 12 23 24 38 1
3 ORDER 3 7 23 1 35 0
6 ORDER 4 29 6 2 38 0
8 ORDER 5 30 23 1 36 1
9 ORDER 6 44 23 2 5 1
11 ORDER 7 12 24 41 38 1
12 ORDER 8 40 3 17 37 3
15 ORDER 9 12 15 9 37 1
16 ORDER 10 21 6 22 37 0
17 ORDER 11 9 32 2 10 0
18 ORDER 12 20 15 10 38 0
19 ORDER 13 17 9 24 38 0
21 ORDER 14 17 27 1 38 1
22 ORDER 15 40 3 3 35 0
24 ORDER 16 13 22 35 37 0
26 ORDER 17 43 17 15 37 1
27 ORDER 18 45 33 1 3 0
28 ORDER 19 6 26 3 9 0
29 ORDER 20 45 26 9 38 1
32 ORDER 21 16 18 2 14 0
34 ORDER 22 28 18 3 23 3
35 ORDER 23 18 12 12 37 0
36 ORDER 24 27 23 2 2 2
37 ORDER 25 35 9 3 30 3
38 ORDER 26 13 23 2 33 0
40 ORDER 27 33 23 2 7 1
41 ORDER 28 7 24 16 37 1
42 ORDER 29 41 24 21 38 2
43 ORDER 30 12 21 42 38 2
44 ORDER 31 39 18 3 3 0
45 ORDER 32 37 11 3 18 0
46 ORDER 33 33 18 23 38 1
47 ORDER 34 21 29 3 14 0
48 ORDER 35 10 11 3 3 0
49 ORDER 36 30 3 25 38 0
50 ORDER 37 35 32 3 28 1
51 BLOCK 44 23
53 ORDER 38 16 15 41 38 0
53 BLOCK 9 6
54 ORDER 39 39 32 3 32 2
56 ORDER 40 34 26 3 28 1
57 ORDER 41 44 35 2 31 1
58 ORDER 42 7 3 1 33 0
59 ORDER 43 20 5 45 37 3
60 ORDER 44 9 11 43 37 1
62 ORDER 45 23 23 9 37 0
63 BLOCK 20 36
64 ORDER 46 44 17 10 37 1
65 ORDER 47 11 26 44 37 1
66 ORDER 48 6 35 28 37 1
67 ORDER 49 20 15 3 3 1
68 ORDER 50 13 35 27 37 1
69 ORDER 51 36 20 19 37 1
71 ORDER 52 35 35 3 27 2
72 ORDER 53 12 15 3 22 1
72 CANCEL 100053
76 ORDER 54 29 14 23 37 0
77 ORDER 55 43 23 1 6 0
78 ORDER 56 21 15 47 37 0
79 ORDER 57 45 33 2 24 1
80 ORDER 58 33 14 3 13 0
81 ORDER 59 36 35 1 38 0
82 ORDER 60 16 23 1 30 0
83 ORDER 61 40 29 1 30 2
84 ORDER 62 32 30 3 9 2
85 ORDER 63 42 3 4 37 0
87 ORDER 64 25 11 2 8 0
88 ORDER 65 39 20 41 38 0
89 ORDER 66 33 26 45 37 3
90 ORDER 67 13 30 2 13 0
92 ORDER 68 38 32 12 37 0
93 ORDER 69 21 6 1 21 0
94 ORDER 70 18 33 2 28 0
96 ORDER 71 34 35 23 37 0
97 ORDER 72 22 3 29 38 1
98 ORDER 73 9 27 13 38 0
99 ORDER 74 37 6 39 38 0
99 BLOCK 26 21
100 ORDER 75 17 26 2 32 1
101 ORDER 76 24 14 40 37 0
102 UNBLOCK 9 6
102 ORDER 77 20 5 1 29 1
103 ORDER 78 45 20 42 37 0
104 ORDER 79 26 33 3 15 0
105 ORDER 80 34 8 3 16 1
106 ORDER 81 7 33 2 11 2
107 ORDER 82 27 9 1 20 0
111 ORDER 83 27 33 2 18 1
112 ORDER 84 7 26 17 38 0
113 ORDER 85 8 11 1 29 1
114 ORDER 86 36 18 3 13 0
115 ORDER 87 7 30 3 31 0
116 ORDER 88 8 26 2 24 0
119 ORDER 89 40 9 37 37 0
120 ORDER 90 35 30 2 32 0
121 ORDER 91 18 27 8 38 3
123 ORDER 92 37 26 3 28 1
124 ORDER 93 32 9 2 32 1
125 ORDER 94 20 17 2 27 0
128 ORDER 95 8 26 2 16 0
129 UNBLOCK 20 36
131 ORDER 96 40 30 30 38 0
134 ORDER 97 38 5 1 18 0
135 ORDER 98 10 33 3 17 0
136 ORDER 99 7 30 1 14 0
137 ORDER 100 23 32 7 38 0
138 ORDER 101 27 6 1 17 3
139 ORDER 102 36 14 2 9 0
140 ORDER 103 21 14 1 18 0
141 ORDER 104 28 35 1 25 0
142 ORDER 105 8 14 3 6 2
144 ORDER 106 12 15 2 38 0
145 ORDER 107 38 33 47 37 0
146 ORDER 108 29 14 1 2 2
146 BLOCK 19 37
147 ORDER 109 32 3 14 38 1
148 ORDER 110 42 21 29 37 3
150 ORDER 111 16 18 3 32 1
151 ORDER 112 22 24 3 11 0
152 ORDER 113 41 29 47 38 0
153 ORDER 114 14 27 1 22 0
154 ORDER 115 33 6 3 20 0
155 ORDER 116 45 29 24 37 0
157 ORDER 117 40 30 1 18 0
158 ORDER 118 19 17 44 38 0
159 UNBLOCK 44 23
159 ORDER 119 16 18 1 1 0
160 ORDER 120 36 35 8 38 0
161 ORDER 121 16 14 36 37 0
162 ORDER 122 9 6 2 38 0
163 ORDER 123 24 18 48 37 0
164 ORDER 124 43 3 28 37 0
167 ORDER 125 25 5 1 27 0
168 ORDER 126 13 29 31 38 0
169 ORDER 127 11 9 47 38 1
170 ORDER 128 12 30 48 37 0
172 ORDER 129 40 8 2 11 2
174 ORDER 130 44 14 1 8 0
175 ORDER 131 7 30 2 24 1
176 ORDER 132 10 33 1 36 0
177 ORDER 133 43 6 43 37 0
178 ORDER 134 30 32 3 25 0
179 ORDER 135 11 6 2 7 0
180 ORDER 136 37 32 1 26 1
181 ORDER 137 10 24 12 37 0
182 ORDER 138 7 17 2 30 1
183 ORDER 139 27 5 1 1 1
185 ORDER 140 35 14 3 25 1
187 ORDER 141 27 12 9 37 2
188 ORDER 142 8 14 5 37 0
189 ORDER 143 29 30 6 38 2
190 ORDER 144 35 9 3 33 0
191 ORDER 145 6 35 7 38 0
192 ORDER 146 43 11 1 25 1
194 ORDER 147 10 26 16 38 0
195 ORDER 148 7 6 28 38 1
196 ORDER 149 44 18 1 7 3
197 ORDER 150 19 35 1 24 0
198 ORDER 151 18 35 14 37 2
199 ORDER 152 12 30 3 10 1
200 ORDER 153 26 35 3 28 0
201 ORDER 154 7 9 3 13 2
202 ORDER 155 25 9 1 36 0
203 ORDER 156 35 29 28 38 0
205 ORDER 157 21 17 4 37 1
207 ORDER 158 25 20 23 38 1
208 ORDER 159 34 6 2 4 1
210 ORDER 160 9 8 17 38 0
211 CANCEL 82
212 ORDER 161 26 26 1 26 0
212 BLOCK 24 30
213 ORDER 162 33 33 48 37 2
214 UNBLOCK 26 21
214 ORDER 163 41 17 2 11 0
216 ORDER 164 33 21 26 37 0
216 BLOCK 39 14
217 ORDER 165 28 24 19 38 0
218 ORDER 166 20 12 3 23 0
222 ORDER 167 23 30 1 35 0
224 ORDER 168 21 29 1 1 2
225 ORDER 169 39 6 26 37 1
228 ORDER 170 37 30 29 38 1
229 ORDER 171 27 32 24 38 3
230 ORDER 172 33 10 1 20 0
232 UNBLOCK 19 37
233 ORDER 173 28 31 3 33 1
234 ORDER 174 16 30 1 6 0
235 ORDER 175 41 26 3 12 0
236 ORDER 176 20 5 2 37 2
237 ORDER 177 30 30 2 29 2
238 ORDER 178 20 33 2 38 0
239 ORDER 179 6 5 7 37 0
240 ORDER 180 10 33 3 16 0
241 ORDER 181 41 23 2 23 2
242 ORDER 182 31 30 1 36 0
243 ORDER 183 30 16 1 9 1
244 ORDER 184 21 11 2 12 1
245 ORDER 185 14 9 29 37 0
246 ORDER 186 30 35 1 7 1
249 ORDER 187 39 6 1 19 2
250 ORDER 188 20 32 33 38 3
250 BLOCK 37 15
251 ORDER 189 38 14 2 14 1
252 ORDER 190 44 14 16 38 0
253 UNBLOCK 24 30
253 ORDER 191 44 11 41 37 0
254 ORDER 192 20 11 47 38 0
255 ORDER 193 29 3 3 6 0
257 ORDER 194 40 18 31 38 1
258 ORDER 195 28 17 2 33 0
259 ORDER 196 27 32 2 22 0
260 ORDER 197 9 29 2 4 1
261 ORDER 198 25 27 2 30 1
262 ORDER 199 41 14 46 37 0
263 ORDER 200 10 8 12 37 0
265 ORDER 201 45 14 1 35 1
266 ORDER 202 9 18 2 6 1
267 ORDER 203 8 20 21 37 2
268 ORDER 204 16 3 22 37 0
269 ORDER 205 26 17 41 37 0
270 ORDER 206 13 30 1 8 2
272 ORDER 207 26 14 1 1 0
273 ORDER 208 30 27 16 37 1
275 ORDER 209 38 5 10 37 0
276 ORDER 210 35 33 3 21 2
277 ORDER 211 35 20 35 37 0
278 ORDER 212 22 6 3 8 0
282 ORDER 213 19 29 47 37 0
283 ORDER 214 38 17 2 26 0
284 ORDER 215 27 24 2 9 0
285 ORDER 216 36 21 1 36 0
286 ORDER 217 28 9 22 37 2
288 ORDER 218 40 29 1 7 0
289 ORDER 219 37 3 17 37 1
290 ORDER 220 14 24 35 38 1
291 ORDER 221 34 20 1 30 2
292 ORDER 222 22 6 2 28 0
295 ORDER 223 10 6 1 3 0
296 ORDER 224 10 27 36 38 1
297 UNBLOCK 39 14
298 ORDER 225 8 15 3 23 0
299 ORDER 226 17 12 44 37 0
300 ORDER 227 34 18 8 38 0
301 ORDER 228 13 15 2 34 0
302 ORDER 229 39 32 2 4 0
304 ORDER 230 30 23 23 38 1
305 ORDER 231 35 32 1 28 0
306 ORDER 232 28 29 26 37 0
306 BLOCK 39 23
307 ORDER 233 20 35 35 38 2
308 ORDER 234 29 26 2 34 1
309 ORDER 235 38 33 38 37 2
312 ORDER 236 29 30 37 38 0
313 ORDER 237 33 11 3 32 3
314 ORDER 238 24 23 2 29 0
315 ORDER 239 9 5 13 37 0
316 ORDER 240 37 8 26 37 0
317 ORDER 241 27 21 29 37 0
318 ORDER 242 7 18 40 38 0
319 ORDER 243 18 14 47 37 0
320 ORDER 244 44 26 3 4 0
321 ORDER 245 18 6 5 37 0
322 ORDER 246 29 33 3 5 3
323 ORDER 247 16 32 41 37 0
325 ORDER 248 12 26 3 20 0
326 ORDER 249 9 3 45 38 0
328 ORDER 250 40 9 3 14 0
328 CANCEL 100250
329 ORDER 251 13 6 3 31 0
330 ORDER 252 39 6 1 25 0
331 ORDER 253 32 5 3 21 0
332 UNBLOCK 37 15
332 ORDER 254 36 23 2 16 2
333 ORDER 255 6 18 33 38 0
334 ORDER 256 10 5 2 15 1
335 ORDER 257 17 5 1 37 1
338 ORDER 258 31 32 33 37 0
339 ORDER 259 22 24 1 27 1
340 ORDER 260 36 35 20 38 0
341 ORDER 261 16 3 1 11 0
342 UNBLOCK 39 23
343 ORDER 262 10 35 1 22 1
344 ORDER 263 12 23 10 37 0
346 ORDER 264 14 29 27 38 0
347 ORDER 265 36 9 3 28 0
348 ORDER 266 45 9 2 14 2
349 ORDER 267 45 14 25 38 1
350 ORDER 268 18 11 45 37 0
351 ORDER 269 7 21 3 32 0
353 ORDER 270 38 8 5 37 2
354 ORDER 271 14 20 2 27 0
355 ORDER 272 43 15 29 37 3
356 ORDER 273 10 35 1 36 0
357 CANCEL 169
357 ORDER 274 35 20 27 38 0
358 ORDER 275 22 27 32 38 1
361 ORDER 276 30 21 3 16 0
362 ORDER 277 6 21 33 38 0
364 ORDER 278 14 26 15 38 0
365 ORDER 279 44 35 3 25 0
367 ORDER 280 9 17 5 37 0
369 ORDER 281 30 32 29 37 0
370 ORDER 282 29 17 2 8 0
371 ORDER 283 6 11 2 13 0
372 ORDER 284 6 9 26 37 0
374 ORDER 285 6 8 3 12 0
374 BLOCK 31 21
376 ORDER 286 25 15 1 25 0
377 ORDER 287 10 15 25 38 0
378 ORDER 288 22 26 1 29 0
379 ORDER 289 42 35 1 8 1
383 ORDER 290 37 9 24 38 1
387 ORDER 291 11 11 1 8 0
388 ORDER 292 6 15 14 37 1
392 CANCEL 218
392 ORDER 293 18 33 14 38 2
392 BLOCK 45 12
393 ORDER 294 32 27 25 38 2
395 ORDER 295 43 21 34 37 2
396 ORDER 296 29 24 5 38 0
397 ORDER 297 7 33 2 20 0
398 ORDER 298 35 24 23 37 0
399 ORDER 299 10 11 8 37 1
400 ORDER 300 20 20 28 37 0
401 ORDER 301 45 15 26 38 0
402 CANCEL 248
403 CANCEL 251
403 ORDER 302 29 29 13 37 0
404 ORDER 303 27 17 1 33 0
405 ORDER 304 27 33 1 6 0
406 ORDER 305 26 29 24 37 0
407 ORDER 306 7 21 1 1 0
408 ORDER 307 20 29 1 38 1
409 ORDER 308 36 30 2 12 0
410 CANCEL 229
410 ORDER 309 45 9 2 4 0
411 ORDER 310 11 23 14 38 2
412 ORDER 311 13 27 3 27 1
413 ORDER 312 19 20 1 4 2
414 ORDER 313 7 35 20 38 1
416 ORDER 314 12 5 2 2 2
417 ORDER 315 32 11 20 37 1
418 ORDER 316 7 21 6 38 0
419 ORDER 317 32 8 48 37 0
421 ORDER 318 23 18 44 37 0
423 ORDER 319 7 11 2 26 0
424 ORDER 320 34 17 1 19 0
425 ORDER 321 21 33 8 37 2
426 ORDER 322 39 20 4 38 2
427 ORDER 323 11 15 3 28 0
429 ORDER 324 26 24 32 37 0
430 ORDER 325 18 24 1 19 1
431 ORDER 326 32 3 2 28 0
432 ORDER 327 34 15 2 20 0
433 ORDER 328 27 33 28 37 3
434 ORDER 329 23 32 17 38 0
436 ORDER 330 40 23 42 38 0
437 ORDER 331 38 12 2 20 1
438 ORDER 332 7 15 2 30 1
439 ORDER 333 43 6 2 30 0
440 ORDER 334 6 33 3 2 0
442 ORDER 335 7 9 27 37 0
443 ORDER 336 31 27 1 12 0
444 ORDER 337 35 15 3 34 2
445 ORDER 338 20 20 1 14 0
446 ORDER 339 38 35 23 38 1
447 ORDER 340 39 30 1 12 2
448 ORDER 341 13 6 3 13 1
449 ORDER 342 43 17 1 11 0
450 ORDER 343 37 33 2 20 1
451 ORDER 344 42 30 3 38 0
452 ORDER 345 16 12 3 26 0
453 ORDER 346 17 12 3 25 1
454 ORDER 347 29 6 2 19 0
455 ORDER 348 23 20 15 38 1
456 ORDER 349 16 11 3 20 1
457 ORDER 350 27 26 25 38 0
458 ORDER 351 7 26 25 37 3
459 UNBLOCK 31 21
459 ORDER 352 45 26 3 12 0
460 ORDER 353 8 30 1 10 0
461 ORDER 354 12 6 12 38 0
462 ORDER 355 35 32 46 38 1
463 ORDER 356 9 12 47 38 0
464 ORDER 357 10 12 2 19 1
465 ORDER 358 34 15 1 8 0
466 ORDER 359 41 15 28 37 0
467 ORDER 360 12 6 2 3 2
468 ORDER 361 7 33 20 38 0
470 ORDER 362 28 18 36 37 0
471 ORDER 363 20 9 45 37 2
472 ORDER 364 37 33 1 10 1
473 ORDER 365 28 15 39 38 0
474 ORDER 366 17 6 2 5 0
475 ORDER 367 22 6 1 31 1
476 ORDER 368 26 17 3 3 0
477 ORDER 369 30 12 5 37 3
478 ORDER 370 25 26 47 38 1
479 ORDER 371 20 26 3 9 0
480 ORDER 372 38 5 29 37 3
481 ORDER 373 28 26 29 37 1
482 ORDER 374 33 23 2 35 0
484 ORDER 375 38 5 32 37 0
487 ORDER 376 13 8 1 9 0
488 ORDER 377 37 30 40 37 0
489 ORDER 378 7 9 47 38 0
491 ORDER 379 22 30 21 37 1
492 ORDER 380 43 17 1 4 0
494 ORDER 381 29 12 1 35 0
495 UNBLOCK 45 12
495 ORDER 382 36 20 1 5 0
497 ORDER 383 11 21 1 21 1
498 ORDER 384 34 12 2 29 0
499 ORDER 385 45 17 1 3 1
500 ORDER 386 26 18 1 30 1
501 ORDER 387 42 24 1 13 0
501 BLOCK 23 13
502 ORDER 388 22 35 23 38 1
505 ORDER 389 28 3 3 31 0
506 ORDER 390 8 26 34 38 0
507 CANCEL 370
507 ORDER 391 27 6 21 38 0
509 ORDER 392 45 26 14 38 1
510 ORDER 393 45 9 40 38 0
511 ORDER 394 25 15 1 19 0
514 ORDER 395 6 21 2 37 1
515 ORDER 396 16 32 34 37 1
516 ORDER 397 34 14 18 38 0
517 ORDER 398 21 27 1 9 0
518 ORDER 399 19 20 3 33 0
519 ORDER 400 38 14 3 24 1
520 BLOCK 15 29
521 ORDER 401 35 27 11 38 0
522 ORDER 402 43 5 3 8 0
524 ORDER 403 37 15 14 37 1
525 ORDER 404 29 27 11 37 0
526 ORDER 405 27 25 2 31 1
527 ORDER 406 43 8 2 5 2
528 ORDER 407 42 35 3 5 0
529 ORDER 408 42 35 40 38 3
530 ORDER 409 30 32 2 34 0
532 ORDER 410 10 21 2 2 0
533 ORDER 411 9 17 2 1 1
534 ORDER 412 30 15 3 18 2
535 ORDER 413 23 20 2 13 0
536 ORDER 414 32 8 33 38 0
537 ORDER 415 32 32 47 37 0
538 ORDER 416 19 6 12 37 0
539 ORDER 417 18 17 2 12 0
540 ORDER 418 18 27 1 18 2
542 ORDER 419 42 12 3 15 1
543 ORDER 420 22 5 1 37 0
545 ORDER 421 8 26 44 37 2
546 ORDER 422 45 35 40 37 0
547 ORDER 423 11 8 24 37 0
548 ORDER 424 42 33 31 38 0
549 ORDER 425 32 8 45 38 0
550 ORDER 426 28 23 1 22 1
551 ORDER 427 36 29 3 9 1
553 ORDER 428 30 8 13 38 0
554 ORDER 429 21 17 22 38 2
555 ORDER 430 8 6 34 38 3
556 ORDER 431 45 20 27 38 0
557 ORDER 432 8 23 2 13 1
558 ORDER 433 10 14 17 37 0
559 ORDER 434 37 27 47 37 0
560 ORDER 435 26 6 23 38 0
561 ORDER 436 41 30 13 38 1
562 ORDER 437 19 23 2 28 0
564 ORDER 438 32 9 1 23 1
565 ORDER 439 34 20 1 20 1
566 ORDER 440 6 12 35 37 0
567 ORDER 441 17 19 3 15 2
568 UNBLOCK 15 29
568 ORDER 442 17 12 2 28 0
569 ORDER 443 32 8 2 36 0
570 ORDER 444 39 5 22 38 0
573 ORDER 445 28 14 3 29 1
574 ORDER 446 38 5 13 38 1
575 ORDER 447 6 30 24 37 1
577 ORDER 448 13 23 26 38 2
578 ORDER 449 25 18 13 38 0
579 ORDER 450 35 35 7 37 0
580 ORDER 451 27 17 3 35 1
582 ORDER 452 23 30 7 37 1
583 ORDER 453 42 21 29 37 0
586 ORDER 454 22 5 1 33 1
588 ORDER 455 25 5 20 37 0
590 ORDER 456 40 21 33 37 0
591 ORDER 457 41 27 1 3 0
592 ORDER 458 30 32 2 36 0
593 ORDER 459 16 35 37 38 0
594 ORDER 460 21 29 6 38 0
596 ORDER 461 17 9 3 37 0
597 ORDER 462 13 23 7 37 1
598 ORDER 463 37 26 1 33 0
601 ORDER 464 10 27 1 21 0
603 ORDER 465 36 27 1 18 0
605 ORDER 466 24 18 44 37 0
607 ORDER 467 42 29 7 38 2
608 ORDER 468 11 8 1 18 0
609 ORDER 469 40 6 6 37 1
610 ORDER 470 16 11 3 21 0
611 ORDER 471 36 35 3 38 0
612 CANCEL 443
612 ORDER 472 16 30 47 37 1
613 ORDER 473 6 5 3 20 0
614 ORDER 474 19 15 3 17 0
615 ORDER 475 45 9 3 21 2
616 ORDER 476 41 23 32 37 0
618 ORDER 477 30 21 1 1 3
619 ORDER 478 37 3 1 23 0
620 UNBLOCK 23 13
620 ORDER 479 39 18 3 23 0
621 ORDER 480 23 18 3 18 0
622 ORDER 481 27 26 3 24 1
623 ORDER 482 35 33 2 3 0
624 ORDER 483 15 12 29 37 0
626 ORDER 484 29 8 3 13 0
627 ORDER 485 25 24 34 38 2
628 ORDER 486 32 3 43 37 0
629 ORDER 487 6 20 38 37 0
630 ORDER 488 13 8 3 11 1
632 ORDER 489 38 33 46 37 3
633 ORDER 490 24 14 3 2 0
635 ORDER 491 37 21 11 38 0
636 ORDER 492 18 28 46 38 0
637 ORDER 493 12 15 1 8 0
638 ORDER 494 21 26 3 18 0
639 ORDER 495 9 18 1 16 0
640 ORDER 496 44 21 1 10 0
641 CANCEL 393
641 ORDER 497 41 35 2 15 0
642 ORDER 498 25 15 13 38 1
644 ORDER 499 30 23 19 38 1
645 ORDER 500 10 30 34 38 0
646 ORDER 501 40 29 23 38 0
647 ORDER 502 16 8 1 21 0
648 ORDER 503 10 30 1 13 0
649 ORDER 504 18 30 1 1 0
650 ORDER 505 33 20 43 37 0
651 ORDER 506 42 15 26 37 0
652 ORDER 507 20 30 32 37 0
653 ORDER 508 7 26 1 26 2
654 ORDER 509 42 21 39 38 0
656 CANCEL 502
656 ORDER 510 33 21 3 19 0
657 ORDER 511 10 26 2 15 1
659 ORDER 512 14 14 1 24 2
662 ORDER 513 34 26 6 38 0
663 ORDER 514 17 27 3 5 1
664 ORDER 515 28 20 14 37 0
665 ORDER 516 45 27 34 37 0
667 ORDER 517 8 3 35 37 0
668 ORDER 518 39 29 32 37 0
669 ORDER 519 36 29 1 8 0
670 ORDER 520 19 35 1 18 0
671 ORDER 521 19 20 3 10 0
673 ORDER 522 22 35 39 37 0
674 ORDER 523 19 27 1 3 0
675 ORDER 524 28 33 3 21 1
676 ORDER 525 15 20 19 38 0
677 ORDER 526 34 11 3 37 1
678 ORDER 527 36 30 2 10 1
679 ORDER 528 10 35 27 37 0
681 ORDER 529 45 18 1 37 0
682 ORDER 530 9 29 2 10 2
684 ORDER 531 20 6 3 30 0
685 BLOCK 36 20
686 ORDER 532 41 6 3 7 3
687 ORDER 533 10 17 2 10 0
688 ORDER 534 17 6 25 37 0
689 ORDER 535 15 18 3 3 1
691 ORDER 536 38 18 2 31 2
692 ORDER 537 26 18 2 36 2
693 ORDER 538 6 14 5 38 0
694 ORDER 539 10 23 1 34 3
695 ORDER 540 43 24 15 37 0
696 ORDER 541 33 3 43 37 2
699 ORDER 542 36 14 10 38 1
700 ORDER 543 36 20 1 29 1
701 ORDER 544 36 27 7 37 0
702 ORDER 545 42 9 15 38 1
702 BLOCK 30 9
704 ORDER 546 34 35 2 10 0
705 ORDER 547 7 35 1 8 0
706 ORDER 548 30 21 3 4 1
707 ORDER 549 29 9 13 38 2
708 ORDER 550 37 3 1 11 0
709 ORDER 551 39 21 30 37 0
710 ORDER 552 37 8 2 13 0
711 CANCEL 409
712 ORDER 553 36 17 11 38 0
713 ORDER 554 13 8 3 12 0
714 ORDER 555 43 5 1 22 1
715 ORDER 556 40 3 3 36 0
717 ORDER 557 42 5 47 37 1
718 ORDER 558 20 33 1 30 0
719 ORDER 559 33 8 3 20 0
720 ORDER 560 27 29 42 38 2
721 ORDER 561 27 26 1 17 0
722 ORDER 562 8 8 38 38 0
723 CANCEL 467
723 ORDER 563 43 14 21 37 0
724 ORDER 564 21 27 1 29 0
725 ORDER 565 29 26 1 24 1
726 ORDER 566 36 32 2 17 1
727 ORDER 567 19 29 1 8 2
729 ORDER 568 43 17 2 11 0
730 ORDER 569 41 11 3 16 1
731 ORDER 570 6 21 6 37 1
732 ORDER 571 19 20 3 38 0
733 ORDER 572 26 29 8 37 2
734 ORDER 573 24 11 1 8 0
735 ORDER 574 13 33 1 32 0
737 ORDER 575 38 27 14 37 1
738 ORDER 576 36 14 2 26 0
739 ORDER 577 7 24 24 37 0
740 ORDER 578 20 11 3 31 1
741 ORDER 579 16 32 13 38 0
743 ORDER 580 10 35 22 38 0
745 ORDER 581 12 6 16 37 1
746 ORDER 582 8 29 3 32 0
747 ORDER 583 30 5 37 37 2
748 ORDER 584 37 6 2 29 0
749 ORDER 585 21 33 2 17 0
750 ORDER 586 9 27 1 15 0
751 ORDER 587 38 35 3 28 0
753 CANCEL 478
753 ORDER 588 6 3 31 38 0
754 ORDER 589 29 3 20 38 3
755 ORDER 590 19 17 3 3 1
756 ORDER 591 6 7 2 38 1
757 ORDER 592 8 11 3 26 0
759 ORDER 593 41 6 14 37 2
760 ORDER 594 9 17 2 24 1
761 ORDER 595 42 35 2 11 0
762 ORDER 596 40 20 38 37 1
763 ORDER 597 7 32 39 37 0
764 ORDER 598 40 32 15 38 2
765 ORDER 599 45 33 1 21 0
766 ORDER 600 23 18 11 38 0
767 ORDER 601 38 23 3 25 1
768 ORDER 602 9 14 2 1 0
769 ORDER 603 34 26 2 22 1
770 ORDER 604 28 23 1 29 0
771 ORDER 605 34 8 3 16 0
773 ORDER 606 11 24 43 38 1
774 ORDER 607 10 21 13 37 1
775 ORDER 608 19 26 3 19 0
776 ORDER 609 39 20 27 37 0
777 ORDER 610 7 20 9 38 0
778 ORDER 611 36 29 3 36 0
779 ORDER 612 26 15 3 12 0
780 ORDER 613 27 26 1 12 0
781 UNBLOCK 30 9
781 ORDER 614 13 33 3 33 1
782 ORDER 615 16 17 1 1 1
783 ORDER 616 11 14 3 2 0
785 UNBLOCK 36 20
787 ORDER 617 45 17 1 38 3
788 ORDER 618 31 8 3 19 1
789 ORDER 619 11 35 9 37 1
790 ORDER 620 31 27 28 37 1
791 ORDER 621 8 26 3 17 0
792 ORDER 622 44 8 17 37 0
793 ORDER 623 11 24 3 5 0
794 ORDER 624 33 35 2 19 2
795 ORDER 625 45 30 43 38 2
796 ORDER 626 40 23 33 38 1
798 ORDER 627 24 9 3 35 1
799 ORDER 628 10 3 2 5 0
800 ORDER 629 14 18 14 37 0
802 ORDER 630 33 6 37 37 0
803 ORDER 631 41 33 15 38 2
804 ORDER 632 29 33 21 37 3
805 ORDER 633 7 14 3 5 1
806 ORDER 634 33 33 3 33 1
807 ORDER 635 16 8 1 37 0
808 ORDER 636 11 11 25 37 1
809 ORDER 637 31 3 36 37 0
810 ORDER 638 38 20 43 38 0
811 ORDER 639 22 6 34 37 3
812 BLOCK 32 17
813 ORDER 640 32 29 3 9 1
814 ORDER 641 29 3 2 33 0
815 ORDER 642 23 20 43 38 2
816 ORDER 643 12 24 3 17 0
817 ORDER 644 25 3 21 38 1
818 ORDER 645 36 3 7 37 0
819 ORDER 646 43 21 38 38 2
821 ORDER 647 25 20 29 38 0
822 CANCEL 534
822 ORDER 648 30 21 2 26 0
823 ORDER 649 35 20 38 37 0
824 ORDER 650 11 15 3 22 2
825 ORDER 651 39 27 23 37 0
826 ORDER 652 30 29 2 10 0
828 ORDER 653 7 12 1 19 0
829 ORDER 654 7 14 1 4 0
830 ORDER 655 28 8 41 37 0
831 ORDER 656 25 9 14 37 2
832 ORDER 657 37 33 2 14 2
833 ORDER 658 41 9 1 9 0
834 ORDER 659 7 12 22 38 1
835 ORDER 660 18 6 48 37 0
836 ORDER 661 42 32 43 37 0
837 ORDER 662 40 27 25 38 1
838 ORDER 663 13 23 35 37 0
839 ORDER 664 35 35 2 5 0
840 ORDER 665 19 33 1 2 2
841 ORDER 666 45 18 42 38 1
842 ORDER 667 34 14 1 30 1
843 ORDER 668 21 6 41 38 0
844 ORDER 669 19 9 3 35 0
845 ORDER 670 13 35 11 37 1
846 ORDER 671 10 8 3 37 0
846 BLOCK 21 30
847 ORDER 672 11 35 3 32 0
849 ORDER 673 28 33 39 37 1
850 ORDER 674 42 5 12 37 0
851 ORDER 675 29 5 3 29 0
852 ORDER 676 17 14 45 37 0
853 ORDER 677 14 27 1 4 0
854 ORDER 678 8 21 1 38 1
856 ORDER 679 21 24 3 32 1
857 ORDER 680 26 26 32 38 0
858 ORDER 681 36 15 1 11 0
859 CANCEL 576
859 ORDER 682 20 33 2 27 3
860 ORDER 683 38 23 1 37 3
861 ORDER 684 36 3 2 1 0
862 ORDER 685 32 30 2 5 0
863 ORDER 686 11 15 24 37 2
864 ORDER 687 43 14 1 28 1
865 ORDER 688 27 33 28 37 1
866 ORDER 689 6 3 2 33 0
867 ORDER 690 43 8 1 8 1
868 ORDER 691 33 8 3 26 0
869 ORDER 692 17 32 1 8 2
870 UNBLOCK 32 17
870 ORDER 693 36 9 1 3 0
872 ORDER 694 8 30 15 37 0
873 ORDER 695 43 8 2 36 0
874 ORDER 696 36 20 24 37 0
875 ORDER 697 13 29 10 38 0
876 ORDER 698 6 21 2 7 1
877 ORDER 699 18 6 39 37 0
878 ORDER 700 16 30 1 36 1
879 ORDER 701 27 21 9 38 3
880 ORDER 702 37 29 31 37 0
881 ORDER 703 21 26 1 8 0
885 ORDER 704 17 26 1 10 1
886 ORDER 705 42 5 3 30 2
887 CANCEL 649
888 ORDER 706 19 11 1 21 0
889 ORDER 707 21 5 19 37 0
890 ORDER 708 43 20 1 13 0
891 ORDER 709 42 30 35 38 0
892 ORDER 710 27 9 1 20 1
894 ORDER 711 11 35 2 4 1
895 ORDER 712 8 29 18 37 0
896 ORDER 713 17 11 47 38 0
897 ORDER 714 36 24 41 38 0
898 ORDER 715 35 15 2 35 0
899 ORDER 716 40 6 48 37 0
900 ORDER 717 11 27 33 38 0
902 ORDER 718 44 35 33 38 0
904 CANCEL 621
905 ORDER 719 36 14 3 19 3
906 ORDER 720 10 24 3 32 0
907 ORDER 721 32 3 23 37 0
908 ORDER 722 23 32 2 12 1
909 ORDER 723 9 21 34 37 0
910 ORDER 724 7 23 2 7 1
911 UNBLOCK 21 30
911 ORDER 725 9 29 1 26 0
912 ORDER 726 30 29 21 37 0
913 ORDER 727 36 28 2 38 0
914 ORDER 728 36 11 24 38 0
915 ORDER 729 33 33 11 37 1
916 ORDER 730 31 23 35 38 1
917 ORDER 731 11 12 34 38 0
918 ORDER 732 32 3 2 31 0
920 ORDER 733 37 35 2 31 0
921 ORDER 734 10 14 12 37 1
922 ORDER 735 45 12 10 38 0
923 CANCEL 100735
924 ORDER 736 8 18 3 21 0
925 ORDER 737 22 3 17 38 0
926 ORDER 738 41 12 41 37 0
927 ORDER 739 18 18 3 26 0
928 ORDER 740 20 5 44 37 0
929 ORDER 741 27 14 46 37 0
930 ORDER 742 8 15 1 10 0
932 ORDER 743 24 12 2 17 1
933 ORDER 744 15 14 3 33 2
933 BLOCK 28 3
934 ORDER 745 41 5 46 37 0
935 ORDER 746 7 17 45 38 0
936 ORDER 747 42 33 2 25 0
937 ORDER 748 6 6 44 37 2
938 ORDER 749 27 23 1 26 0
938 BLOCK 33 5
939 ORDER 750 21 27 1 23 0
941 ORDER 751 38 6 19 38 1
943 ORDER 752 12 21 3 2 0
945 ORDER 753 23 18 18 37 1
947 ORDER 754 8 15 1 21 0
950 ORDER 755 16 30 3 37 0
951 ORDER 756 9 27 18 37 0
952 ORDER 757 21 3 3 5 0
953 ORDER 758 32 5 3 9 0
953 BLOCK 34 36
954 ORDER 759 13 35 1 34 0
955 ORDER 760 39 27 2 28 0
956 ORDER 761 13 3 9 38 0
957 ORDER 762 43 6 16 38 0
958 ORDER 763 19 17 2 9 0
959 ORDER 764 36 27 7 37 1
961 ORDER 765 21 29 19 38 1
962 ORDER 766 41 24 1 3 0
963 ORDER 767 7 18 2 23 1
964 ORDER 768 12 32 2 14 0
965 UNBLOCK 28 3
966 ORDER 769 41 3 36 37 0
968 ORDER 770 7 35 10 38 1
969 ORDER 771 40 11 15 38 0
970 ORDER 772 45 9 12 38 0
971 ORDER 773 17 6 31 37 0
972 ORDER 774 25 12 39 37 0
973 ORDER 775 31 5 3 33 0
974 ORDER 776 30 23 40 37 0
975 ORDER 777 22 15 16 38 1
978 ORDER 778 18 5 3 7 0
979 ORDER 779 24 9 2 13 0
980 ORDER 780 41 14 2 38 0
982 ORDER 781 20 11 12 37 0
983 ORDER 782 19 27 15 38 0
984 CANCEL 747
984 ORDER 783 25 5 3 14 0
985 ORDER 784 19 23 26 38 0
986 ORDER 785 34 20 3 22 1
987 ORDER 786 18 14 2 25 1
987 BLOCK 32 35
988 ORDER 787 19 12 36 38 1
989 ORDER 788 37 3 2 3 0
990 ORDER 789 26 8 1 32 0
991 ORDER 790 10 5 2 2 2
992 ORDER 791 14 11 14 38 1
993 ORDER 792 20 29 22 37 0
994 ORDER 793 30 26 48 38 1
995 ORDER 794 42 23 3 25 0
997 ORDER 795 34 26 20 38 2
998 ORDER 796 27 17 4 38 0
1000 CANCEL 749
1000 ORDER 797 16 15 2 31 0
1002 ORDER 798 8 18 1 17 1
1003 ORDER 799 42 15 14 38 0
1004 ORDER 800 37 5 3 3 0
1005 ORDER 801 10 23 2 9 1
1007 ORDER 802 17 23 3 31 0
1009 ORDER 803 41 12 27 38 0
1010 ORDER 804 13 6 1 1 0
1011 ORDER 805 18 24 1 30 0
1015 ORDER 806 42 14 2 9 0
1016 ORDER 807 33 17 6 38 1
1017 ORDER 808 21 29 3 19 0
1018 ORDER 809 29 20 4 37 0
1019 ORDER 810 20 35 26 37 3
1022 ORDER 811 12 35 12 37 3
1023 ORDER 812 16 23 12 37 0
1024 ORDER 813 14 18 1 11 2
1026 CANCEL 671
1026 UNBLOCK 33 5
1027 ORDER 814 27 29 2 18 0
1028 ORDER 815 14 14 20 38 1
1029 ORDER 816 16 18 2 26 2
1032 ORDER 817 15 9 2 8 0
1033 ORDER 818 17 26 3 7 0
1034 ORDER 819 17 5 20 38 2
1035 ORDER 820 17 35 25 37 2
1036 ORDER 821 13 6 2 24 1
1037 ORDER 822 6 24 39 38 1
1038 ORDER 823 29 33 45 38 1
1039 ORDER 824 16 5 3 23 0
1040 ORDER 825 11 8 3 15 1
1040 BLOCK 6 33
1042 ORDER 826 37 17 26 38 0
1043 ORDER 827 10 28 1 29 1
1044 CANCEL 817
1045 ORDER 828 44 21 1 12 0
1046 ORDER 829 36 12 2 16 1
1047 UNBLOCK 32 35
1047 ORDER 830 30 30 27 38 0
1048 ORDER 831 21 11 3 6 0
1049 ORDER 832 15 14 30 38 0
1050 BLOCK 42 37
1051 ORDER 833 37 5 1 28 1
1052 ORDER 834 44 23 2 12 0
1053 ORDER 835 9 35 28 38 1
1055 ORDER 836 27 18 42 38 0
1056 ORDER 837 20 5 21 37 0
1057 ORDER 838 11 9 7 38 0
1058 ORDER 839 39 21 26 38 2
1059 ORDER 840 44 35 28 37 0
1060 ORDER 841 32 21 39 38 1
1061 ORDER 842 26 26 30 38 1
1062 ORDER 843 6 14 40 37 0
1063 ORDER 844 25 13 18 37 0
1064 UNBLOCK 34 36
1064 ORDER 845 15 9 1 4 0
1067 ORDER 846 40 3 1 19 0
1068 ORDER 847 38 20 3 24 0
1069 ORDER 848 32 11 1 29 2
1070 ORDER 849 10 33 44 38 0
1071 ORDER 850 42 29 2 31 0
1073 ORDER 851 20 21 3 19 0
1076 ORDER 852 21 6 1 1 0
1077 ORDER 853 33 17 9 37 3
1078 ORDER 854 19 14 8 37 0
1079 ORDER 855 6 15 4 37 0
1080 ORDER 856 43 33 47 37 1
1080 BLOCK 10 23
1081 ORDER 857 10 29 2 25 1
1082 ORDER 858 10 30 26 37 0
1083 UNBLOCK 6 33
1083 ORDER 859 27 12 20 37 0
1084 ORDER 860 11 20 1 37 0
1086 ORDER 861 32 23 12 38 0
1088 ORDER 862 36 3 48 38 0
1089 ORDER 863 37 24 2 36 0
1090 ORDER 864 25 9 32 37 1
1092 ORDER 865 30 17 3 11 0
1093 ORDER 866 26 17 11 37 1
1094 ORDER 867 44 33 17 37 1
1095 ORDER 868 26 11 2 20 0
1096 ORDER 869 20 33 14 37 0
1098 ORDER 870 31 27 2 9 0
1099 ORDER 871 9 32 2 14 0
1100 ORDER 872 19 25 23 38 0
1101 ORDER 873 44 18 2 7 1
1102 ORDER 874 45 14 1 25 2
1104 ORDER 875 35 11 35 38 0
1105 ORDER 876 9 23 30 37 0
1106 ORDER 877 17 18 6 38 0
1108 ORDER 878 14 24 3 1 0
1109 ORDER 879 28 35 48 37 0
1110 ORDER 880 13 8 46 38 1
1111 ORDER 881 10 18 2 5 1
1112 ORDER 882 29 17 2 16 0
1113 ORDER 883 45 11 3 33 0
1114 ORDER 884 16 15 27 38 0
1115 ORDER 885 13 3 16 38 1
1116 ORDER 886 31 27 2 11 3
1118 ORDER 887 43 20 18 38 0
1119 ORDER 888 28 35 3 9 1
1120 ORDER 889 21 32 18 38 0
1121 CANCEL 868
1121 ORDER 890 9 9 3 34 0
1122 ORDER 891 45 12 43 37 1
1123 ORDER 892 29 24 30 37 0
1124 ORDER 893 10 18 1 3 0
1125 ORDER 894 27 18 11 37 0
1128 ORDER 895 37 6 2 34 0
1129 ORDER 896 17 15 1 14 1
1130 ORDER 897 26 11 45 37 1
1131 ORDER 898 18 17 11 37 0
1132 ORDER 899 41 7 39 37 0
1133 ORDER 900 27 26 2 1 0
1135 ORDER 901 15 9 2 35 0
1136 ORDER 902 26 9 39 38 1
1139 ORDER 903 28 29 30 38 1
1139 BLOCK 45 2
1140 ORDER 904 32 8 1 13 0
1141 ORDER 905 29 9 17 38 0
1142 ORDER 906 41 27 3 6 0
1143 ORDER 907 7 6 47 37 1
1144 ORDER 908 30 14 3 2 0
1145 ORDER 909 39 18 41 37 0
1146 ORDER 910 16 21 38 38 0
1147 ORDER 911 34 6 35 37 0
1148 ORDER 912 40 32 44 38 3
1149 ORDER 913 43 33 2 6 0
1150 ORDER 914 10 32 3 20 0
1151 ORDER 915 32 3 1 36 0
1152 ORDER 916 45 15 1 19 0
1154 ORDER 917 45 33 2 24 0
1154 BLOCK 40 37
1155 UNBLOCK 42 37
1155 UNBLOCK 10 23
1155 ORDER 918 39 23 25 38 0
1156 ORDER 919 26 17 47 37 1
1157 ORDER 920 41 23 18 37 0
1159 ORDER 921 9 11 2 13 0
1160 ORDER 922 21 6 3 17 1
1161 ORDER 923 27 21 20 37 0
1162 ORDER 924 26 5 2 32 1
1163 ORDER 925 10 8 3 27 0
1163 BLOCK 41 14
1164 ORDER 926 12 8 1 30 1
1165 ORDER 927 40 23 32 37 1
1167 ORDER 928 34 12 29 38 0
1168 ORDER 929 45 17 1 31 0
1169 ORDER 930 17 9 26 37 2
1170 ORDER 931 17 30 3 16 1
1172 ORDER 932 11 33 41 38 1
1173 ORDER 933 13 21 3 37 0
1175 ORDER 934 9 12 18 37 3
1176 ORDER 935 12 26 2 16 0
1178 ORDER 936 45 32 3 2 0
1179 ORDER 937 25 15 42 38 0
1180 ORDER 938 16 33 21 38 0
1181 ORDER 939 15 11 2 19 0
1182 ORDER 940 8 12 3 23 0
1183 ORDER 941 18 29 3 9 2
1185 ORDER 942 29 29 43 38 0
1186 ORDER 943 31 6 14 38 2
1187 ORDER 944 16 33 2 25 0
1188 ORDER 945 20 24 2 12 1
1189 ORDER 946 22 30 2 7 0
1190 ORDER 947 38 15 1 18 0
1191 ORDER 948 38 33 48 37 0
1192 ORDER 949 44 35 24 37 1
1193 ORDER 950 36 9 2 31 0
1195 ORDER 951 12 24 8 38 0
1196 ORDER 952 43 8 3 21 0
1197 ORDER 953 29 6 1 23 0
1198 ORDER 954 36 15 18 37 1
1199 ORDER 955 16 12 3 26 0
1200 CANCEL 895
1200 UNBLOCK 40 37
1200 ORDER 956 29 35 1 21 0
1201 UNBLOCK 45 2
1201 ORDER 957 21 15 2 9 1
1202 ORDER 958 10 33 43 37 0
1203 ORDER 959 8 8 1 26 1
1204 ORDER 960 21 29 3 33 0
1205 ORDER 961 22 29 1 18 1
1206 ORDER 962 39 30 3 6 0
1207 ORDER 963 25 33 2 21 0
1208 ORDER 964 38 32 3 37 0
1209 ORDER 965 21 27 3 21 0
1210 ORDER 966 6 17 40 38 0
1211 ORDER 967 44 14 29 37 1
1212 ORDER 968 8 3 2 22 0
1213 ORDER 969 39 18 23 37 0
1214 ORDER 970 11 17 3 1 3
1216 ORDER 971 6 17 3 12 0
1217 ORDER 972 22 26 2 8 1
1219 ORDER 973 24 9 1 18 0
1220 ORDER 974 29 35 3 21 2
1221 ORDER 975 9 3 3 36 0
1223 ORDER 976 29 6 8 38 1
1225 ORDER 977 32 20 1 16 0
1226 ORDER 978 8 20 2 28 1
1227 ORDER 979 26 32 1 14 2
1228 ORDER 980 45 30 2 4 0
1229 ORDER 981 42 35 1 37 2
1229 BLOCK 38 29
1230 ORDER 982 28 27 2 31 1
1231 ORDER 983 16 15 2 23 3
1232 ORDER 984 21 3 1 6 1
1233 ORDER 985 14 24 2 21 0
1234 ORDER 986 21 15 2 32 0
1235 ORDER 987 20 35 12 37 1
1236 ORDER 988 42 26 3 19 1
1237 ORDER 989 30 27 48 37 1
1239 ORDER 990 43 26 22 38 0
1240 ORDER 991 25 11 2 19 0
1241 ORDER 992 20 8 3 7 1
1242 ORDER 993 18 23 3 15 0
1243 ORDER 994 7 12 10 37 1
1245 ORDER 995 37 24 42 38 0
1245 BLOCK 22 2
1246 ORDER 996 21 3 24 38 1
1247 ORDER 997 36 32 1 33 0
1248 ORDER 998 25 9 31 38 0
1249 ORDER 999 11 23 26 37 2
1251 ORDER 1000 30 3 3 27 0
1252 ORDER 1001 16 23 1 8 0
1254 UNBLOCK 41 14
1254 ORDER 1002 36 11 25 38 2
1255 ORDER 1003 18 6 2 5 0
1257 ORDER 1004 35 14 3 15 0
1258 ORDER 1005 43 35 1 30 1
1259 ORDER 1006 23 30 1 27 0
1260 ORDER 1007 9 8 6 38 1
1261 UNBLOCK 38 29
1263 ORDER 1008 25 24 1 27 0
1265 ORDER 1009 39 32 42 38 2
1268 CANCEL 932
1268 ORDER 1010 28 18 2 36 1
1270 ORDER 1011 45 29 28 37 2
1271 ORDER 1012 16 6 29 38 0
1272 ORDER 1013 21 14 40 37 0
1273 ORDER 1014 35 14 3 8 0
1274 ORDER 1015 29 26 11 38 0
1275 ORDER 1016 36 12 3 7 0
1276 ORDER 1017 12 15 2 36 0
1277 ORDER 1018 29 35 28 38 0
1278 ORDER 1019 36 3 1 16 0
1279 ORDER 1020 35 11 1 37 1
1281 ORDER 1021 29 12 2 1 0
1283 ORDER 1022 43 9 14 38 0
1284 ORDER 1023 35 33 2 1 1
1285 ORDER 1024 23 20 1 19 0
1286 ORDER 1025 30 26 1 18 2
1287 ORDER 1026 11 11 19 37 1
1289 ORDER 1027 34 20 1 32 0
1290 ORDER 1028 27 17 3 32 0
1291 ORDER 1029 13 30 1 5 0
1292 ORDER 1030 33 24 11 37 1
1294 ORDER 1031 36 26 3 25 0
1295 ORDER 1032 27 6 1 9 1
1296 ORDER 1033 36 35 15 37 1
1297 ORDER 1034 35 27 3 28 0
1298 ORDER 1035 41 14 3 38 1
1299 ORDER 1036 6 22 29 38 0
1300 ORDER 1037 6 29 2 14 0
1301 ORDER 1038 34 8 3 18 2
1302 ORDER 1039 38 35 2 4 0
1303 ORDER 1040 20 9 21 37 0
1304 ORDER 1041 25 27 2 2 0
1305 ORDER 1042 16 18 2 8 0
1306 ORDER 1043 12 15 2 37 1
1307 ORDER 1044 15 14 31 38 1
1308 ORDER 1045 20 3 39 37 0
1309 ORDER 1046 11 29 2 26 1
1310 ORDER 1047 9 32 12 37 2
1312 ORDER 1048 42 33 1 19 0
1313 ORDER 1049 7 17 13 38 0
1314 ORDER 1050 39 6 1 29 0
1315 ORDER 1051 6 14 1 5 1
1316 ORDER 1052 19 6 36 37 0
1318 ORDER 1053 20 12 2 25 1
1319 ORDER 1054 11 35 29 38 0
1321 ORDER 1055 20 14 1 17 0
1322 ORDER 1056 43 21 2 17 0
1323 ORDER 1057 41 3 3 1 1
1324 ORDER 1058 13 35 1 28 0
1325 ORDER 1059 26 15 2 12 0
1326 ORDER 1060 16 30 8 37 0
1327 UNBLOCK 22 2
1327 ORDER 1061 30 5 1 35 1
1328 ORDER 1062 27 29 39 38 1
1329 ORDER 1063 37 29 3 8 1
1330 ORDER 1064 8 26 2 12 1
1330 BLOCK 29 21
1332 ORDER 1065 36 29 3 21 0
1333 ORDER 1066 33 9 1 4 2
1335 ORDER 1067 38 23 2 13 0
1337 ORDER 1068 11 20 2 28 0
1338 ORDER 1069 30 32 48 37 1
1339 ORDER 1070 29 21 12 38 0
1340 ORDER 1071 35 27 38 37 0
1340 BLOCK 5 1
1341 CANCEL 914
1341 ORDER 1072 13 5 1 6 1
1342 ORDER 1073 38 24 2 26 0
1343 ORDER 1074 28 29 2 30 0
1345 ORDER 1075 27 6 29 37 1
1348 ORDER 1076 13 32 1 21 0
1349 ORDER 1077 22 30 3 36 0
1351 ORDER 1078 10 5 17 37 0
1352 ORDER 1079 11 33 2 19 0
1355 ORDER 1080 33 33 2 27 0
1356 ORDER 1081 29 21 43 37 0
1358 ORDER 1082 38 15 33 37 0
1359 ORDER 1083 43 5 29 37 1
1360 ORDER 1084 36 26 3 21 1
1361 ORDER 1085 28 26 1 32 0
1363 ORDER 1086 21 30 2 9 0
1364 ORDER 1087 37 30 1 37 0
1365 ORDER 1088 17 29 1 17 3
1366 ORDER 1089 36 23 45 37 3
1367 ORDER 1090 20 6 46 38 0
1369 ORDER 1091 40 5 12 38 2
1370 ORDER 1092 13 5 31 37 0
1371 ORDER 1093 37 32 2 10 0
1373 ORDER 1094 27 8 2 14 0
1375 ORDER 1095 21 9 37 38 0
1376 ORDER 1096 45 9 1 28 0
1377 ORDER 1097 38 20 44 37 0
1379 ORDER 1098 20 20 22 38 1
1381 CANCEL 1075
1381 ORDER 1099 38 15 3 14 1
1384 ORDER 1100 21 27 24 38 1
1385 ORDER 1101 26 6 6 37 0
1386 ORDER 1102 29 5 1 21 0
1387 ORDER 1103 27 26 1 15 0
1388 ORDER 1104 6 26 1 33 0
1389 ORDER 1105 42 14 45 38 0
1390 ORDER 1106 20 18 25 37 2
1391 ORDER 1107 38 6 3 37 1
1392 ORDER 1108 22 23 20 38 0
1393 ORDER 1109 40 23 8 38 3
1394 ORDER 1110 45 29 6 37 1
1395 ORDER 1111 7 5 2 5 1
1396 ORDER 1112 21 24 40 37 0
1397 ORDER 1113 29 14 40 37 0
1400 ORDER 1114 42 8 31 37 0
1401 CANCEL 1090
1401 ORDER 1115 30 24 1 23 1
1402 ORDER 1116 41 5 3 11 0
1403 ORDER 1117 7 19 4 38 0
1404 ORDER 1118 39 4 25 38 1
1407 ORDER 1119 27 32 1 11 0
1408 ORDER 1120 19 8 27 38 0
1409 ORDER 1121 7 21 1 36 0
1410 ORDER 1122 22 3 3 27 0
1411 ORDER 1123 23 20 26 37 2
1412 ORDER 1124 28 29 3 2 0
1413 ORDER 1125 18 18 3 5 0
1414 ORDER 1126 35 26 2 14 1
1415 UNBLOCK 29 21
1415 ORDER 1127 44 33 2 37 0
1416 ORDER 1128 15 12 2 31 0
1417 ORDER 1129 43 6 6 37 1
1418 ORDER 1130 22 3 28 38 0
1419 ORDER 1131 30 12 1 18 2
1420 ORDER 1132 13 23 3 11 1
1421 ORDER 1133 11 14 3 6 0
1422 ORDER 1134 27 12 2 33 1
1423 ORDER 1135 15 12 3 18 0
1424 ORDER 1136 8 15 47 38 0
1425 ORDER 1137 41 24 6 37 2
1425 BLOCK 5 14
1426 ORDER 1138 12 35 3 5 0
1427 ORDER 1139 35 26 1 30 2
1428 UNBLOCK 5 1
1428 CANCEL 1117
1428 ORDER 1140 28 21 1 5 0
1428 BLOCK 11 5
1429 ORDER 1141 8 29 2 15 0
1430 ORDER 1142 26 8 27 37 1
1431 ORDER 1143 37 5 3 31 0
1431 BLOCK 23 6
1432 ORDER 1144 33 20 3 17 1
1434 ORDER 1145 9 32 1 13 1
1435 ORDER 1146 39 30 25 38 0
1436 ORDER 1147 21 14 10 38 0
1437 ORDER 1148 22 17 1 26 0
1438 ORDER 1149 9 17 30 38 0
1439 ORDER 1150 31 6 10 37 0
1440 ORDER 1151 19 26 1 5 0
1441 ORDER 1152 8 11 34 38 2
1444 ORDER 1153 16 21 3 2 1
1445 ORDER 1154 38 27 31 37 0
1446 ORDER 1155 27 17 40 38 3
1447 ORDER 1156 20 33 2 31 0
1448 ORDER 1157 29 33 1 19 2
1449 ORDER 1158 29 17 3 27 1
1451 ORDER 1159 38 30 3 25 0
1454 ORDER 1160 41 9 28 38 3
1455 ORDER 1161 28 29 2 34 0
1456 ORDER 1162 14 26 23 37 0
1457 ORDER 1163 33 24 1 28 0
1458 ORDER 1164 22 15 13 38 0
1460 ORDER 1165 6 3 1 22 1
1461 ORDER 1166 16 35 2 24 0
1463 ORDER 1167 17 14 3 37 0
1464 ORDER 1168 11 15 3 19 0
1465 ORDER 1169 30 12 19 37 0
1468 ORDER 1170 17 26 47 38 0
1469 CANCEL 1093
1469 ORDER 1171 29 30 26 37 1
1470 ORDER 1172 35 11 15 37 0
1471 ORDER 1173 19 30 2 27 0
1473 UNBLOCK 23 6
1473 ORDER 1174 10 35 21 38 0
1474 ORDER 1175 41 14 3 18 1
1475 ORDER 1176 9 29 19 38 1
1476 UNBLOCK 5 14
1476 ORDER 1177 19 18 1 4 0
1477 ORDER 1178 36 9 37 38 0
1478 ORDER 1179 13 15 27 37 0
1479 ORDER 1180 19 5 27 38 0
1482 ORDER 1181 33 24 8 38 0
1483 ORDER 1182 10 14 3 3 0
1484 ORDER 1183 41 35 1 21 0
1486 ORDER 1184 41 29 37 37 3
1487 CANCEL 1086
1487 ORDER 1185 17 3 1 30 1
1488 UNBLOCK 11 5
1488 ORDER 1186 9 24 1 30 0
1489 ORDER 1187 15 20 16 38 0
1490 ORDER 1188 11 32 2 14 0
1492 ORDER 1189 29 14 38 38 0
1493 ORDER 1190 20 23 2 15 0
1494 ORDER 1191 24 21 3 9 1
1495 ORDER 1192 36 29 2 26 2
1496 ORDER 1193 41 11 24 38 0
1497 ORDER 1194 23 32 3 6 1
1498 ORDER 1195 28 5 6 37 1
