50 37 1500
##################################################
#.....C.........C.........C.........C............#
#................................................#
#................................................#
#.....#######..#######..#########..######..###...#
#................................................#
#................................................#
#.....#######..#########..########..#######..#...#
#................................................#
#................................................#
#.....########..#######..########..########..#...#
#................................................#
#................................................#
#.....######..########..#######..########..###...#
#................................................#
#................................................#
#.....#######..#########..#######..########..#...#
#................................................#
#................................................#
#.....######..########..########..########..##...#
#................................................#
#................................................#
#.....#######..#########..#########..#######.....#
#................................................#
#................................................#
#.....########..########..######..########..##...#
#................................................#
#................................................#
#.....######..######..########..#######..#####...#
#................................................#
#................................................#
#.....######..#########..#########..#######..#...#
#................................................#
#................................................#
#................................................#
#................................................#
##################################################
PARAMS 696 34 174 30 50 3
ROBOTS 30
22 24
17 11
48 30
45 17
37 30
47 6
46 4
12 17
17 5
44 24
35 33
4 21
36 32
44 26
28 6
4 19
26 6
48 33
2 9
41 4
39 28
22 17
48 13
14 23
43 6
5 22
4 32
40 34
14 7
30 33
EVENTS 2686
0 ORDER 1 31 11 14 34 1
0 ORDER 2 7 23 24 35 1
1 ORDER 3 15 18 40 34 0
1 ORDER 4 30 8 2 27 0
2 ORDER 5 27 24 29 35 2
3 ORDER 6 24 29 12 34 1
3 ORDER 7 17 17 3 5 0
4 ORDER 8 37 24 11 35 0
4 ORDER 9 18 23 12 34 3
5 ORDER 10 21 18 45 34 0
5 ORDER 11 21 14 16 34 0
6 ORDER 12 36 8 32 35 0
6 ORDER 13 30 11 43 35 2
7 ORDER 14 15 12 17 34 1
7 ORDER 15 42 11 1 12 0
8 ORDER 16 37 8 21 34 0
9 ORDER 17 12 9 2 15 1
9 ORDER 18 26 21 29 35 0
10 ORDER 19 40 9 3 28 0
10 ORDER 20 24 14 1 28 0
11 ORDER 21 6 5 3 7 0
11 ORDER 22 40 5 1 4 1
12 ORDER 23 35 12 3 10 3
12 ORDER 24 18 18 41 35 3
13 ORDER 25 40 23 20 34 0
13 ORDER 26 20 14 2 14 2
14 ORDER 27 23 29 18 35 3
15 ORDER 28 18 14 2 25 3
16 ORDER 29 36 20 30 34 0
17 ORDER 30 34 29 2 17 1
17 ORDER 31 12 24 3 11 0
18 ORDER 32 10 23 3 24 0
18 ORDER 33 36 14 41 35 0
19 ORDER 34 26 11 22 34 1
19 ORDER 35 23 21 5 34 1
20 ORDER 36 26 17 15 35 0
20 ORDER 37 12 5 23 35 0
21 ORDER 38 39 30 3 23 1
22 ORDER 39 10 26 1 11 2
22 ORDER 40 7 30 42 34 2
23 ORDER 41 35 14 2 23 1
23 ORDER 42 38 15 25 34 0
24 ORDER 43 45 6 3 11 1
25 ORDER 44 11 8 2 26 0
25 ORDER 45 36 32 40 34 0
26 ORDER 46 18 12 27 34 0
26 ORDER 47 8 30 10 34 1
27 ORDER 48 30 11 1 10 2
28 ORDER 49 35 26 18 34 3
28 ORDER 50 18 12 2 21 0
29 ORDER 51 18 11 35 34 0
29 ORDER 52 18 5 3 7 1
30 ORDER 53 30 23 1 34 0
30 ORDER 54 30 15 1 22 0
31 ORDER 55 29 18 23 34 0
32 ORDER 56 37 12 7 35 1
32 ORDER 57 7 20 47 35 0
33 ORDER 58 24 14 3 9 0
34 ORDER 59 35 9 2 18 1
35 ORDER 60 33 32 2 30 2
36 ORDER 61 37 14 26 34 1
36 ORDER 62 43 5 1 32 2
37 ORDER 63 31 17 3 6 0
38 ORDER 64 21 14 12 34 0
38 ORDER 65 8 6 2 9 0
39 ORDER 66 41 23 2 10 0
39 ORDER 67 6 26 1 3 0
40 ORDER 68 30 11 12 35 3
40 ORDER 69 7 8 1 8 1
41 ORDER 70 44 5 3 33 0
42 ORDER 71 38 29 47 35 1
42 ORDER 72 39 21 2 32 0
43 ORDER 73 19 3 48 34 2
44 ORDER 74 38 6 18 35 0
44 ORDER 75 6 32 41 34 0
45 ORDER 76 30 32 2 9 1
45 ORDER 77 7 15 1 1 0
46 ORDER 78 8 3 11 34 0
46 ORDER 79 8 18 19 34 0
47 ORDER 80 11 9 47 35 0
48 ORDER 81 32 3 4 35 0
48 ORDER 82 31 9 2 20 0
49 ORDER 83 18 21 1 13 0
49 ORDER 84 39 11 2 6 0
50 ORDER 85 6 12 14 35 3
51 ORDER 86 10 9 12 34 1
51 ORDER 87 31 3 46 35 1
52 ORDER 88 41 29 1 15 1
52 ORDER 89 10 8 26 35 0
53 ORDER 90 19 24 3 22 0
53 ORDER 91 21 30 3 15 0
54 ORDER 92 28 20 21 35 3
54 ORDER 93 8 21 1 26 2
55 CANCEL 48
55 ORDER 94 7 32 2 31 0
55 ORDER 95 17 15 47 34 0
56 ORDER 96 20 6 13 35 1
56 ORDER 97 22 21 41 35 0
57 ORDER 98 20 26 1 23 0
57 ORDER 99 9 21 39 35 0
58 ORDER 100 29 15 20 35 0
58 ORDER 101 42 8 33 34 0
59 ORDER 102 21 9 18 34 1
59 ORDER 103 42 17 1 31 2
60 ORDER 104 10 18 3 9 2
61 ORDER 105 32 29 2 14 1
61 ORDER 106 38 23 3 29 0
62 ORDER 107 18 9 3 23 1
63 ORDER 108 30 21 39 35 2
63 ORDER 109 17 5 2 11 2
64 ORDER 110 7 29 2 14 0
65 ORDER 111 29 9 3 14 0
66 ORDER 112 20 18 21 35 0
66 ORDER 113 43 27 3 31 0
67 ORDER 114 39 11 19 34 1
68 ORDER 115 29 9 43 34 0
69 CANCEL 1
69 ORDER 116 20 5 14 35 0
69 ORDER 117 12 5 22 35 0
70 ORDER 118 14 27 2 17 0
70 ORDER 119 17 24 28 35 0
71 ORDER 120 20 9 2 13 0
72 ORDER 121 30 6 1 25 0
73 ORDER 122 29 22 1 33 0
73 ORDER 123 7 17 2 16 0
74 ORDER 124 42 9 3 17 1
74 ORDER 125 8 12 24 34 0
75 ORDER 126 43 29 3 24 0
75 ORDER 127 38 23 3 32 1
76 ORDER 128 9 30 17 35 1
77 ORDER 129 10 14 41 35 0
77 ORDER 130 18 12 31 34 1
78 ORDER 131 39 9 44 35 0
78 ORDER 132 26 12 2 19 1
79 ORDER 133 38 12 46 35 1
80 CANCEL 116
80 ORDER 134 33 27 17 34 0
81 ORDER 135 22 21 19 34 1
81 ORDER 136 37 17 3 27 0
82 ORDER 137 19 24 1 8 1
82 ORDER 138 21 32 3 27 3
83 CANCEL 86
83 ORDER 139 17 9 48 34 3
84 ORDER 140 21 15 3 18 0
85 ORDER 141 36 8 1 23 0
85 ORDER 142 6 12 10 34 1
86 ORDER 143 20 30 1 11 0
87 ORDER 144 9 24 3 32 0
87 ORDER 145 17 30 43 35 1
88 ORDER 146 21 24 5 35 0
88 ORDER 147 9 3 3 12 3
89 ORDER 148 17 14 2 10 0
89 ORDER 149 27 30 1 34 0
90 ORDER 150 39 14 14 35 1
90 ORDER 151 22 6 3 25 2
91 ORDER 152 9 24 1 5 0
91 ORDER 153 38 3 3 31 1
92 ORDER 154 10 3 1 32 1
93 ORDER 155 30 30 3 5 0
93 ORDER 156 35 26 3 16 0
94 ORDER 157 13 11 36 35 0
95 ORDER 158 19 15 48 35 2
95 ORDER 159 44 18 2 7 0
96 ORDER 160 38 29 2 15 0
97 CANCEL 4
97 ORDER 161 31 11 33 35 2
97 ORDER 162 33 32 2 33 0
98 ORDER 163 37 20 39 35 1
99 ORDER 164 6 9 2 11 2
100 ORDER 165 36 18 21 35 1
100 ORDER 166 41 27 2 34 0
101 ORDER 167 28 14 3 9 0
101 ORDER 168 28 5 6 35 0
102 CANCEL 56
102 ORDER 169 35 20 3 8 0
102 BLOCK 44 27
103 ORDER 170 37 27 48 35 0
103 ORDER 171 17 14 11 35 2
104 ORDER 172 40 9 1 15 2
105 ORDER 173 20 24 25 35 0
106 ORDER 174 18 27 2 9 0
106 ORDER 175 25 29 2 27 1
107 ORDER 176 22 8 1 29 0
107 ORDER 177 29 23 3 23 2
108 CANCEL 101
108 ORDER 178 25 12 2 1 1
108 ORDER 179 45 3 12 35 0
109 ORDER 180 44 5 16 34 1
110 ORDER 181 16 27 5 34 0
110 ORDER 182 22 21 42 34 1
111 ORDER 183 8 17 18 34 0
111 ORDER 184 28 32 21 35 0
112 ORDER 185 36 18 43 34 3
113 ORDER 186 9 3 31 35 0
114 ORDER 187 21 32 3 13 1
115 ORDER 188 36 12 19 35 0
115 ORDER 189 42 17 2 34 0
116 ORDER 190 37 24 47 35 0
116 ORDER 191 7 27 9 34 0
117 ORDER 192 28 21 29 34 0
117 ORDER 193 9 32 2 12 2
118 ORDER 194 28 27 3 4 1
119 ORDER 195 29 18 1 29 1
119 ORDER 196 18 24 14 35 0
120 ORDER 197 12 11 1 27 0
120 ORDER 198 36 9 32 35 0
121 ORDER 199 31 9 15 34 0
122 ORDER 200 17 9 45 35 1
122 ORDER 201 16 20 3 24 1
123 ORDER 202 36 20 1 16 0
123 ORDER 203 30 6 1 8 2
124 ORDER 204 37 18 1 10 0
124 ORDER 205 34 29 5 35 0
125 ORDER 206 10 32 37 35 0
125 ORDER 207 32 3 1 1 0
126 ORDER 208 26 29 3 34 1
127 ORDER 209 20 14 29 35 0
127 ORDER 210 28 29 3 33 3
128 ORDER 211 30 3 47 35 0
128 ORDER 212 45 24 37 35 0
129 ORDER 213 7 30 1 14 0
130 ORDER 214 41 30 1 21 3
130 ORDER 215 38 12 8 34 0
131 CANCEL 156
131 ORDER 216 17 30 42 35 1
131 ORDER 217 36 32 1 26 1
132 ORDER 218 6 29 1 20 0
133 ORDER 219 45 11 1 3 1
133 ORDER 220 8 14 34 35 0
134 ORDER 221 15 18 2 28 0
134 ORDER 222 29 12 36 35 0
135 ORDER 223 29 18 37 35 1
135 ORDER 224 36 14 19 34 0
136 ORDER 225 11 21 39 35 0
137 CANCEL 23
137 CANCEL 130
137 ORDER 226 38 11 46 34 1
138 ORDER 227 41 9 3 5 1
139 ORDER 228 39 21 2 5 0
139 ORDER 229 17 3 3 35 1
140 ORDER 230 11 21 28 34 0
140 ORDER 231 38 5 1 12 0
141 ORDER 232 22 23 1 13 1
142 ORDER 233 8 9 39 35 0
142 ORDER 234 44 14 2 28 0
143 ORDER 235 17 11 2 23 0
144 ORDER 236 15 29 3 13 0
145 ORDER 237 35 20 1 4 2
145 ORDER 238 26 6 17 35 0
146 ORDER 239 10 24 47 35 1
147 ORDER 240 14 18 2 18 0
147 ORDER 241 45 32 2 2 3
148 ORDER 242 7 21 42 35 0
149 ORDER 243 11 32 36 35 0
149 ORDER 244 32 5 1 7 0
150 ORDER 245 42 29 20 34 2
150 ORDER 246 11 23 3 14 2
151 ORDER 247 44 27 2 1 0
151 ORDER 248 32 5 3 32 0
152 ORDER 249 32 27 1 33 0
152 ORDER 250 41 17 2 29 0
153 ORDER 251 20 21 40 34 1
153 ORDER 252 19 29 21 34 0
154 CANCEL 30
154 ORDER 253 19 23 2 6 0
154 ORDER 254 43 3 27 34 0
155 ORDER 255 29 9 20 35 0
156 ORDER 256 26 20 2 26 1
156 ORDER 257 39 21 1 34 2
157 ORDER 258 9 5 24 35 1
157 ORDER 259 28 27 32 35 0
158 ORDER 260 45 14 3 20 0
158 ORDER 261 34 24 13 35 1
159 CANCEL 94
159 ORDER 262 11 6 36 35 1
160 ORDER 263 30 24 48 34 0
161 ORDER 264 42 15 15 34 2
162 ORDER 265 28 8 3 1 0
163 ORDER 266 11 15 35 34 1
164 ORDER 267 11 32 3 7 0
164 ORDER 268 12 15 26 35 0
165 ORDER 269 29 21 1 30 1
166 ORDER 270 25 18 42 34 0
166 BLOCK 40 26
167 ORDER 271 30 30 22 35 0
168 ORDER 272 40 11 18 34 0
168 ORDER 273 33 12 1 2 1
169 CANCEL 60
169 ORDER 274 12 5 8 34 0
169 ORDER 275 31 30 28 34 0
170 CANCEL 230
170 ORDER 276 30 14 3 6 2
171 ORDER 277 25 14 1 6 0
172 CANCEL 75
172 ORDER 278 19 15 1 2 1
173 ORDER 279 41 18 1 5 3
173 ORDER 280 41 32 37 35 0
174 ORDER 281 7 26 9 35 0
174 ORDER 282 27 23 2 19 0
175 ORDER 283 19 17 40 34 0
175 ORDER 284 16 14 2 10 0
176 ORDER 285 35 29 22 34 0
176 ORDER 286 21 11 1 30 1
177 ORDER 287 26 8 8 35 3
177 ORDER 288 41 27 3 35 0
178 ORDER 289 27 29 1 5 1
178 ORDER 290 14 14 2 35 0
179 ORDER 291 35 9 2 2 0
179 ORDER 292 17 3 47 34 0
180 ORDER 293 25 12 2 22 0
180 ORDER 294 25 18 2 16 0
181 ORDER 295 34 26 6 34 2
182 ORDER 296 37 8 3 17 1
182 ORDER 297 19 9 23 35 0
183 ORDER 298 27 3 2 24 0
184 ORDER 299 40 32 21 34 1
184 ORDER 300 10 11 24 35 2
185 ORDER 301 42 32 39 35 0
185 ORDER 302 18 3 3 12 0
186 ORDER 303 31 17 1 32 0
186 ORDER 304 44 5 33 35 0
187 CANCEL 28
187 ORDER 305 34 27 28 35 0
187 ORDER 306 25 30 11 35 0
188 CANCEL 183
188 ORDER 307 40 10 4 35 2
189 ORDER 308 38 30 2 13 0
190 ORDER 309 22 8 1 22 0
191 ORDER 310 8 26 2 34 0
191 ORDER 311 12 21 26 34 1
192 ORDER 312 32 21 2 15 0
192 ORDER 313 7 27 36 34 1
193 CANCEL 207
193 ORDER 314 29 26 1 23 0
194 ORDER 315 31 26 3 6 0
194 ORDER 316 43 12 3 16 0
195 ORDER 317 34 18 32 35 0
196 ORDER 318 43 23 34 34 1
196 ORDER 319 20 21 10 35 0
197 ORDER 320 29 5 2 11 1
197 ORDER 321 27 32 4 34 1
198 ORDER 322 17 29 1 11 2
198 ORDER 323 45 14 1 23 0
199 ORDER 324 7 9 8 34 2
200 ORDER 325 43 29 20 34 0
201 ORDER 326 19 11 3 15 0
201 ORDER 327 23 15 38 35 0
202 ORDER 328 11 30 3 31 0
202 ORDER 329 15 27 25 34 0
203 ORDER 330 6 20 24 34 0
203 ORDER 331 41 26 1 28 0
204 ORDER 332 21 32 12 34 1
204 ORDER 333 33 21 3 21 1
205 ORDER 334 6 12 1 7 3
206 ORDER 335 43 23 2 1 0
207 CANCEL 244
207 ORDER 336 40 21 2 24 1
207 ORDER 337 35 15 8 34 0
208 ORDER 338 12 6 2 17 2
208 ORDER 339 29 26 1 13 1
209 ORDER 340 23 29 43 34 0
210 ORDER 341 39 26 3 31 3
210 ORDER 342 38 3 2 3 0
211 ORDER 343 37 29 35 34 1
211 ORDER 344 8 18 36 35 1
212 ORDER 345 6 17 2 16 0
212 ORDER 346 8 23 1 30 0
213 ORDER 347 18 24 2 8 0
213 ORDER 348 15 29 18 35 0
214 ORDER 349 27 12 32 35 1
214 ORDER 350 30 26 10 35 0
215 CANCEL 173
215 CANCEL 298
215 ORDER 351 37 18 1 31 0
215 ORDER 352 41 20 23 35 1
216 CANCEL 99
216 CANCEL 192
216 ORDER 353 15 17 2 31 0
217 ORDER 354 28 8 3 17 0
217 ORDER 355 35 17 20 34 0
218 ORDER 356 31 9 1 5 0
218 ORDER 357 40 14 2 35 0
219 ORDER 358 20 23 25 34 0
220 ORDER 359 17 26 37 35 1
221 ORDER 360 18 26 2 3 0
221 ORDER 361 30 20 11 34 2
222 ORDER 362 40 23 1 31 0
222 ORDER 363 6 11 27 34 2
223 ORDER 364 18 26 3 15 0
223 ORDER 365 12 15 26 35 1
224 ORDER 366 6 24 12 34 0
225 ORDER 367 36 11 46 34 1
226 CANCEL 74
226 ORDER 368 37 9 1 12 0
227 UNBLOCK 44 27
227 ORDER 369 34 21 2 20 0
228 ORDER 370 6 21 1 20 2
228 ORDER 371 26 3 2 34 0
229 ORDER 372 26 11 3 33 0
229 BLOCK 6 14
230 ORDER 373 35 24 2 35 0
231 ORDER 374 45 9 15 35 0
232 ORDER 375 18 18 1 35 1
232 ORDER 376 19 18 3 6 1
233 ORDER 377 23 24 2 25 1
234 ORDER 378 11 26 1 35 0
234 ORDER 379 18 20 22 34 0
235 ORDER 380 38 17 24 34 0
235 ORDER 381 12 11 1 22 2
236 ORDER 382 27 26 8 35 1
236 ORDER 383 6 17 27 35 0
237 ORDER 384 37 23 1 23 0
238 ORDER 385 28 24 3 24 0
238 ORDER 386 35 3 41 34 2
239 CANCEL 159
239 ORDER 387 21 12 48 35 0
240 CANCEL 212
240 ORDER 388 45 11 2 15 1
240 ORDER 389 29 3 30 34 1
241 ORDER 390 11 17 2 25 1
242 ORDER 391 30 20 1 22 1
243 ORDER 392 32 21 24 34 1
244 UNBLOCK 40 26
244 ORDER 393 8 5 1 12 0
245 ORDER 394 45 30 2 12 2
245 ORDER 395 36 20 2 7 1
246 ORDER 396 22 11 3 19 0
247 ORDER 397 27 11 44 34 0
247 ORDER 398 45 15 32 35 0
248 ORDER 399 8 5 3 17 1
248 ORDER 400 31 24 44 34 2
249 ORDER 401 23 29 45 35 1
249 ORDER 402 23 23 3 19 1
250 ORDER 403 27 32 13 34 0
250 ORDER 404 16 3 1 18 1
251 ORDER 405 23 24 1 20 0
251 ORDER 406 42 6 1 24 0
252 ORDER 407 38 27 3 14 0
252 ORDER 408 20 11 1 19 0
253 CANCEL 233
253 ORDER 409 25 27 2 7 2
253 ORDER 410 34 26 1 8 0
254 ORDER 411 42 9 11 35 0
254 ORDER 412 43 5 24 34 0
255 CANCEL 118
255 ORDER 413 7 3 2 5 0
256 ORDER 414 23 29 3 11 1
256 ORDER 415 17 9 4 35 0
257 ORDER 416 17 27 1 30 3
257 ORDER 417 17 21 3 2 0
258 CANCEL 310
258 CANCEL 334
258 ORDER 418 20 17 1 20 2
258 ORDER 419 21 32 1 15 0
259 ORDER 420 45 27 35 35 2
259 ORDER 421 44 26 1 5 0
260 CANCEL 174
260 ORDER 422 30 17 12 34 1
260 ORDER 423 10 29 10 35 0
261 CANCEL 297
261 ORDER 424 6 6 1 13 0
261 ORDER 425 37 17 20 34 0
262 ORDER 426 12 6 46 35 0
262 ORDER 427 12 8 2 11 2
263 CANCEL 292
263 ORDER 428 45 11 41 34 1
263 ORDER 429 27 30 3 12 0
264 CANCEL 164
264 ORDER 430 38 6 32 35 0
265 CANCEL 152
265 ORDER 431 41 20 3 29 0
266 CANCEL 222
266 ORDER 432 40 8 24 34 0
267 ORDER 433 10 9 1 1 1
268 ORDER 434 41 30 2 7 1
269 CANCEL 284
269 ORDER 435 6 29 45 35 1
269 BLOCK 16 17
270 ORDER 436 33 14 3 12 0
271 ORDER 437 17 27 1 19 0
271 ORDER 438 42 17 3 18 1
272 CANCEL 390
272 ORDER 439 29 5 23 34 2
273 CANCEL 377
273 ORDER 440 39 11 37 34 1
274 ORDER 441 16 29 7 34 0
274 ORDER 442 15 29 42 34 1
275 ORDER 443 21 11 32 34 0
275 ORDER 444 33 23 2 27 1
276 CANCEL 398
276 ORDER 445 17 32 17 35 0
277 CANCEL 237
277 ORDER 446 17 11 5 34 0
278 ORDER 447 8 6 30 34 0
279 ORDER 448 45 32 3 15 1
280 ORDER 449 18 15 2 15 0
281 ORDER 450 27 18 23 34 1
281 ORDER 451 34 23 18 35 0
282 ORDER 452 38 3 13 34 3
283 ORDER 453 15 12 2 6 0
283 ORDER 454 44 14 18 35 0
284 CANCEL 185
284 ORDER 455 21 3 26 34 1
284 ORDER 456 43 23 43 34 2
285 ORDER 457 27 32 26 35 0
286 ORDER 458 45 18 1 14 0
286 ORDER 459 42 9 1 27 0
287 ORDER 460 9 6 46 34 1
287 ORDER 461 20 23 3 2 0
288 ORDER 462 29 17 16 34 1
288 ORDER 463 39 11 45 35 1
289 ORDER 464 12 24 1 28 0
289 ORDER 465 19 20 24 34 0
290 ORDER 466 38 18 3 25 0
291 ORDER 467 40 9 46 35 1
291 ORDER 468 29 6 15 34 0
292 ORDER 469 9 27 37 35 0
292 ORDER 470 26 11 45 34 0
293 ORDER 471 39 20 3 7 1
294 ORDER 472 16 26 12 35 0
294 ORDER 473 16 18 3 3 0
295 ORDER 474 15 12 32 35 0
296 ORDER 475 9 9 2 14 0
296 ORDER 476 8 32 1 3 0
297 CANCEL 256
297 ORDER 477 11 20 21 34 1
297 ORDER 478 13 24 15 34 2
298 ORDER 479 42 8 10 34 0
298 ORDER 480 22 24 7 35 1
299 CANCEL 465
299 ORDER 481 19 27 14 34 1
299 ORDER 482 37 5 31 35 0
300 CANCEL 316
300 ORDER 483 9 30 28 34 0
300 ORDER 484 36 3 25 35 0
301 ORDER 485 40 17 14 35 2
302 ORDER 486 28 8 2 29 0
302 ORDER 487 29 30 2 27 0
303 ORDER 488 43 12 3 10 0
303 ORDER 489 36 8 25 34 1
304 ORDER 490 26 23 21 35 1
304 ORDER 491 15 27 18 35 0
305 ORDER 492 39 9 3 27 0
306 ORDER 493 18 24 2 12 0
306 ORDER 494 38 18 2 26 1
307 ORDER 495 10 17 2 8 0
308 ORDER 496 31 20 3 34 3
308 ORDER 497 30 20 3 27 1
309 ORDER 498 27 20 2 13 1
309 ORDER 499 18 3 2 28 0
310 ORDER 500 9 5 32 34 1
310 ORDER 501 25 18 1 3 0
311 ORDER 502 37 29 3 34 1
311 ORDER 503 32 27 39 34 1
312 ORDER 504 15 8 38 34 2
312 ORDER 505 28 29 3 14 2
313 ORDER 506 40 11 2 16 0
314 ORDER 507 36 32 9 35 0
314 ORDER 508 31 6 45 34 0
315 ORDER 509 9 12 33 35 1
315 ORDER 510 6 5 35 35 1
316 ORDER 511 6 9 2 21 0
316 ORDER 512 28 20 1 10 0
317 CANCEL 368
317 CANCEL 449
317 ORDER 513 27 14 27 35 1
318 ORDER 514 34 20 7 35 0
318 ORDER 515 6 26 40 35 1
319 ORDER 516 42 6 48 34 0
319 ORDER 517 9 24 34 35 3
320 ORDER 518 32 27 3 26 0
321 ORDER 519 31 3 3 13 0
321 ORDER 520 18 11 1 9 2
322 ORDER 521 12 5 2 25 0
322 ORDER 522 44 20 12 34 1
323 ORDER 523 36 30 1 10 2
323 ORDER 524 39 26 3 7 0
324 ORDER 525 30 9 21 35 1
324 ORDER 526 37 5 2 25 0
325 CANCEL 517
325 ORDER 527 15 12 1 21 0
325 ORDER 528 6 24 1 34 0
326 ORDER 529 25 3 10 35 1
327 ORDER 530 40 11 20 34 0
328 ORDER 531 43 29 2 14 3
328 ORDER 532 32 6 1 12 0
329 ORDER 533 35 17 3 27 0
330 ORDER 534 44 18 10 35 1
330 ORDER 535 27 11 42 34 1
331 ORDER 536 28 15 2 19 1
331 ORDER 537 23 27 29 35 0
332 ORDER 538 6 24 2 25 0
332 ORDER 539 6 15 37 34 0
333 ORDER 540 17 5 2 35 1
333 ORDER 541 15 27 20 34 0
334 ORDER 542 12 23 1 31 0
335 ORDER 543 42 29 3 22 0
335 ORDER 544 11 5 2 13 1
336 ORDER 545 37 21 2 2 0
336 ORDER 546 17 27 3 5 1
337 ORDER 547 39 15 3 21 0
337 ORDER 548 27 5 3 24 1
338 ORDER 549 32 6 2 30 2
339 ORDER 550 29 15 2 24 0
339 ORDER 551 35 26 1 6 1
339 BLOCK 31 28
340 CANCEL 270
340 ORDER 552 45 15 1 10 1
340 ORDER 553 11 23 14 35 2
341 ORDER 554 43 29 11 34 0
341 ORDER 555 9 3 28 34 1
342 UNBLOCK 6 14
342 ORDER 556 26 26 35 35 0
343 ORDER 557 19 14 42 35 1
343 ORDER 558 20 20 1 7 0
344 ORDER 559 38 26 2 13 0
345 ORDER 560 6 30 42 35 0
345 ORDER 561 10 30 3 7 1
346 ORDER 562 12 8 3 9 0
346 ORDER 563 38 24 31 34 0
347 ORDER 564 31 17 48 35 2
348 ORDER 565 16 24 3 23 1
348 ORDER 566 40 26 1 25 1
349 ORDER 567 19 12 1 5 1
349 ORDER 568 32 23 24 34 0
350 ORDER 569 36 27 26 35 0
350 ORDER 570 30 9 22 35 0
351 ORDER 571 28 15 48 34 0
352 ORDER 572 37 15 42 34 1
352 ORDER 573 36 9 12 34 1
353 ORDER 574 41 6 34 35 0
353 ORDER 575 15 3 2 30 0
354 ORDER 576 16 21 11 34 0
354 ORDER 577 34 21 3 9 0
355 CANCEL 569
355 ORDER 578 9 5 2 27 0
356 CANCEL 264
356 ORDER 579 13 26 2 7 0
356 ORDER 580 28 20 27 35 0
357 CANCEL 272
357 ORDER 581 6 24 1 30 0
357 ORDER 582 37 17 1 20 0
358 ORDER 583 30 32 43 34 0
358 ORDER 584 36 20 2 35 1
359 ORDER 585 39 8 3 13 0
359 ORDER 586 39 5 43 34 0
360 ORDER 587 29 14 41 35 0
361 ORDER 588 15 29 3 11 0
361 ORDER 589 6 12 41 34 1
362 ORDER 590 39 15 25 35 0
363 ORDER 591 26 24 45 34 0
364 ORDER 592 9 14 34 35 0
365 CANCEL 308
365 ORDER 593 14 30 25 35 0
366 CANCEL 524
366 ORDER 594 24 20 3 35 0
367 ORDER 595 18 15 3 26 3
368 ORDER 596 34 24 1 14 3
369 ORDER 597 37 32 30 34 0
369 ORDER 598 26 20 1 35 0
370 ORDER 599 20 3 44 34 1
370 ORDER 600 33 32 1 8 0
371 ORDER 601 8 23 3 2 1
372 ORDER 602 10 23 34 34 0
372 ORDER 603 16 11 3 8 2
373 ORDER 604 29 11 2 11 1
373 ORDER 605 32 9 2 10 0
374 CANCEL 509
374 ORDER 606 9 14 1 27 0
375 ORDER 607 21 30 2 13 0
375 ORDER 608 41 17 1 3 0
376 ORDER 609 20 8 28 34 0
377 ORDER 610 15 14 44 34 2
378 ORDER 611 10 27 43 35 0
379 ORDER 612 25 29 1 8 1
379 BLOCK 45 12
380 ORDER 613 8 6 2 30 0
380 ORDER 614 29 17 1 33 0
381 ORDER 615 23 8 3 30 0
382 ORDER 616 37 23 1 29 0
383 ORDER 617 30 24 22 35 0
383 ORDER 618 21 3 2 21 1
384 CANCEL 471
384 ORDER 619 34 20 2 15 1
385 ORDER 620 15 3 1 31 0
385 ORDER 621 8 18 1 1 0
386 CANCEL 507
386 ORDER 622 36 15 2 21 1
387 ORDER 623 45 29 12 34 1
387 ORDER 624 22 24 3 25 0
388 ORDER 625 16 5 10 35 1
388 ORDER 626 16 8 3 21 0
389 ORDER 627 26 11 1 18 0
389 ORDER 628 20 3 2 4 0
390 ORDER 629 45 5 31 35 0
390 ORDER 630 33 6 2 12 0
391 ORDER 631 37 20 2 29 0
391 BLOCK 33 16
392 ORDER 632 16 26 14 35 2
393 ORDER 633 36 17 3 19 0
393 ORDER 634 26 32 32 35 0
394 ORDER 635 37 3 2 20 0
395 ORDER 636 38 11 3 28 1
396 ORDER 637 38 14 1 5 2
397 CANCEL 475
397 ORDER 638 6 29 8 34 1
398 CANCEL 419
398 ORDER 639 16 18 1 3 2
398 ORDER 640 33 23 2 12 0
399 ORDER 641 7 24 16 35 2
400 ORDER 642 15 27 1 6 0
401 ORDER 643 29 30 2 14 0
402 ORDER 644 21 17 1 8 1
402 ORDER 645 25 18 3 17 1
403 UNBLOCK 16 17
403 ORDER 646 34 26 33 35 0
403 ORDER 647 18 27 3 31 2
404 ORDER 648 11 3 2 9 1
405 CANCEL 365
405 ORDER 649 16 8 1 15 0
405 ORDER 650 22 24 19 34 0
406 ORDER 651 9 29 2 23 0
407 ORDER 652 44 26 3 6 0
407 ORDER 653 39 23 45 34 0
408 ORDER 654 44 3 11 35 1
408 ORDER 655 16 11 3 14 1
409 ORDER 656 28 9 38 35 0
409 ORDER 657 34 27 3 29 0
410 ORDER 658 39 21 3 3 2
410 ORDER 659 39 5 33 34 0
411 ORDER 660 34 27 46 34 1
411 ORDER 661 23 8 22 34 0
412 CANCEL 412
412 ORDER 662 8 23 40 34 1
412 ORDER 663 6 5 26 35 1
413 ORDER 664 16 6 3 34 0
414 ORDER 665 30 32 47 35 1
414 BLOCK 11 29
415 ORDER 666 9 17 1 26 0
415 ORDER 667 37 15 7 35 0
416 ORDER 668 20 14 39 35 0
416 ORDER 669 26 3 43 34 1
417 ORDER 670 15 17 3 5 2
417 ORDER 671 29 3 33 35 1
418 CANCEL 503
418 ORDER 672 29 8 2 21 0
418 ORDER 673 37 23 3 9 0
419 ORDER 674 31 20 1 2 0
420 CANCEL 653
420 ORDER 675 32 3 3 12 0
420 ORDER 676 11 26 3 18 1
421 ORDER 677 33 29 24 34 1
422 ORDER 678 35 17 22 34 0
423 ORDER 679 15 12 33 35 0
423 ORDER 680 11 26 42 35 0
424 CANCEL 537
424 CANCEL 669
424 ORDER 681 34 27 9 35 0
425 ORDER 682 31 5 3 5 0
425 ORDER 683 35 9 34 35 0
426 ORDER 684 18 11 5 34 0
426 ORDER 685 37 17 3 21 0
427 ORDER 686 18 12 7 34 0
427 ORDER 687 30 26 23 35 1
428 CANCEL 673
428 ORDER 688 21 8 3 29 0
428 ORDER 689 11 5 20 34 0
429 ORDER 690 26 12 2 29 0
430 ORDER 691 30 9 3 24 0
431 ORDER 692 42 17 48 35 1
431 ORDER 693 30 20 35 34 0
432 ORDER 694 37 9 3 23 0
432 ORDER 695 40 15 14 35 0
433 ORDER 696 24 3 28 34 1
433 ORDER 697 45 17 1 23 0
434 ORDER 698 45 29 5 34 3
434 ORDER 699 30 12 38 35 0
435 ORDER 700 43 21 2 11 0
435 ORDER 701 23 15 2 10 0
436 CANCEL 552
436 ORDER 702 8 20 2 1 2
437 ORDER 703 18 30 3 27 1
437 ORDER 704 13 11 47 34 0
438 ORDER 705 37 8 3 34 1
439 ORDER 706 38 14 39 34 0
440 ORDER 707 11 22 3 23 0
441 CANCEL 463
441 ORDER 708 15 32 1 9 1
441 ORDER 709 26 14 2 34 2
442 ORDER 710 16 18 32 35 1
443 ORDER 711 21 21 1 6 0
444 ORDER 712 14 29 10 35 1
445 ORDER 713 12 17 30 35 0
445 ORDER 714 22 26 1 11 0
446 ORDER 715 20 23 2 25 1
447 ORDER 716 25 3 28 34 0
448 CANCEL 508
448 ORDER 717 15 13 43 34 0
448 ORDER 718 15 3 36 35 0
449 ORDER 719 21 21 32 35 0
449 ORDER 720 9 6 2 29 1
450 ORDER 721 30 8 12 35 1
451 ORDER 722 22 30 3 29 0
451 ORDER 723 35 26 17 34 0
452 ORDER 724 22 6 3 9 0
452 ORDER 725 30 17 12 35 1
453 ORDER 726 40 5 3 10 1
453 ORDER 727 45 8 45 34 0
454 ORDER 728 22 9 2 3 0
455 ORDER 729 16 30 1 24 0
456 ORDER 730 26 18 3 5 1
456 ORDER 731 28 30 1 20 0
457 ORDER 732 11 17 3 28 1
458 ORDER 733 35 18 2 4 0
459 ORDER 734 20 32 21 34 1
459 ORDER 735 40 15 26 34 0
460 ORDER 736 32 11 2 10 2
460 ORDER 737 16 12 33 35 0
461 ORDER 738 16 23 3 17 2
461 ORDER 739 26 11 30 35 2
462 ORDER 740 25 11 3 29 0
463 ORDER 741 41 21 18 34 0
463 ORDER 742 12 15 3 26 0
464 ORDER 743 45 3 7 35 0
465 ORDER 744 6 5 16 34 0
466 ORDER 745 8 20 25 35 0
466 ORDER 746 17 23 29 35 1
467 CANCEL 512
467 ORDER 747 17 21 2 17 0
468 ORDER 748 20 20 25 34 1
468 ORDER 749 28 32 1 2 1
469 ORDER 750 7 18 24 35 2
470 ORDER 751 45 30 3 2 1
471 ORDER 752 11 20 29 34 0
471 ORDER 753 10 32 3 1 0
472 ORDER 754 29 14 48 34 1
472 ORDER 755 22 29 3 28 0
473 CANCEL 670
473 ORDER 756 31 17 37 35 0
474 ORDER 757 19 23 1 22 1
474 ORDER 758 30 32 15 35 0
475 ORDER 759 12 6 1 27 1
475 ORDER 760 35 12 3 2 2
476 CANCEL 595
476 ORDER 761 39 8 2 27 0
477 ORDER 762 26 5 10 34 1
477 ORDER 763 40 12 3 35 2
477 BLOCK 18 24
478 ORDER 764 9 15 40 34 1
479 ORDER 765 19 9 39 34 0
479 ORDER 766 15 32 28 35 0
480 ORDER 767 41 32 1 1 0
480 ORDER 768 26 27 47 34 3
481 ORDER 769 25 30 3 30 2
482 UNBLOCK 11 29
482 ORDER 770 29 29 44 35 1
483 ORDER 771 18 5 3 6 0
483 ORDER 772 11 15 2 26 0
484 ORDER 773 9 11 2 11 1
484 ORDER 774 11 17 25 34 0
485 ORDER 775 41 17 1 32 1
486 ORDER 776 6 15 2 11 0
487 ORDER 777 34 23 3 8 0
488 ORDER 778 26 23 3 11 0
489 UNBLOCK 31 28
489 ORDER 779 9 27 1 12 0
490 ORDER 780 6 21 2 31 2
490 ORDER 781 29 26 2 20 0
491 ORDER 782 18 3 2 14 0
491 ORDER 783 19 5 34 35 2
492 ORDER 784 34 26 4 34 0
493 ORDER 785 10 5 40 35 0
493 ORDER 786 41 21 2 27 0
494 ORDER 787 45 26 2 25 0
495 ORDER 788 16 9 3 11 0
495 ORDER 789 10 20 42 34 0
496 ORDER 790 42 30 16 34 1
496 ORDER 791 7 17 1 9 0
497 CANCEL 779
497 ORDER 792 6 11 2 26 0
497 ORDER 793 31 30 48 35 0
498 ORDER 794 34 27 1 33 0
499 ORDER 795 15 15 1 31 0
500 ORDER 796 44 3 3 26 0
500 ORDER 797 10 9 32 35 0
501 CANCEL 718
501 ORDER 798 19 21 3 29 1
502 CANCEL 521
502 ORDER 799 11 14 14 34 1
503 ORDER 800 20 8 39 34 0
504 CANCEL 530
504 UNBLOCK 45 12
504 CANCEL 699
504 ORDER 801 26 21 3 15 0
504 ORDER 802 36 8 1 29 3
505 ORDER 803 42 11 1 28 0
506 ORDER 804 44 14 36 35 1
507 ORDER 805 6 14 2 8 0
508 ORDER 806 22 26 2 22 0
508 ORDER 807 16 3 2 31 0
509 ORDER 808 25 18 38 35 1
509 ORDER 809 44 12 12 35 0
510 ORDER 810 9 6 44 35 0
510 ORDER 811 40 11 47 34 0
511 ORDER 812 9 18 1 12 0
512 ORDER 813 26 27 1 35 3
513 ORDER 814 45 8 7 35 2
514 ORDER 815 12 26 2 24 0
514 ORDER 816 19 3 2 9 1
515 ORDER 817 11 14 26 35 3
516 ORDER 818 41 29 2 9 2
517 ORDER 819 16 8 45 34 0
518 ORDER 820 11 12 22 34 0
519 ORDER 821 12 11 34 34 0
519 ORDER 822 26 6 1 10 0
520 ORDER 823 25 32 1 10 0
521 CANCEL 697
521 ORDER 824 6 20 1 31 1
521 ORDER 825 18 5 2 28 0
522 ORDER 826 30 9 8 34 2
523 ORDER 827 21 21 19 35 3
524 ORDER 828 40 30 1 22 0
524 ORDER 829 39 8 1 25 0
525 ORDER 830 31 20 44 34 0
525 ORDER 831 21 30 30 34 0
526 ORDER 832 45 8 3 7 1
526 ORDER 833 26 18 3 17 0
527 ORDER 834 18 12 2 21 0
527 ORDER 835 11 20 3 25 0
528 CANCEL 757
528 ORDER 836 37 12 3 2 0
528 ORDER 837 19 32 3 30 1
529 ORDER 838 32 10 2 17 2
530 ORDER 839 6 23 44 34 0
531 ORDER 840 8 3 23 34 1
531 ORDER 841 18 27 21 34 0
532 ORDER 842 27 18 26 35 0
532 ORDER 843 28 27 8 34 0
533 ORDER 844 22 11 31 35 0
533 ORDER 845 6 5 2 32 0
534 ORDER 846 34 24 15 34 1
535 ORDER 847 39 21 9 34 0
536 ORDER 848 8 5 18 35 2
536 ORDER 849 32 3 5 35 0
537 CANCEL 796
537 ORDER 850 35 20 3 21 1
537 ORDER 851 21 21 4 35 2
538 ORDER 852 16 5 3 18 1
538 ORDER 853 38 21 39 35 0
539 UNBLOCK 33 16
539 ORDER 854 8 9 3 32 0
539 ORDER 855 42 9 1 5 0
540 ORDER 856 10 9 3 20 1
540 ORDER 857 36 26 3 11 2
541 ORDER 858 39 15 46 34 0
541 ORDER 859 18 5 1 3 0
542 ORDER 860 25 11 42 34 2
543 ORDER 861 37 8 1 13 0
544 ORDER 862 33 27 3 25 0
544 ORDER 863 20 30 47 34 1
545 CANCEL 584
545 ORDER 864 8 24 48 35 0
546 ORDER 865 29 3 42 34 0
547 ORDER 866 17 17 33 34 0
547 ORDER 867 9 17 34 35 3
548 ORDER 868 26 18 18 34 0
548 ORDER 869 29 32 18 35 0
549 ORDER 870 9 18 2 26 0
549 ORDER 871 10 14 31 35 2
550 ORDER 872 16 11 23 34 0
551 ORDER 873 9 3 1 6 1
551 ORDER 874 14 14 2 3 0
552 ORDER 875 39 15 1 19 2
553 ORDER 876 44 5 3 19 2
553 ORDER 877 22 17 1 8 1
554 ORDER 878 28 29 3 4 3
554 ORDER 879 16 18 2 9 0
555 ORDER 880 39 12 2 6 0
555 ORDER 881 37 30 32 35 1
556 CANCEL 639
556 ORDER 882 7 6 2 26 0
557 ORDER 883 29 17 2 1 0
558 ORDER 884 15 29 2 29 0
558 ORDER 885 38 11 2 20 1
559 ORDER 886 8 3 1 31 1
560 ORDER 887 42 17 42 35 0
560 ORDER 888 30 5 48 35 0
561 ORDER 889 22 24 24 34 3
561 ORDER 890 41 30 1 9 0
562 CANCEL 698
562 ORDER 891 9 12 9 35 1
563 CANCEL 647
563 ORDER 892 19 17 27 35 2
564 ORDER 893 8 32 2 4 1
565 ORDER 894 34 12 3 14 0
565 ORDER 895 35 24 3 26 0
566 CANCEL 785
566 ORDER 896 32 30 16 34 2
566 ORDER 897 21 18 1 11 0
567 ORDER 898 16 8 15 34 0
567 ORDER 899 24 18 1 3 3
568 ORDER 900 10 5 3 21 0
568 ORDER 901 34 26 3 34 0
569 ORDER 902 26 8 18 35 1
569 ORDER 903 18 29 27 35 0
570 ORDER 904 6 27 21 34 0
570 ORDER 905 7 12 16 35 2
571 ORDER 906 34 24 18 34 0
571 ORDER 907 40 12 16 35 2
572 ORDER 908 17 11 1 3 0
572 ORDER 909 6 9 1 3 1
573 ORDER 910 33 29 16 34 0
574 ORDER 911 37 18 2 3 1
575 CANCEL 874
575 ORDER 912 11 23 3 18 0
576 ORDER 913 24 3 1 21 0
576 ORDER 914 6 15 28 35 1
577 CANCEL 701
577 ORDER 915 21 11 3 16 0
578 CANCEL 766
578 ORDER 916 9 20 1 6 3
579 ORDER 917 34 14 2 5 2
580 ORDER 918 27 11 1 23 0
581 ORDER 919 19 14 19 35 0
581 ORDER 920 21 9 1 18 0
582 ORDER 921 35 18 33 35 1
582 ORDER 922 7 27 16 35 0
583 ORDER 923 19 30 3 18 0
584 ORDER 924 37 29 3 6 0
584 ORDER 925 6 14 1 1 1
585 ORDER 926 7 20 1 25 2
585 ORDER 927 20 24 2 23 0
586 UNBLOCK 18 24
586 ORDER 928 41 23 2 3 0
587 ORDER 929 17 9 2 25 0
587 ORDER 930 34 26 1 16 0
588 CANCEL 747
588 CANCEL 885
588 ORDER 931 45 20 2 19 0
588 ORDER 932 38 12 2 33 0
589 ORDER 933 27 20 3 4 0
589 ORDER 934 30 6 1 21 1
590 CANCEL 709
590 ORDER 935 27 24 1 31 0
590 ORDER 936 20 30 2 25 0
591 ORDER 937 40 21 36 35 0
591 ORDER 938 18 23 1 18 0
592 ORDER 939 31 20 1 19 3
593 ORDER 940 15 18 32 35 1
594 CANCEL 655
594 ORDER 941 16 15 18 35 0
594 ORDER 942 7 26 15 34 0
595 ORDER 943 18 14 2 19 0
595 ORDER 944 24 3 26 34 0
596 ORDER 945 26 32 2 35 1
596 ORDER 946 7 8 44 35 0
597 ORDER 947 7 15 2 33 0
598 ORDER 948 25 9 2 14 0
599 ORDER 949 45 17 3 10 0
599 ORDER 950 37 30 16 35 2
600 ORDER 951 27 15 1 29 1
600 ORDER 952 41 24 23 34 3
601 ORDER 953 26 9 32 34 2
601 ORDER 954 39 21 36 35 1
602 ORDER 955 33 23 3 24 1
603 ORDER 956 40 5 9 34 0
603 ORDER 957 21 24 47 34 0
604 CANCEL 688
604 CANCEL 832
604 ORDER 958 9 23 47 35 0
604 ORDER 959 30 11 2 20 1
605 ORDER 960 38 15 18 34 1
606 ORDER 961 11 20 15 35 0
606 ORDER 962 16 12 4 35 0
607 ORDER 963 18 29 5 35 1
608 ORDER 964 6 11 2 2 0
608 ORDER 965 40 14 44 35 1
609 ORDER 966 40 20 2 35 0
609 ORDER 967 26 3 7 35 0
610 ORDER 968 21 20 3 15 0
611 ORDER 969 39 30 31 35 1
612 ORDER 970 45 6 42 34 0
612 ORDER 971 40 9 20 34 0
613 ORDER 972 36 14 3 33 0
613 ORDER 973 6 29 3 24 2
614 ORDER 974 8 23 2 27 1
615 CANCEL 836
615 ORDER 975 39 5 41 35 1
615 ORDER 976 21 24 19 34 0
616 CANCEL 826
616 ORDER 977 29 12 8 34 0
617 ORDER 978 44 25 2 1 2
617 ORDER 979 29 11 42 34 0
618 ORDER 980 45 8 16 34 0
619 ORDER 981 11 12 3 31 0
619 ORDER 982 16 9 1 9 0
620 ORDER 983 10 26 2 1 2
621 ORDER 984 25 27 3 23 1
621 ORDER 985 25 30 3 3 0
622 ORDER 986 35 17 39 34 2
622 ORDER 987 8 30 1 1 0
623 ORDER 988 15 27 3 35 1
623 ORDER 989 21 9 1 10 0
624 ORDER 990 10 18 32 34 0
624 ORDER 991 13 9 16 35 0
625 ORDER 992 27 17 15 34 0
626 ORDER 993 15 12 33 35 0
626 ORDER 994 29 24 23 35 0
627 ORDER 995 8 18 1 13 0
628 ORDER 996 17 3 32 34 2
628 ORDER 997 9 5 2 6 1
629 ORDER 998 36 24 7 34 2
629 ORDER 999 7 26 1 18 0
630 ORDER 1000 21 21 39 34 1
631 ORDER 1001 37 21 1 34 0
632 ORDER 1002 19 17 1 24 3
633 ORDER 1003 31 32 1 2 0
634 ORDER 1004 38 15 35 35 0
635 ORDER 1005 9 27 1 13 3
635 ORDER 1006 39 8 3 35 0
636 ORDER 1007 8 3 29 34 0
637 ORDER 1008 27 30 2 13 0
638 ORDER 1009 17 11 47 35 0
639 ORDER 1010 9 18 22 35 1
640 CANCEL 888
640 ORDER 1011 36 5 27 35 0
640 ORDER 1012 25 18 3 5 1
641 ORDER 1013 32 3 36 34 1
641 ORDER 1014 22 23 3 29 0
642 ORDER 1015 26 23 28 35 0
643 CANCEL 762
643 ORDER 1016 30 6 3 18 0
644 ORDER 1017 15 30 1 33 2
644 ORDER 1018 40 11 3 24 0
645 ORDER 1019 35 11 40 35 1
645 ORDER 1020 27 12 3 11 0
646 ORDER 1021 31 15 2 10 0
646 ORDER 1022 6 5 1 18 0
647 CANCEL 728
647 ORDER 1023 38 11 1 2 0
647 ORDER 1024 37 21 2 33 0
648 ORDER 1025 34 12 2 7 0
649 ORDER 1026 11 20 13 34 0
649 ORDER 1027 36 8 38 35 1
650 ORDER 1028 26 27 3 19 0
650 ORDER 1029 31 9 35 35 1
651 ORDER 1030 8 7 21 34 2
651 ORDER 1031 17 29 44 34 2
652 ORDER 1032 11 14 1 35 0
652 ORDER 1033 7 12 21 35 0
653 ORDER 1034 6 27 2 23 0
653 ORDER 1035 42 8 1 7 1
654 ORDER 1036 6 18 27 34 0
654 ORDER 1037 18 18 22 34 0
655 ORDER 1038 28 29 2 25 1
656 ORDER 1039 11 14 40 35 0
656 ORDER 1040 37 29 48 35 0
657 ORDER 1041 8 17 36 34 1
657 ORDER 1042 44 24 2 30 1
658 ORDER 1043 35 20 3 18 0
658 ORDER 1044 18 27 17 34 0
659 ORDER 1045 42 17 2 21 0
659 ORDER 1046 44 24 2 22 0
660 ORDER 1047 11 8 2 2 0
660 ORDER 1048 6 15 1 15 0
661 ORDER 1049 22 29 3 31 0
662 CANCEL 953
662 ORDER 1050 22 6 3 19 0
663 ORDER 1051 31 5 2 8 0
663 ORDER 1052 29 12 3 10 1
664 ORDER 1053 16 9 13 34 1
664 ORDER 1054 27 21 1 31 1
665 CANCEL 1047
665 ORDER 1055 27 26 3 5 0
665 ORDER 1056 14 14 39 34 0
666 CANCEL 991
666 ORDER 1057 22 24 1 2 0
666 ORDER 1058 18 26 20 35 2
667 ORDER 1059 22 9 2 11 0
668 ORDER 1060 37 24 1 22 1
668 ORDER 1061 41 27 3 6 0
669 ORDER 1062 8 15 46 35 1
669 ORDER 1063 19 24 34 34 0
670 ORDER 1064 37 18 3 6 0
671 ORDER 1065 33 14 1 20 3
671 ORDER 1066 43 21 48 35 3
672 ORDER 1067 41 24 1 31 0
673 ORDER 1068 35 24 48 35 2
674 ORDER 1069 32 29 44 34 0
675 ORDER 1070 27 29 1 34 1
675 ORDER 1071 19 26 3 23 1
676 CANCEL 834
676 ORDER 1072 38 12 2 7 1
677 ORDER 1073 26 21 1 13 1
678 ORDER 1074 39 21 21 34 1
679 ORDER 1075 43 29 3 28 1
680 ORDER 1076 17 3 2 29 2
680 ORDER 1077 10 16 1 20 1
681 ORDER 1078 9 6 39 34 0
681 ORDER 1079 27 20 37 35 1
681 BLOCK 38 11
682 ORDER 1080 44 20 3 8 0
683 ORDER 1081 38 30 22 35 2
683 ORDER 1082 40 9 1 11 1
684 ORDER 1083 11 3 48 34 3
684 ORDER 1084 18 15 40 34 0
685 CANCEL 1005
685 ORDER 1085 34 14 20 34 3
686 ORDER 1086 20 21 3 7 2
686 ORDER 1087 32 3 1 13 0
687 ORDER 1088 17 17 40 34 0
688 ORDER 1089 9 11 1 2 2
688 ORDER 1090 28 24 2 11 0
688 BLOCK 44 10
689 ORDER 1091 40 19 1 8 0
689 ORDER 1092 8 14 3 30 0
690 ORDER 1093 10 8 20 35 1
691 ORDER 1094 27 24 3 29 1
691 ORDER 1095 10 23 2 5 0
692 ORDER 1096 27 6 1 24 0
693 ORDER 1097 30 6 18 35 0
693 ORDER 1098 17 24 7 34 2
694 CANCEL 984
694 ORDER 1099 37 32 8 35 1
695 CANCEL 1062
695 CANCEL 1093
695 ORDER 1100 42 29 2 13 1
696 CANCEL 1013
696 ORDER 1101 13 9 31 35 1
696 ORDER 1102 39 6 2 30 1
697 ORDER 1103 6 23 3 8 0
698 ORDER 1104 34 20 30 35 0
698 ORDER 1105 38 9 2 16 2
699 ORDER 1106 26 15 2 10 0
699 ORDER 1107 40 21 20 35 0
700 ORDER 1108 29 5 29 35 0
701 ORDER 1109 21 6 13 34 1
701 ORDER 1110 42 11 48 34 0
702 ORDER 1111 26 18 2 11 0
703 ORDER 1112 36 15 2 14 0
703 ORDER 1113 30 25 2 18 0
704 ORDER 1114 35 5 2 23 0
705 ORDER 1115 7 6 1 17 0
706 CANCEL 923
706 ORDER 1116 40 23 2 31 0
706 ORDER 1117 6 14 3 12 0
707 ORDER 1118 37 32 21 34 1
708 ORDER 1119 29 9 4 34 1
709 ORDER 1120 31 20 1 34 0
710 ORDER 1121 28 20 39 35 1
711 ORDER 1122 11 14 1 10 0
711 ORDER 1123 12 24 2 27 0
712 ORDER 1124 18 23 3 8 0
712 ORDER 1125 32 3 30 34 2
713 CANCEL 1053
713 ORDER 1126 17 20 13 34 0
714 ORDER 1127 19 18 3 15 1
714 ORDER 1128 11 11 41 34 2
715 CANCEL 1091
715 ORDER 1129 28 18 3 22 0
715 ORDER 1130 8 24 3 26 1
716 ORDER 1131 22 9 2 26 2
716 ORDER 1132 15 6 1 34 2
717 ORDER 1133 10 21 45 35 2
717 ORDER 1134 16 3 3 29 1
718 CANCEL 1113
718 ORDER 1135 6 8 3 15 3
718 ORDER 1136 10 14 25 35 1
719 ORDER 1137 25 12 22 34 1
719 ORDER 1138 35 26 2 5 1
720 ORDER 1139 30 14 22 34 0
721 ORDER 1140 29 14 1 12 1
721 ORDER 1141 11 32 1 4 1
722 ORDER 1142 31 3 3 20 0
722 ORDER 1143 18 26 38 34 0
723 ORDER 1144 11 29 3 29 0
723 ORDER 1145 45 7 12 35 1
724 ORDER 1146 31 11 3 34 2
725 ORDER 1147 41 23 23 34 3
725 ORDER 1148 45 24 3 31 0
726 ORDER 1149 9 20 10 34 0
726 ORDER 1150 19 18 1 35 0
727 CANCEL 851
727 ORDER 1151 7 27 14 35 1
728 ORDER 1152 36 14 2 31 0
729 ORDER 1153 8 27 3 29 0
730 ORDER 1154 31 23 2 20 0
730 ORDER 1155 28 11 27 34 0
731 ORDER 1156 36 12 9 35 1
731 ORDER 1157 11 17 24 34 1
732 ORDER 1158 28 32 2 19 0
732 ORDER 1159 15 29 1 25 1
733 ORDER 1160 21 11 42 35 2
734 CANCEL 1075
734 ORDER 1161 41 23 3 15 2
735 ORDER 1162 18 18 3 23 0
736 ORDER 1163 35 12 1 31 0
737 ORDER 1164 25 3 1 34 1
738 CANCEL 896
738 ORDER 1165 7 3 3 8 2
738 ORDER 1166 17 8 13 35 0
739 ORDER 1167 14 20 24 34 0
739 ORDER 1168 45 26 3 11 3
740 ORDER 1169 14 14 1 4 0
741 ORDER 1170 12 23 5 35 0
741 ORDER 1171 28 11 2 28 0
742 ORDER 1172 39 30 3 3 0
743 ORDER 1173 32 9 18 35 1
743 ORDER 1174 45 29 2 10 3
744 ORDER 1175 32 6 15 35 1
744 ORDER 1176 31 3 3 4 0
745 ORDER 1177 9 11 1 3 0
745 ORDER 1178 28 18 1 1 1
746 ORDER 1179 33 27 10 34 0
746 ORDER 1180 23 29 41 35 0
747 ORDER 1181 13 24 19 35 1
747 ORDER 1182 38 8 3 27 1
748 ORDER 1183 28 27 14 34 0
748 ORDER 1184 7 24 3 2 0
749 ORDER 1185 38 6 40 34 0
750 ORDER 1186 21 24 25 34 0
750 ORDER 1187 40 21 10 35 2
751 ORDER 1188 12 3 2 10 1
751 ORDER 1189 7 12 45 35 1
752 CANCEL 1185
752 ORDER 1190 32 23 34 35 0
752 ORDER 1191 18 9 31 34 0
753 ORDER 1192 30 23 3 28 0
753 ORDER 1193 15 32 2 27 0
754 ORDER 1194 20 6 2 9 0
755 CANCEL 977
755 ORDER 1195 17 21 2 11 0
756 ORDER 1196 39 26 45 35 2
756 ORDER 1197 8 8 3 12 2
757 ORDER 1198 41 7 2 24 0
757 ORDER 1199 29 11 7 34 1
758 ORDER 1200 31 5 38 34 2
758 ORDER 1201 22 26 3 22 0
759 ORDER 1202 16 11 2 14 0
759 ORDER 1203 8 11 18 35 2
760 CANCEL 1178
760 ORDER 1204 26 5 37 35 1
760 ORDER 1205 32 5 2 16 3
760 BLOCK 36 14
761 UNBLOCK 38 11
761 ORDER 1206 27 18 3 7 0
761 ORDER 1207 44 26 1 12 2
762 ORDER 1208 15 21 1 18 0
762 ORDER 1209 37 12 16 35 0
763 ORDER 1210 10 29 18 35 0
764 ORDER 1211 24 14 2 1 1
764 ORDER 1212 12 23 2 32 0
765 ORDER 1213 29 9 1 9 0
766 CANCEL 995
766 ORDER 1214 11 14 48 35 0
766 ORDER 1215 40 15 45 34 0
767 ORDER 1216 23 28 1 11 1
767 ORDER 1217 33 29 28 35 0
768 ORDER 1218 19 17 3 31 0
768 ORDER 1219 40 32 46 34 1
769 ORDER 1220 39 32 15 34 1
770 ORDER 1221 23 27 24 35 0
771 ORDER 1222 38 11 20 34 0
771 ORDER 1223 30 12 1 7 1
772 CANCEL 1039
772 ORDER 1224 25 27 33 34 3
772 ORDER 1225 10 18 3 23 1
773 CANCEL 1094
773 ORDER 1226 40 23 24 35 0
773 ORDER 1227 29 3 1 10 3
774 ORDER 1228 9 3 3 27 0
775 ORDER 1229 9 3 27 34 0
776 ORDER 1230 39 15 2 9 1
777 ORDER 1231 14 20 3 21 0
778 ORDER 1232 10 9 2 27 0
778 ORDER 1233 8 26 18 34 0
779 ORDER 1234 17 11 1 15 0
780 ORDER 1235 19 5 3 2 1
780 ORDER 1236 26 8 1 16 0
781 ORDER 1237 44 3 3 2 2
781 ORDER 1238 27 24 28 34 2
782 UNBLOCK 44 10
782 ORDER 1239 17 32 1 28 0
782 ORDER 1240 32 8 13 35 0
783 ORDER 1241 30 11 2 19 0
784 ORDER 1242 37 17 2 9 1
785 ORDER 1243 16 11 1 9 0
785 ORDER 1244 9 21 2 9 1
786 ORDER 1245 26 21 3 18 2
787 ORDER 1246 41 6 3 5 1
787 ORDER 1247 7 9 13 34 1
788 ORDER 1248 9 23 41 34 3
788 ORDER 1249 16 29 33 34 0
789 ORDER 1250 6 29 2 34 0
790 ORDER 1251 17 8 17 35 0
790 ORDER 1252 20 14 18 35 0
791 ORDER 1253 9 5 3 8 1
792 ORDER 1254 39 14 26 35 0
792 ORDER 1255 45 5 1 14 0
793 ORDER 1256 30 30 28 34 0
793 ORDER 1257 9 29 2 4 1
794 ORDER 1258 24 18 1 15 0
794 ORDER 1259 28 9 33 35 0
795 CANCEL 950
795 ORDER 1260 17 3 41 34 0
795 ORDER 1261 37 27 24 34 0
796 ORDER 1262 41 27 32 34 0
796 ORDER 1263 45 14 2 16 1
797 ORDER 1264 12 3 4 34 3
798 ORDER 1265 37 12 1 32 0
799 UNBLOCK 36 14
799 ORDER 1266 30 18 1 10 0
799 ORDER 1267 29 21 12 35 0
800 ORDER 1268 34 20 9 35 0
801 ORDER 1269 8 17 1 27 1
801 ORDER 1270 6 24 33 35 0
802 CANCEL 1191
802 ORDER 1271 29 15 42 34 2
802 ORDER 1272 12 8 1 30 0
803 ORDER 1273 28 3 1 19 0
804 ORDER 1274 37 24 3 14 3
804 ORDER 1275 32 3 36 34 1
804 BLOCK 13 29
805 CANCEL 1072
805 ORDER 1276 16 18 43 35 0
805 ORDER 1277 18 14 3 31 0
806 ORDER 1278 10 3 21 34 0
806 ORDER 1279 8 23 24 34 1
807 ORDER 1280 9 21 2 18 0
807 ORDER 1281 14 18 19 34 0
808 ORDER 1282 15 12 28 35 0
809 ORDER 1283 38 9 28 34 0
810 ORDER 1284 6 29 17 35 0
811 ORDER 1285 33 29 3 19 0
811 ORDER 1286 10 12 2 34 0
812 ORDER 1287 43 12 2 24 0
813 ORDER 1288 11 5 9 34 1
813 ORDER 1289 35 17 44 35 0
814 ORDER 1290 15 15 6 34 2
815 ORDER 1291 8 18 6 34 1
816 ORDER 1292 44 5 2 27 0
817 ORDER 1293 12 17 39 35 1
817 ORDER 1294 13 26 27 35 2
818 ORDER 1295 44 18 2 20 0
818 ORDER 1296 17 11 45 34 3
819 ORDER 1297 22 23 30 34 0
819 ORDER 1298 10 29 9 34 0
820 ORDER 1299 14 27 39 35 2
820 ORDER 1300 11 12 3 10 0
821 ORDER 1301 10 5 3 5 1
822 ORDER 1302 37 5 3 20 0
822 ORDER 1303 26 6 1 1 0
823 ORDER 1304 28 9 31 35 0
823 ORDER 1305 26 12 3 31 0
824 ORDER 1306 37 15 39 34 1
824 ORDER 1307 11 21 22 34 0
825 ORDER 1308 10 3 12 35 1
825 ORDER 1309 18 14 46 34 0
826 ORDER 1310 14 18 1 20 2
826 ORDER 1311 44 3 3 27 1
827 ORDER 1312 30 3 2 21 0
827 ORDER 1313 27 24 3 9 1
828 ORDER 1314 19 29 34 35 0
828 ORDER 1315 18 30 1 31 3
829 CANCEL 1081
829 ORDER 1316 9 27 40 35 3
829 ORDER 1317 22 6 11 34 1
830 ORDER 1318 37 27 5 34 0
830 ORDER 1319 39 18 13 34 0
831 CANCEL 1016
831 CANCEL 1144
831 ORDER 1320 25 9 2 18 2
831 ORDER 1321 42 30 25 34 0
832 ORDER 1322 28 30 18 34 0
832 ORDER 1323 17 29 28 34 2
833 ORDER 1324 45 32 2 12 0
833 ORDER 1325 24 3 1 18 0
834 ORDER 1326 33 30 27 34 1
834 ORDER 1327 25 28 3 5 1
835 ORDER 1328 43 3 42 34 1
835 ORDER 1329 18 11 1 25 0
836 ORDER 1330 26 30 8 34 2
836 ORDER 1331 44 29 2 13 0
837 ORDER 1332 10 8 43 35 1
837 ORDER 1333 38 30 3 4 2
838 ORDER 1334 21 6 20 34 0
839 ORDER 1335 44 5 8 34 1
839 ORDER 1336 32 15 1 24 2
840 ORDER 1337 32 5 17 34 1
840 ORDER 1338 20 21 1 23 1
841 ORDER 1339 30 3 3 24 0
841 BLOCK 11 18
842 ORDER 1340 27 26 10 34 0
842 ORDER 1341 21 23 2 22 0
843 CANCEL 1305
843 ORDER 1342 14 32 1 24 0
844 ORDER 1343 6 8 35 34 1
844 ORDER 1344 19 27 2 23 1
845 ORDER 1345 29 6 3 29 1
845 ORDER 1346 6 12 3 33 3
846 ORDER 1347 12 15 28 35 1
846 ORDER 1348 37 24 48 35 0
847 ORDER 1349 30 24 32 35 0
848 ORDER 1350 9 30 2 17 0
848 ORDER 1351 26 23 2 7 2
849 ORDER 1352 27 8 45 34 1
850 ORDER 1353 40 17 2 23 0
850 ORDER 1354 8 24 2 33 0
851 ORDER 1355 20 3 47 35 2
851 ORDER 1356 10 18 1 4 0
852 ORDER 1357 35 24 2 18 1
852 ORDER 1358 17 3 1 7 3
853 ORDER 1359 14 27 39 34 1
853 ORDER 1360 25 12 10 35 0
854 ORDER 1361 18 15 1 15 0
854 ORDER 1362 32 23 2 16 0
855 ORDER 1363 16 6 35 34 0
855 ORDER 1364 32 6 44 35 0
856 ORDER 1365 15 17 44 34 3
857 ORDER 1366 9 18 3 2 2
858 CANCEL 1250
858 ORDER 1367 26 6 34 34 1
859 CANCEL 1262
859 ORDER 1368 30 6 1 31 1
860 ORDER 1369 20 9 29 35 1
861 ORDER 1370 42 30 28 34 0
862 ORDER 1371 19 9 21 35 0
862 ORDER 1372 34 26 37 34 0
863 ORDER 1373 45 14 3 9 0
864 ORDER 1374 41 18 12 34 1
865 ORDER 1375 27 5 2 10 3
866 ORDER 1376 43 29 1 4 0
866 ORDER 1377 29 21 1 13 1
867 ORDER 1378 42 8 1 18 0
867 ORDER 1379 44 12 7 35 1
868 CANCEL 1240
868 CANCEL 1324
868 ORDER 1380 30 26 21 34 1
869 ORDER 1381 34 18 17 35 1
870 ORDER 1382 31 21 1 21 2
870 ORDER 1383 45 14 1 5 2
871 ORDER 1384 8 27 3 34 0
871 ORDER 1385 20 21 46 34 1
872 CANCEL 1158
872 ORDER 1386 8 14 22 34 0
872 ORDER 1387 26 11 3 19 0
873 ORDER 1388 7 23 2 31 0
873 ORDER 1389 41 21 25 35 1
874 ORDER 1390 27 21 2 17 2
874 ORDER 1391 40 23 8 34 0
875 ORDER 1392 16 11 3 21 2
875 ORDER 1393 36 15 1 11 1
876 ORDER 1394 44 3 16 35 1
876 ORDER 1395 9 12 3 16 2
877 ORDER 1396 17 23 47 35 1
877 ORDER 1397 30 26 3 20 0
878 ORDER 1398 37 14 1 1 2
878 ORDER 1399 26 27 22 34 0
879 ORDER 1400 8 8 2 33 3
879 ORDER 1401 40 30 40 35 1
880 ORDER 1402 39 8 1 32 3
880 ORDER 1403 39 17 26 35 1
881 CANCEL 1351
881 ORDER 1404 44 12 2 7 1
881 ORDER 1405 45 29 34 35 1
882 ORDER 1406 40 30 1 6 0
882 ORDER 1407 42 23 23 34 1
883 UNBLOCK 11 18
883 ORDER 1408 22 6 1 7 1
883 ORDER 1409 20 32 3 12 1
884 ORDER 1410 7 11 3 34 0
885 CANCEL 1129
885 ORDER 1411 39 17 13 34 1
886 ORDER 1412 23 17 1 8 2
887 ORDER 1413 9 8 10 34 0
887 ORDER 1414 8 32 2 4 0
888 CANCEL 1201
888 ORDER 1415 19 32 18 34 0
889 ORDER 1416 28 20 2 14 1
890 ORDER 1417 31 26 2 11 1
890 ORDER 1418 44 20 1 10 0
891 ORDER 1419 31 32 3 35 0
892 ORDER 1420 18 12 6 34 0
892 ORDER 1421 43 29 2 19 0
893 ORDER 1422 23 21 1 32 0
894 ORDER 1423 18 21 16 34 1
894 ORDER 1424 19 24 2 8 1
895 ORDER 1425 26 27 19 35 3
896 ORDER 1426 38 18 28 35 1
896 ORDER 1427 16 17 6 35 0
897 ORDER 1428 9 20 47 35 1
897 ORDER 1429 38 27 39 35 0
898 CANCEL 1346
898 ORDER 1430 40 5 3 17 0
898 BLOCK 7 3
899 ORDER 1431 24 3 1 19 0
900 ORDER 1432 17 30 41 34 1
900 ORDER 1433 27 17 42 34 2
901 ORDER 1434 34 18 3 14 1
902 ORDER 1435 10 11 32 34 0
902 ORDER 1436 42 29 31 34 0
903 ORDER 1437 28 20 3 26 1
903 ORDER 1438 17 12 18 35 1
904 ORDER 1439 40 9 32 34 0
904 BLOCK 33 8
905 ORDER 1440 7 29 46 35 3
905 ORDER 1441 22 26 26 34 3
906 ORDER 1442 10 20 1 14 0
907 ORDER 1443 10 9 26 35 0
907 ORDER 1444 14 18 1 19 2
908 CANCEL 1156
908 ORDER 1445 40 8 32 34 0
909 ORDER 1446 11 15 2 8 2
909 ORDER 1447 9 20 41 35 2
910 CANCEL 1228
910 ORDER 1448 17 17 1 6 0
911 ORDER 1449 38 24 25 34 2
912 ORDER 1450 17 30 2 29 1
912 CANCEL 101450
913 ORDER 1451 42 29 3 34 0
914 ORDER 1452 33 29 41 34 3
914 ORDER 1453 13 26 2 31 0
915 ORDER 1454 21 24 3 24 0
916 ORDER 1455 17 6 2 17 0
917 ORDER 1456 7 30 3 1 0
917 ORDER 1457 23 6 1 8 2
918 ORDER 1458 23 27 6 35 0
919 ORDER 1459 20 32 2 30 0
919 ORDER 1460 21 6 1 29 1
920 ORDER 1461 39 23 1 6 0
920 ORDER 1462 40 15 10 34 1
921 ORDER 1463 20 6 2 32 0
922 ORDER 1464 28 6 2 27 0
922 ORDER 1465 10 11 44 35 1
923 ORDER 1466 34 24 29 34 1
924 ORDER 1467 15 29 8 35 0
925 ORDER 1468 36 6 2 6 0
926 ORDER 1469 18 18 2 27 0
927 ORDER 1470 10 27 1 23 2
927 ORDER 1471 29 24 1 1 1
928 CANCEL 1347
928 ORDER 1472 15 20 10 35 0
928 ORDER 1473 39 26 18 34 0
929 CANCEL 1184
929 ORDER 1474 40 26 19 35 0
929 ORDER 1475 8 3 36 34 1
930 ORDER 1476 6 24 3 24 0
930 ORDER 1477 9 14 35 34 1
931 CANCEL 1339
931 ORDER 1478 17 15 2 21 1
931 ORDER 1479 13 11 16 35 1
932 UNBLOCK 13 29
932 ORDER 1480 8 18 29 35 2
932 ORDER 1481 40 20 45 34 0
933 CANCEL 1313
933 ORDER 1482 21 17 38 34 0
934 ORDER 1483 32 3 46 34 0
934 ORDER 1484 14 29 23 34 0
935 ORDER 1485 18 32 3 7 0
936 ORDER 1486 16 14 1 5 0
937 ORDER 1487 31 21 2 14 0
938 ORDER 1488 37 3 31 35 0
939 ORDER 1489 15 12 23 34 2
940 ORDER 1490 25 18 2 8 1
940 ORDER 1491 22 15 3 10 0
941 CANCEL 1411
941 ORDER 1492 8 20 1 21 0
942 ORDER 1493 8 29 2 11 2
942 ORDER 1494 44 3 3 14 0
943 ORDER 1495 43 23 46 35 1
943 ORDER 1496 6 26 30 34 0
944 ORDER 1497 29 30 35 35 0
944 ORDER 1498 28 23 3 15 1
945 ORDER 1499 37 21 3 21 1
945 ORDER 1500 35 5 3 32 2
946 CANCEL 1412
946 ORDER 1501 24 12 35 35 3
946 ORDER 1502 39 18 3 21 0
947 ORDER 1503 14 30 41 35 0
947 ORDER 1504 35 3 3 17 1
948 ORDER 1505 19 8 3 1 1
948 ORDER 1506 40 30 1 21 0
949 ORDER 1507 22 30 3 11 0
949 ORDER 1508 37 9 2 33 0
950 ORDER 1509 15 6 2 13 0
950 ORDER 1510 14 12 16 35 3
951 ORDER 1511 31 24 3 9 1
952 CANCEL 1267
952 ORDER 1512 45 27 1 4 3
953 ORDER 1513 26 27 42 34 0
953 ORDER 1514 28 18 3 2 0
954 ORDER 1515 25 27 3 35 0
955 ORDER 1516 21 17 2 19 1
955 ORDER 1517 11 30 2 23 0
956 ORDER 1518 30 23 29 35 0
956 ORDER 1519 6 21 37 35 2
957 ORDER 1520 16 20 9 34 0
957 ORDER 1521 42 29 1 9 0
958 ORDER 1522 7 19 47 35 0
958 ORDER 1523 15 31 22 35 0
959 ORDER 1524 10 6 15 35 0
959 ORDER 1525 41 9 1 2 1
960 ORDER 1526 28 21 1 2 0
961 ORDER 1527 40 15 2 8 2
961 ORDER 1528 31 30 17 34 0
962 ORDER 1529 36 8 46 34 1
962 ORDER 1530 7 17 46 35 2
963 ORDER 1531 45 6 1 32 3
963 ORDER 1532 21 8 24 35 0
964 ORDER 1533 21 9 9 35 0
964 ORDER 1534 45 8 3 1 0
965 ORDER 1535 8 6 22 35 0
965 ORDER 1536 41 26 3 13 0
966 ORDER 1537 18 14 17 35 0
966 ORDER 1538 21 21 38 35 0
967 ORDER 1539 43 27 1 20 0
967 ORDER 1540 28 15 1 9 0
968 ORDER 1541 11 24 39 35 0
968 ORDER 1542 25 30 2 24 1
969 ORDER 1543 26 21 19 35 0
969 ORDER 1544 30 13 2 24 0
969 BLOCK 36 26
970 UNBLOCK 33 8
970 ORDER 1545 27 17 36 35 2
970 ORDER 1546 16 5 2 21 0
971 ORDER 1547 16 5 2 32 1
972 ORDER 1548 16 29 1 14 3
973 ORDER 1549 34 26 42 34 0
974 ORDER 1550 33 8 31 34 0
974 BLOCK 11 2
975 CANCEL 1296
975 ORDER 1551 20 6 1 33 0
975 ORDER 1552 18 32 40 34 0
976 ORDER 1553 17 20 3 25 1
976 ORDER 1554 34 24 35 35 0
977 ORDER 1555 21 11 2 27 0
978 ORDER 1556 17 14 1 13 1
978 ORDER 1557 44 5 3 3 1
979 ORDER 1558 42 32 16 34 1
979 ORDER 1559 11 11 2 17 1
980 CANCEL 1545
980 ORDER 1560 15 21 3 19 2
980 ORDER 1561 20 32 8 34 0
981 ORDER 1562 37 20 2 7 1
981 ORDER 1563 8 9 35 34 0
982 ORDER 1564 26 23 5 35 1
983 ORDER 1565 7 6 1 21 1
983 ORDER 1566 41 8 15 35 0
984 ORDER 1567 15 20 3 30 1
985 ORDER 1568 35 9 10 34 0
986 ORDER 1569 35 9 4 34 0
986 ORDER 1570 14 14 11 34 1
987 ORDER 1571 12 3 3 24 0
987 ORDER 1572 16 11 2 3 1
988 CANCEL 1520
988 ORDER 1573 10 8 1 24 0
988 ORDER 1574 17 23 3 5 0
989 ORDER 1575 24 3 43 35 1
989 ORDER 1576 13 11 26 35 3
990 ORDER 1577 26 12 41 35 2
990 ORDER 1578 20 17 3 3 1
991 CANCEL 1281
991 ORDER 1579 27 20 18 34 0
991 ORDER 1580 30 21 15 34 1
992 UNBLOCK 7 3
992 CANCEL 1560
992 ORDER 1581 16 29 3 8 0
992 ORDER 1582 7 18 8 34 1
993 ORDER 1583 23 15 40 35 0
993 ORDER 1584 17 32 30 34 2
994 ORDER 1585 12 17 2 19 0
994 ORDER 1586 17 5 46 34 0
995 CANCEL 1487
995 ORDER 1587 16 14 13 35 0
996 ORDER 1588 30 32 38 35 1
996 ORDER 1589 34 12 15 34 1
997 ORDER 1590 6 29 1 4 0
997 ORDER 1591 10 20 1 5 1
998 ORDER 1592 35 15 3 11 1
998 ORDER 1593 25 32 3 33 1
999 ORDER 1594 7 3 3 7 0
1000 CANCEL 1460
1000 ORDER 1595 38 3 3 31 0
1001 ORDER 1596 39 32 5 34 0
1001 ORDER 1597 40 32 24 35 1
1002 ORDER 1598 11 30 1 5 1
1002 ORDER 1599 33 30 3 4 0
1003 ORDER 1600 15 29 3 3 0
1003 ORDER 1601 28 20 47 34 1
1004 ORDER 1602 18 24 1 21 0
1005 CANCEL 1496
1005 ORDER 1603 36 32 39 34 0
1005 ORDER 1604 18 30 2 35 0
1006 ORDER 1605 7 17 1 15 1
1006 ORDER 1606 42 23 1 21 1
1007 ORDER 1607 39 5 12 34 0
1007 ORDER 1608 31 20 2 1 0
1008 ORDER 1609 20 6 5 35 1
1009 ORDER 1610 29 29 2 9 0
1009 ORDER 1611 19 23 3 31 1
1010 ORDER 1612 32 21 28 34 2
1010 ORDER 1613 45 26 26 34 0
1011 ORDER 1614 24 5 2 6 3
1012 ORDER 1615 22 9 46 35 1
1013 ORDER 1616 10 3 3 12 0
1013 BLOCK 36 8
1014 ORDER 1617 30 23 30 35 0
1014 ORDER 1618 42 7 1 24 1
1015 ORDER 1619 32 5 1 29 1
1016 ORDER 1620 6 15 45 35 0
1016 ORDER 1621 45 15 25 34 0
1017 ORDER 1622 10 5 36 34 0
1017 ORDER 1623 19 11 2 24 0
1018 ORDER 1624 9 27 16 34 0
1019 ORDER 1625 29 27 22 35 0
1019 ORDER 1626 21 5 43 34 1
1020 ORDER 1627 31 30 1 23 1
1021 ORDER 1628 6 12 2 32 0
1021 ORDER 1629 40 26 18 34 0
1022 ORDER 1630 10 17 2 21 0
1023 UNBLOCK 36 26
1023 ORDER 1631 9 15 1 11 1
1024 ORDER 1632 34 18 5 34 2
1025 ORDER 1633 40 14 23 34 1
1025 ORDER 1634 36 6 1 5 0
1026 ORDER 1635 11 30 2 24 0
1027 ORDER 1636 17 25 1 17 0
1028 ORDER 1637 41 18 25 35 0
1028 ORDER 1638 37 14 3 11 0
1029 ORDER 1639 29 29 11 34 1
1029 ORDER 1640 33 12 2 35 0
1030 ORDER 1641 8 24 1 2 1
1030 ORDER 1642 23 6 27 35 1
1031 ORDER 1643 7 21 1 24 0
1032 ORDER 1644 9 6 4 34 1
1032 ORDER 1645 36 29 29 35 3
1033 ORDER 1646 40 21 3 15 0
1033 ORDER 1647 45 5 3 27 1
1034 CANCEL 1552
1034 ORDER 1648 35 24 48 35 3
1034 ORDER 1649 10 21 2 6 0
1035 ORDER 1650 20 21 2 23 0
1035 ORDER 1651 24 18 1 13 1
1036 CANCEL 1475
1036 ORDER 1652 10 8 27 35 2
1037 ORDER 1653 40 32 1 27 1
1038 CANCEL 1393
1038 ORDER 1654 45 32 43 35 0
1039 ORDER 1655 34 29 3 3 0
1039 ORDER 1656 38 29 18 34 1
1040 ORDER 1657 45 11 29 34 0
1040 ORDER 1658 29 29 1 18 1
1041 ORDER 1659 10 26 4 35 0
1041 ORDER 1660 40 32 2 6 0
1042 ORDER 1661 22 32 3 10 0
1042 ORDER 1662 11 11 42 35 0
1043 ORDER 1663 22 29 2 8 0
1044 ORDER 1664 26 3 2 31 0
1045 ORDER 1665 35 26 3 26 0
1045 ORDER 1666 11 32 3 18 0
1046 ORDER 1667 41 23 1 1 0
1047 ORDER 1668 27 21 3 25 0
1047 ORDER 1669 11 27 19 34 2
1048 ORDER 1670 7 12 2 4 0
1048 ORDER 1671 11 8 34 34 0
1049 ORDER 1672 9 8 3 9 0
1050 CANCEL 1505
1050 CANCEL 1586
1050 ORDER 1673 19 27 24 34 2
1051 ORDER 1674 19 26 37 35 0
1051 ORDER 1675 18 11 2 11 1
1052 CANCEL 1407
1052 ORDER 1676 37 15 19 35 1
1052 ORDER 1677 7 23 42 34 0
1053 ORDER 1678 31 30 25 34 2
1053 ORDER 1679 30 32 3 14 0
1054 ORDER 1680 40 18 3 12 3
1054 ORDER 1681 38 14 39 35 0
1055 ORDER 1682 40 30 1 13 2
1056 ORDER 1683 37 14 18 34 0
1057 ORDER 1684 26 27 12 35 0
1057 ORDER 1685 35 11 2 33 0
1058 ORDER 1686 21 15 1 17 0
1059 ORDER 1687 9 11 2 13 1
1059 ORDER 1688 38 3 2 31 0
1060 ORDER 1689 10 8 2 25 1
1061 ORDER 1690 28 27 1 30 0
1061 ORDER 1691 25 31 10 35 0
1062 CANCEL 1638
1062 ORDER 1692 18 20 14 34 0
1062 ORDER 1693 9 8 1 33 0
1063 ORDER 1694 19 27 2 33 0
1063 ORDER 1695 9 8 26 35 0
1064 ORDER 1696 9 12 17 35 1
1064 ORDER 1697 17 32 26 34 2
1065 CANCEL 1564
1065 ORDER 1698 38 6 38 35 1
1066 ORDER 1699 24 3 24 35 0
1066 ORDER 1700 27 28 1 7 3
1067 ORDER 1701 27 12 42 34 1
1067 ORDER 1702 33 29 40 34 1
1068 CANCEL 1486
1068 ORDER 1703 12 21 3 18 1
1069 ORDER 1704 37 21 1 10 0
1069 ORDER 1705 31 15 26 34 3
1070 ORDER 1706 32 15 42 34 2
1070 ORDER 1707 35 17 41 34 0
1071 ORDER 1708 17 11 39 34 0
1071 ORDER 1709 9 9 3 15 0
1072 CANCEL 1387
1072 ORDER 1710 8 17 1 26 0
1072 ORDER 1711 7 12 1 35 0
1073 ORDER 1712 12 26 1 22 0
1073 ORDER 1713 38 23 2 29 1
1074 UNBLOCK 36 8
1074 ORDER 1714 26 23 2 11 0
1074 ORDER 1715 9 20 46 34 3
1075 ORDER 1716 24 3 1 31 0
1076 ORDER 1717 9 21 40 35 0
1076 ORDER 1718 9 21 1 12 2
1077 ORDER 1719 9 11 2 6 1
1078 CANCEL 1693
1078 ORDER 1720 17 26 39 34 3
1079 ORDER 1721 29 11 1 2 0
1079 ORDER 1722 30 24 40 35 1
1080 ORDER 1723 20 32 1 15 1
1080 ORDER 1724 34 18 1 21 0
1081 ORDER 1725 27 14 7 35 2
1081 ORDER 1726 34 20 2 33 1
1082 ORDER 1727 17 14 15 34 0
1082 ORDER 1728 9 14 45 35 0
1083 CANCEL 1724
1083 ORDER 1729 42 6 15 35 1
1083 ORDER 1730 26 30 3 24 0
1084 ORDER 1731 15 5 2 21 0
1085 ORDER 1732 35 15 1 24 1
1085 ORDER 1733 45 13 3 30 0
1086 ORDER 1734 28 15 1 13 3
1087 ORDER 1735 28 29 1 29 1
1088 ORDER 1736 34 23 17 34 1
1089 ORDER 1737 28 8 47 35 0
1090 ORDER 1738 21 12 2 30 2
1090 ORDER 1739 8 11 46 35 1
1091 ORDER 1740 21 6 2 5 0
1091 ORDER 1741 15 32 31 34 1
1092 ORDER 1742 10 32 3 32 0
1092 ORDER 1743 38 12 17 35 2
1093 CANCEL 1525
1093 ORDER 1744 7 24 22 34 0
1093 ORDER 1745 6 14 3 22 1
1094 ORDER 1746 36 24 15 34 0
1095 CANCEL 1719
1095 ORDER 1747 6 17 21 34 0
1096 ORDER 1748 36 24 3 22 1
1096 ORDER 1749 31 9 39 34 0
1097 ORDER 1750 18 14 3 10 0
1097 ORDER 1751 20 11 2 3 1
1098 UNBLOCK 11 2
1098 ORDER 1752 10 5 2 16 3
1098 ORDER 1753 17 23 21 35 0
1099 ORDER 1754 38 8 22 34 0
1100 ORDER 1755 33 30 1 29 1
1100 ORDER 1756 34 26 3 26 0
1101 ORDER 1757 41 15 1 34 0
1101 ORDER 1758 26 8 3 18 0
1102 ORDER 1759 42 30 9 35 0
1102 ORDER 1760 39 6 3 3 0
1103 ORDER 1761 29 23 35 35 1
1103 ORDER 1762 10 24 40 34 1
1104 ORDER 1763 14 18 3 25 1
1105 ORDER 1764 17 14 7 34 2
1105 ORDER 1765 23 21 2 18 0
1106 ORDER 1766 26 29 17 35 0
1106 ORDER 1767 42 17 3 21 1
1107 ORDER 1768 6 19 29 34 1
1107 ORDER 1769 30 6 2 32 0
1107 BLOCK 27 26
1108 ORDER 1770 41 8 37 34 0
1108 ORDER 1771 8 26 5 35 0
1109 ORDER 1772 14 12 2 31 2
1109 ORDER 1773 9 15 1 14 0
1110 ORDER 1774 40 20 2 3 0
1111 ORDER 1775 22 26 36 35 1
1112 CANCEL 1757
1112 ORDER 1776 11 32 3 7 0
1113 ORDER 1777 40 14 24 34 0
1114 ORDER 1778 6 8 1 12 1
1115 ORDER 1779 15 29 2 1 1
1115 BLOCK 14 24
1116 ORDER 1780 7 27 22 34 1
1116 ORDER 1781 10 21 3 26 1
1117 ORDER 1782 44 20 34 34 1
1118 ORDER 1783 19 20 3 20 0
1118 ORDER 1784 45 18 42 34 1
1119 ORDER 1785 32 8 1 19 1
1119 ORDER 1786 40 23 18 34 0
1120 ORDER 1787 10 15 2 23 0
1121 ORDER 1788 24 3 1 20 0
1122 ORDER 1789 28 20 42 35 0
1122 ORDER 1790 18 8 3 30 1
1123 ORDER 1791 42 27 11 34 0
1124 ORDER 1792 10 17 3 2 0
1124 ORDER 1793 11 6 2 14 2
1124 CANCEL 101793
1125 ORDER 1794 26 9 3 23 2
1126 ORDER 1795 31 18 31 34 0
1126 ORDER 1796 8 27 47 34 0
1127 ORDER 1797 6 15 3 17 0
1127 ORDER 1798 35 14 3 23 0
1128 ORDER 1799 10 9 24 34 0
1128 ORDER 1800 39 6 1 27 1
1129 ORDER 1801 11 3 1 17 1
1130 ORDER 1802 9 5 30 35 1
1130 ORDER 1803 7 27 38 34 0
1131 ORDER 1804 24 27 48 35 0
1131 ORDER 1805 37 11 2 7 0
1132 ORDER 1806 35 24 2 13 0
1133 ORDER 1807 28 30 31 34 0
1134 CANCEL 1738
1134 ORDER 1808 10 27 47 35 0
1135 ORDER 1809 44 12 17 35 0
1136 ORDER 1810 7 24 1 3 0
1137 ORDER 1811 12 21 3 33 0
1138 ORDER 1812 34 23 1 27 1
1138 ORDER 1813 15 20 10 34 0
1139 ORDER 1814 28 27 2 29 0
1139 ORDER 1815 40 15 19 35 2
1140 ORDER 1816 38 15 3 18 1
1140 ORDER 1817 44 18 2 8 1
1141 CANCEL 1723
1141 ORDER 1818 10 6 39 34 1
1141 ORDER 1819 27 8 5 35 0
1142 ORDER 1820 9 11 1 9 1
1143 CANCEL 1539
1143 ORDER 1821 27 11 3 28 0
1144 ORDER 1822 40 26 43 34 0
1144 ORDER 1823 36 14 19 34 1
1144 BLOCK 21 17
1145 CANCEL 1598
1145 ORDER 1824 38 5 3 32 2
1146 ORDER 1825 26 8 30 35 0
1146 ORDER 1826 8 12 3 14 0
1147 ORDER 1827 31 17 2 1 1
1147 ORDER 1828 29 14 31 35 0
1148 ORDER 1829 11 30 2 31 0
1149 ORDER 1830 16 21 1 30 1
1149 ORDER 1831 38 11 1 2 3
1150 ORDER 1832 42 8 1 22 0
1150 ORDER 1833 17 11 1 19 0
1151 ORDER 1834 40 24 2 19 2
1151 ORDER 1835 45 3 2 8 0
1152 ORDER 1836 16 8 12 34 2
1152 ORDER 1837 29 9 47 34 0
1153 ORDER 1838 39 21 1 9 0
1154 ORDER 1839 38 14 2 35 0
1154 ORDER 1840 37 20 48 34 3
1155 CANCEL 1812
1155 ORDER 1841 11 32 25 35 0
1156 ORDER 1842 7 7 4 34 1
1156 ORDER 1843 18 15 1 20 0
1157 ORDER 1844 41 17 3 2 0
1158 CANCEL 1608
1158 ORDER 1845 12 5 30 35 0
1159 ORDER 1846 25 27 1 6 1
1159 ORDER 1847 40 17 39 35 0
1160 ORDER 1848 20 11 1 18 0
1160 ORDER 1849 28 18 12 35 0
1161 ORDER 1850 21 21 1 29 3
1161 ORDER 1851 17 14 41 34 0
1161 BLOCK 26 34
1162 ORDER 1852 45 30 2 31 0
1163 ORDER 1853 43 23 3 25 2
1163 ORDER 1854 15 17 3 25 0
1164 ORDER 1855 26 20 1 3 1
1165 ORDER 1856 10 15 39 35 2
1166 ORDER 1857 39 32 1 35 0
1166 ORDER 1858 8 11 1 34 1
1167 ORDER 1859 22 23 1 13 2
1167 ORDER 1860 23 8 27 34 0
1168 CANCEL 1762
1168 CANCEL 1802
1168 ORDER 1861 30 12 11 34 0
1168 ORDER 1862 40 32 12 34 0
1169 ORDER 1863 45 9 22 34 0
1169 ORDER 1864 22 6 3 11 0
1170 ORDER 1865 37 5 2 7 1
1170 ORDER 1866 33 23 29 35 2
1171 ORDER 1867 13 9 1 12 0
1171 ORDER 1868 29 8 3 17 0
1172 ORDER 1869 27 3 16 35 0
1172 ORDER 1870 29 27 7 34 1
1173 ORDER 1871 35 29 3 15 1
1173 ORDER 1872 31 5 3 7 0
1174 ORDER 1873 23 26 24 35 1
1175 ORDER 1874 12 3 29 34 0
1176 ORDER 1875 20 15 2 27 2
1176 ORDER 1876 40 30 9 35 0
1177 ORDER 1877 7 18 41 35 1
1177 ORDER 1878 17 24 21 34 1
1178 ORDER 1879 19 14 1 6 1
1178 ORDER 1880 19 15 3 15 1
1179 ORDER 1881 19 20 45 34 0
1180 ORDER 1882 21 17 5 34 0
1180 ORDER 1883 16 11 6 35 0
1181 ORDER 1884 10 17 1 33 0
1181 ORDER 1885 16 20 23 34 3
1182 ORDER 1886 39 24 1 7 1
1183 ORDER 1887 29 32 2 17 2
1183 ORDER 1888 42 15 3 2 0
1184 ORDER 1889 30 18 1 32 0
1184 ORDER 1890 18 14 3 25 0
1185 ORDER 1891 30 21 26 35 1
1186 ORDER 1892 16 20 3 23 0
1187 ORDER 1893 28 12 2 11 1
1187 ORDER 1894 18 14 15 34 0
1188 ORDER 1895 39 3 3 32 0
1189 ORDER 1896 33 21 31 35 1
1189 ORDER 1897 40 14 2 3 0
1190 ORDER 1898 17 27 2 33 1
1190 ORDER 1899 26 23 10 35 0
1191 CANCEL 1617
1191 ORDER 1900 7 14 2 34 1
1192 ORDER 1901 43 21 31 35 3
1192 ORDER 1902 28 18 19 34 0
1193 ORDER 1903 25 11 1 21 0
1193 ORDER 1904 26 20 2 17 0
1194 CANCEL 1751
1194 CANCEL 1820
1194 ORDER 1905 19 26 3 27 2
1195 ORDER 1906 6 12 2 6 0
1195 ORDER 1907 11 21 35 35 1
1196 ORDER 1908 41 29 4 35 0
1197 ORDER 1909 10 26 3 35 0
1197 ORDER 1910 38 29 11 34 0
1198 ORDER 1911 23 6 3 2 3
1198 ORDER 1912 25 27 3 12 1
1199 ORDER 1913 40 12 42 35 0
1199 ORDER 1914 29 26 13 35 0
1200 ORDER 1915 17 3 38 35 1
1200 ORDER 1916 35 9 23 34 1
1201 ORDER 1917 22 9 24 35 2
1201 ORDER 1918 40 5 2 31 0
1202 ORDER 1919 18 5 1 9 0
1202 ORDER 1920 45 15 12 34 0
1203 ORDER 1921 28 30 12 35 0
1204 ORDER 1922 29 9 42 35 2
1205 UNBLOCK 27 26
1205 ORDER 1923 27 23 27 35 2
1205 ORDER 1924 27 21 19 34 0
1206 ORDER 1925 11 9 33 34 0
1207 ORDER 1926 25 29 6 34 1
1207 ORDER 1927 27 17 19 35 0
1208 CANCEL 1835
1208 ORDER 1928 28 5 2 13 1
1209 ORDER 1929 37 27 2 9 1
1209 ORDER 1930 39 26 3 6 0
1210 ORDER 1931 40 24 48 34 0
1210 ORDER 1932 37 11 13 35 1
1211 ORDER 1933 24 18 45 34 0
1211 ORDER 1934 41 15 2 30 0
1212 CANCEL 1772
1212 ORDER 1935 24 12 1 35 1
1212 ORDER 1936 18 3 37 35 1
1213 CANCEL 1867
1213 ORDER 1937 35 20 11 34 0
1213 ORDER 1938 16 14 21 35 0
1214 ORDER 1939 27 12 33 35 0
1215 ORDER 1940 44 14 2 28 3
1216 ORDER 1941 22 27 2 35 0
1217 ORDER 1942 23 15 2 35 0
1217 ORDER 1943 24 5 37 35 0
1218 CANCEL 1884
1218 ORDER 1944 15 21 6 34 0
1218 ORDER 1945 8 30 6 34 0
1219 ORDER 1946 11 6 30 35 0
1220 CANCEL 1944
1220 ORDER 1947 43 12 26 35 0
1221 ORDER 1948 23 23 2 18 1
1221 ORDER 1949 20 32 1 28 0
1222 UNBLOCK 14 24
1222 ORDER 1950 29 15 2 31 2
1223 ORDER 1951 9 21 18 35 0
1223 ORDER 1952 32 9 42 35 1
1224 ORDER 1953 18 11 8 34 0
1224 ORDER 1954 29 15 46 34 0
1225 ORDER 1955 20 14 3 19 0
1225 ORDER 1956 10 5 25 35 0
1226 ORDER 1957 29 5 1 1 3
1226 ORDER 1958 31 3 3 3 0
1227 ORDER 1959 14 32 1 22 1
1227 ORDER 1960 30 20 3 32 1
1228 ORDER 1961 38 17 48 35 0
1229 ORDER 1962 34 27 32 35 3
1229 ORDER 1963 39 20 47 34 2
1230 ORDER 1964 12 5 26 35 0
1230 ORDER 1965 10 24 1 5 0
1231 CANCEL 1838
1231 ORDER 1966 29 5 18 35 1
1231 ORDER 1967 29 5 1 20 0
1232 ORDER 1968 15 15 32 34 0
1232 ORDER 1969 6 23 20 35 0
1233 ORDER 1970 21 24 1 29 0
1233 ORDER 1971 22 17 26 35 0
1234 ORDER 1972 7 5 2 4 0
1234 ORDER 1973 31 15 30 34 3
1235 ORDER 1974 9 23 2 12 0
1236 ORDER 1975 11 32 33 35 0
1236 ORDER 1976 15 17 22 35 0
1237 ORDER 1977 12 17 42 34 0
1237 ORDER 1978 27 15 3 18 1
1238 ORDER 1979 9 23 24 35 2
1238 ORDER 1980 16 24 2 24 0
1238 BLOCK 17 30
1239 ORDER 1981 21 11 16 35 0
1240 ORDER 1982 17 8 19 34 0
1240 ORDER 1983 36 27 2 19 0
1241 CANCEL 1736
1241 ORDER 1984 20 6 3 16 1
1241 ORDER 1985 27 6 7 35 0
1242 ORDER 1986 32 3 31 35 0
1243 ORDER 1987 45 12 2 29 0
1244 CANCEL 1852
1244 ORDER 1988 26 5 3 35 0
1244 ORDER 1989 11 3 3 29 0
1245 ORDER 1990 35 12 3 27 1
1245 ORDER 1991 20 18 1 31 0
1246 ORDER 1992 45 27 3 26 0
1246 ORDER 1993 31 23 3 26 0
1247 ORDER 1994 42 6 3 30 1
1247 ORDER 1995 37 23 30 34 0
1248 ORDER 1996 44 5 20 35 2
1248 ORDER 1997 36 5 10 34 1
1249 ORDER 1998 34 29 3 10 1
1249 ORDER 1999 41 24 2 18 2
1250 ORDER 2000 6 5 43 34 1
1251 ORDER 2001 44 14 2 35 1
1252 ORDER 2002 35 3 28 35 0
1253 ORDER 2003 40 15 1 27 1
1254 ORDER 2004 22 8 2 21 3
1254 ORDER 2005 7 11 28 34 3
1255 ORDER 2006 12 6 3 15 0
1256 ORDER 2007 36 20 2 9 2
1256 ORDER 2008 9 9 31 35 1
1257 ORDER 2009 28 14 3 30 0
1257 ORDER 2010 26 9 23 35 1
1258 ORDER 2011 41 32 3 4 0
1259 ORDER 2012 31 21 3 30 0
1259 ORDER 2013 36 6 41 35 1
1260 ORDER 2014 21 26 35 35 2
1260 ORDER 2015 18 3 20 34 0
1261 ORDER 2016 16 14 1 10 0
1261 ORDER 2017 19 20 38 35 0
1262 ORDER 2018 29 27 2 24 1
1262 ORDER 2019 27 9 44 34 0
1263 ORDER 2020 32 32 2 11 1
1264 ORDER 2021 33 8 18 35 3
1265 ORDER 2022 7 29 4 34 3
1265 ORDER 2023 45 20 2 2 0
1266 ORDER 2024 37 27 29 34 2
1267 ORDER 2025 27 3 1 6 3
1267 ORDER 2026 6 12 2 20 2
1268 CANCEL 1941
1268 ORDER 2027 33 8 2 4 0
1269 UNBLOCK 26 34
1269 ORDER 2028 10 32 2 22 2
1270 CANCEL 1754
1270 ORDER 2029 25 18 3 26 0
1270 ORDER 2030 39 24 6 35 0
1271 ORDER 2031 36 15 3 7 0
1272 ORDER 2032 38 27 23 35 0
1273 ORDER 2033 19 14 4 35 1
1273 ORDER 2034 20 21 29 34 0
1274 ORDER 2035 35 15 45 34 0
1275 ORDER 2036 8 18 10 35 1
1275 ORDER 2037 6 6 2 33 2
1276 ORDER 2038 24 29 1 29 1
1276 ORDER 2039 27 3 2 20 2
1277 CANCEL 1808
1277 ORDER 2040 30 21 17 34 0
1278 ORDER 2041 36 18 3 32 0
1279 CANCEL 1905
1279 ORDER 2042 14 12 13 34 0
1279 ORDER 2043 12 15 18 35 2
1280 ORDER 2044 29 9 24 34 0
1280 ORDER 2045 35 26 45 35 0
1281 ORDER 2046 30 12 24 35 0
1281 ORDER 2047 23 24 3 27 0
1282 ORDER 2048 32 21 45 35 0
1282 ORDER 2049 26 29 2 19 0
1283 ORDER 2050 17 17 3 18 1
1283 ORDER 2051 23 29 4 34 0
1284 ORDER 2052 22 15 2 28 0
1285 ORDER 2053 9 12 1 2 0
1286 ORDER 2054 40 21 1 6 0
1286 ORDER 2055 26 29 35 35 0
1287 UNBLOCK 21 17
1287 ORDER 2056 42 23 2 28 0
1288 ORDER 2057 8 30 2 26 0
1288 ORDER 2058 45 3 3 18 0
1289 ORDER 2059 32 9 41 34 3
1290 ORDER 2060 28 3 3 29 1
1291 ORDER 2061 26 29 27 35 3
1291 ORDER 2062 24 18 1 22 0
1292 ORDER 2063 17 23 26 35 0
1292 ORDER 2064 42 21 43 34 0
1292 BLOCK 10 26
1293 ORDER 2065 10 6 12 35 1
1294 ORDER 2066 10 30 2 5 0
1294 ORDER 2067 35 17 2 14 1
1295 CANCEL 1930
1295 ORDER 2068 27 29 39 34 0
1295 ORDER 2069 32 32 2 23 0
1296 ORDER 2070 14 27 2 7 1
1297 ORDER 2071 37 3 18 34 2
1297 ORDER 2072 29 17 2 12 3
1298 ORDER 2073 19 17 43 34 1
1298 ORDER 2074 16 24 1 28 1
1299 ORDER 2075 13 24 21 34 0
1300 CANCEL 1872
1300 ORDER 2076 19 29 2 5 1
1300 ORDER 2077 43 14 3 2 0
1301 ORDER 2078 35 3 3 34 1
1302 ORDER 2079 29 11 1 13 0
1302 ORDER 2080 25 11 35 34 0
1303 CANCEL 1844
1303 ORDER 2081 15 32 41 35 1
1303 ORDER 2082 19 9 9 34 2
1304 ORDER 2083 25 32 37 34 1
1304 ORDER 2084 17 8 2 33 1
1305 ORDER 2085 32 27 3 27 0
1305 ORDER 2086 36 9 1 25 1
1306 ORDER 2087 21 9 1 29 0
1306 ORDER 2088 27 12 26 34 0
1307 ORDER 2089 22 32 1 30 2
1307 ORDER 2090 8 6 2 27 1
1308 ORDER 2091 31 20 15 34 0
1308 ORDER 2092 20 30 1 16 0
1309 ORDER 2093 7 27 1 7 1
1310 ORDER 2094 18 3 2 29 0
1310 ORDER 2095 40 9 3 32 0
1311 ORDER 2096 23 8 3 2 0
1311 ORDER 2097 8 6 41 35 0
1312 ORDER 2098 27 18 23 35 0
1313 ORDER 2099 34 14 3 5 2
1314 ORDER 2100 9 17 27 35 0
1314 ORDER 2101 14 14 37 34 0
1315 ORDER 2102 38 21 1 32 1
1316 CANCEL 2025
1316 ORDER 2103 10 15 26 34 0
1316 ORDER 2104 14 12 23 34 3
1317 ORDER 2105 27 23 11 35 0
1317 ORDER 2106 15 12 1 22 0
1318 ORDER 2107 19 11 3 14 0
1319 CANCEL 1906
1319 ORDER 2108 35 27 34 35 0
1319 ORDER 2109 17 23 2 10 1
1320 ORDER 2110 9 27 10 34 0
1320 ORDER 2111 18 26 36 35 0
1321 ORDER 2112 6 5 7 34 0
1321 ORDER 2113 37 18 38 34 0
1322 CANCEL 2060
1322 ORDER 2114 10 21 2 32 2
1322 ORDER 2115 12 21 42 35 0
1323 ORDER 2116 16 20 15 35 0
1323 ORDER 2117 9 18 38 35 0
1324 ORDER 2118 39 3 1 15 0
1325 CANCEL 1970
1325 ORDER 2119 36 30 1 33 0
1325 ORDER 2120 42 21 2 12 0
1326 ORDER 2121 37 21 46 34 0
1326 ORDER 2122 41 27 1 32 0
1327 ORDER 2123 9 20 26 34 0
1328 ORDER 2124 37 18 34 34 2
1328 ORDER 2125 36 17 14 35 0
1329 ORDER 2126 7 3 1 17 0
1329 ORDER 2127 38 26 4 35 2
1330 ORDER 2128 34 14 43 34 1
1330 ORDER 2129 37 11 2 27 0
1331 ORDER 2130 9 20 5 35 0
1331 ORDER 2131 42 27 2 6 0
1332 ORDER 2132 42 23 3 27 0
1333 ORDER 2133 30 6 26 35 1
1333 ORDER 2134 36 26 3 31 0
1334 CANCEL 1834
1334 ORDER 2135 18 11 3 32 0
1334 ORDER 2136 9 9 3 1 0
1335 ORDER 2137 37 21 3 6 0
1336 ORDER 2138 7 17 2 22 0
1336 ORDER 2139 17 6 2 14 2
1337 ORDER 2140 12 5 1 9 0
1338 ORDER 2141 9 12 6 35 0
1338 ORDER 2142 29 20 24 35 2
1338 BLOCK 40 2
1339 ORDER 2143 36 17 2 33 0
1339 ORDER 2144 21 24 21 35 0
1340 ORDER 2145 25 18 2 14 1
1341 ORDER 2146 8 23 2 17 1
1341 ORDER 2147 30 24 1 30 1
1342 ORDER 2148 38 24 2 27 0
1343 ORDER 2149 30 23 1 4 1
1343 ORDER 2150 22 9 1 21 0
1344 UNBLOCK 17 30
1344 ORDER 2151 37 5 1 34 0
1344 ORDER 2152 9 29 17 34 1
1345 ORDER 2153 11 21 42 34 0
1345 ORDER 2154 27 30 2 17 0
1346 ORDER 2155 39 17 21 35 0
1346 ORDER 2156 40 21 19 35 0
1347 ORDER 2157 31 5 2 30 2
1347 ORDER 2158 16 8 2 19 0
1348 ORDER 2159 30 5 2 5 1
1348 ORDER 2160 9 17 1 7 3
1349 ORDER 2161 26 6 3 12 0
1349 ORDER 2162 10 20 2 7 2
1350 ORDER 2163 42 29 19 34 0
1350 ORDER 2164 22 21 1 9 0
1351 ORDER 2165 33 30 1 8 0
1351 ORDER 2166 44 3 1 16 0
1352 ORDER 2167 29 6 19 35 3
1352 ORDER 2168 21 32 35 35 1
1353 ORDER 2169 33 8 45 34 0
1353 ORDER 2170 39 3 46 35 0
1354 CANCEL 2139
1354 ORDER 2171 37 3 3 9 1
1355 CANCEL 1922
1355 ORDER 2172 42 17 2 15 0
1356 ORDER 2173 22 32 2 35 0
1357 CANCEL 2110
1357 ORDER 2174 40 20 2 26 0
1357 ORDER 2175 10 21 31 35 2
1358 ORDER 2176 36 14 1 1 1
1358 ORDER 2177 21 3 10 34 1
1359 ORDER 2178 31 9 30 35 1
1359 ORDER 2179 33 14 29 35 0
1360 CANCEL 2050
1360 ORDER 2180 37 5 45 35 1
1361 ORDER 2181 16 5 12 35 0
1361 ORDER 2182 44 14 41 34 3
1362 ORDER 2183 36 3 26 34 1
1362 ORDER 2184 38 12 24 34 1
1363 ORDER 2185 41 17 2 32 1
1363 ORDER 2186 34 29 32 34 1
1364 ORDER 2187 22 29 1 24 1
1364 ORDER 2188 29 18 27 34 0
1365 ORDER 2189 22 21 21 34 0
1366 ORDER 2190 6 6 1 19 3
1367 ORDER 2191 23 29 44 34 0
1367 ORDER 2192 7 30 3 8 0
1368 ORDER 2193 35 3 17 35 0
1368 ORDER 2194 30 6 1 11 0
1369 ORDER 2195 31 15 1 31 1
1370 ORDER 2196 18 3 23 34 0
1371 ORDER 2197 21 5 9 35 0
1371 ORDER 2198 36 24 2 24 0
1372 ORDER 2199 13 26 1 33 1
1372 ORDER 2200 34 12 1 25 0
1373 ORDER 2201 17 29 3 18 0
1374 CANCEL 1995
1374 ORDER 2202 37 27 1 16 3
1375 ORDER 2203 26 20 4 34 2
1375 ORDER 2204 38 15 13 35 1
1376 ORDER 2205 31 9 2 10 0
1377 ORDER 2206 17 11 25 35 0
1377 ORDER 2207 12 5 3 10 0
1378 ORDER 2208 41 6 1 6 0
1378 ORDER 2209 27 20 6 35 1
1379 ORDER 2210 11 32 1 10 0
1379 ORDER 2211 36 18 3 34 2
1380 ORDER 2212 6 9 41 34 0
1380 ORDER 2213 6 6 2 7 2
1381 ORDER 2214 34 27 2 18 1
1382 ORDER 2215 43 23 47 34 0
1382 ORDER 2216 38 30 1 30 1
1383 CANCEL 1964
1383 ORDER 2217 17 25 1 5 0
1384 ORDER 2218 27 20 1 17 0
1385 ORDER 2219 11 12 2 22 0
1385 ORDER 2220 43 23 2 25 0
1386 ORDER 2221 37 32 8 35 3
1386 ORDER 2222 18 11 32 34 1
1387 ORDER 2223 10 17 7 34 0
1387 ORDER 2224 18 3 14 34 3
1388 ORDER 2225 18 29 2 30 0
1388 ORDER 2226 10 24 3 14 2
1389 ORDER 2227 15 18 19 34 0
1390 CANCEL 1971
1390 CANCEL 2090
1390 ORDER 2228 20 26 18 35 1
1390 ORDER 2229 21 24 2 9 0
1391 ORDER 2230 17 20 23 35 0
1391 ORDER 2231 27 32 17 35 2
1392 CANCEL 2064
1392 ORDER 2232 43 12 11 35 0
1392 ORDER 2233 40 14 1 29 1
1393 ORDER 2234 30 6 5 34 2
1393 ORDER 2235 37 32 2 29 0
1394 ORDER 2236 34 20 44 35 1
1395 ORDER 2237 20 11 19 34 1
1395 ORDER 2238 19 14 2 34 0
1396 CANCEL 2180
1396 ORDER 2239 9 15 2 18 0
1396 ORDER 2240 44 24 38 34 0
1397 ORDER 2241 22 9 3 29 0
1397 ORDER 2242 6 20 19 35 0
1398 ORDER 2243 24 18 2 34 0
1398 ORDER 2244 42 23 1 29 0
1399 ORDER 2245 42 29 3 26 1
1400 ORDER 2246 31 26 3 4 0
1400 ORDER 2247 43 23 2 25 0
1401 ORDER 2248 40 5 3 21 2
1401 ORDER 2249 33 8 17 35 1
1402 ORDER 2250 8 23 33 34 0
1403 ORDER 2251 9 27 2 10 0
1404 CANCEL 2134
1404 ORDER 2252 12 5 14 35 3
1405 ORDER 2253 8 12 1 30 2
1405 ORDER 2254 34 12 27 35 0
1406 ORDER 2255 41 11 2 29 1
1407 ORDER 2256 42 21 1 28 1
1408 ORDER 2257 27 20 47 35 1
1408 ORDER 2258 40 9 20 35 0
1409 ORDER 2259 6 11 11 35 3
1409 ORDER 2260 23 26 37 34 2
1410 ORDER 2261 10 3 36 35 2
1410 ORDER 2262 33 14 15 35 0
1411 ORDER 2263 20 17 3 27 0
1411 ORDER 2264 15 21 46 35 0
1412 CANCEL 2096
1412 ORDER 2265 41 21 26 35 0
1412 ORDER 2266 38 18 2 30 0
1413 ORDER 2267 42 27 22 35 1
1414 ORDER 2268 40 14 40 35 0
1415 ORDER 2269 43 21 3 8 0
1415 ORDER 2270 22 6 2 13 0
1416 ORDER 2271 34 20 2 25 0
1416 ORDER 2272 15 17 47 34 0
1417 ORDER 2273 8 29 3 31 0
1417 ORDER 2274 8 26 2 25 0
1418 ORDER 2275 7 24 20 35 0
1418 ORDER 2276 11 3 41 35 1
1419 ORDER 2277 10 9 34 34 0
1419 ORDER 2278 16 5 29 34 2
1420 CANCEL 2073
1420 ORDER 2279 39 3 10 34 0
1421 ORDER 2280 34 27 24 34 2
1422 CANCEL 2245
1422 ORDER 2281 10 9 1 3 0
1423 ORDER 2282 40 32 2 10 1
1423 ORDER 2283 32 21 1 27 2
1424 CANCEL 2071
1424 ORDER 2284 12 23 14 35 0
1425 ORDER 2285 9 27 1 18 1
1425 ORDER 2286 10 24 32 35 1
1426 ORDER 2287 23 21 7 34 1
1426 ORDER 2288 8 29 2 21 0
1427 ORDER 2289 31 18 11 35 1
1427 ORDER 2290 23 24 26 35 1
1428 ORDER 2291 37 11 3 8 1
1428 ORDER 2292 30 5 24 35 0
1429 ORDER 2293 33 27 28 34 0
1430 ORDER 2294 34 23 46 34 0
1430 ORDER 2295 11 6 39 35 0
1431 ORDER 2296 8 9 15 34 0
1432 ORDER 2297 38 12 3 23 2
1432 ORDER 2298 26 15 3 1 0
1433 ORDER 2299 20 32 1 18 0
1434 ORDER 2300 18 12 34 34 0
1434 ORDER 2301 18 27 8 34 0
1435 ORDER 2302 35 18 2 11 0
1435 ORDER 2303 19 5 20 35 0
1436 ORDER 2304 16 9 3 27 0
1436 ORDER 2305 39 21 2 30 0
1437 ORDER 2306 26 3 2 17 0
1437 ORDER 2307 29 11 1 24 0
1438 ORDER 2308 19 27 1 30 0
1438 ORDER 2309 18 20 9 34 0
1439 ORDER 2310 11 11 1 23 0
1439 ORDER 2311 20 6 2 13 0
1440 UNBLOCK 10 26
1440 ORDER 2312 8 11 24 34 0
1440 ORDER 2313 8 6 37 34 0
1441 ORDER 2314 24 18 41 35 0
1442 ORDER 2315 39 26 46 34 2
1443 ORDER 2316 42 32 28 34 2
1443 ORDER 2317 22 9 1 3 0
1444 ORDER 2318 36 11 3 16 2
1444 ORDER 2319 27 12 15 35 1
1445 ORDER 2320 20 8 24 34 3
1445 ORDER 2321 22 24 2 23 0
1446 ORDER 2322 22 22 5 35 0
1446 ORDER 2323 16 12 2 32 1
1447 ORDER 2324 30 20 1 31 0
1447 ORDER 2325 7 27 2 26 0
1448 ORDER 2326 33 8 3 18 1
1449 ORDER 2327 15 5 1 29 0
1449 ORDER 2328 41 26 2 6 3
1450 ORDER 2329 14 14 6 34 0
1450 ORDER 2330 9 3 1 6 0
1451 ORDER 2331 6 6 1 16 1
1451 ORDER 2332 40 23 2 14 1
1451 CANCEL 102332
1452 ORDER 2333 26 26 3 7 0
1452 ORDER 2334 41 15 9 35 0
1453 ORDER 2335 44 27 39 34 0
1454 ORDER 2336 18 21 1 14 2
1454 ORDER 2337 29 30 18 35 0
1455 ORDER 2338 34 12 20 34 0
1456 ORDER 2339 44 26 1 22 1
1457 ORDER 2340 35 29 1 9 1
1457 ORDER 2341 38 6 1 33 1
1458 ORDER 2342 14 27 2 9 0
1458 ORDER 2343 12 3 23 35 0
1459 ORDER 2344 18 12 2 21 0
1459 ORDER 2345 31 6 2 15 1
1460 CANCEL 2215
1460 ORDER 2346 43 5 30 35 2
1460 ORDER 2347 21 30 1 20 1
1461 CANCEL 2195
1461 ORDER 2348 42 21 3 31 0
1461 ORDER 2349 29 6 3 25 0
1462 ORDER 2350 22 6 8 35 0
1462 ORDER 2351 21 21 19 34 1
1463 ORDER 2352 31 9 1 29 0
1464 ORDER 2353 16 9 24 35 1
1464 ORDER 2354 17 27 32 35 0
1465 CANCEL 2299
1465 ORDER 2355 22 27 1 34 0
1466 ORDER 2356 42 30 22 35 0
1467 CANCEL 2114
1467 ORDER 2357 8 27 2 20 0
1468 ORDER 2358 45 9 43 34 0
1469 ORDER 2359 22 24 2 33 0
1470 ORDER 2360 20 8 16 34 0
1470 ORDER 2361 15 32 31 34 0
1471 ORDER 2362 43 21 3 8 1
1471 ORDER 2363 17 6 2 28 0
1472 ORDER 2364 43 29 19 34 1
1472 ORDER 2365 20 14 2 3 0
1473 ORDER 2366 8 21 44 34 0
1473 ORDER 2367 40 17 9 34 0
1474 ORDER 2368 26 16 1 34 0
1475 ORDER 2369 26 15 3 23 0
1475 ORDER 2370 24 27 2 17 0
1476 ORDER 2371 8 6 43 34 0
1476 ORDER 2372 25 18 3 27 2
1477 ORDER 2373 20 17 3 8 0
1477 ORDER 2374 6 11 2 5 2
1478 ORDER 2375 28 14 1 1 0
1478 ORDER 2376 24 18 3 28 0
1479 ORDER 2377 15 30 28 34 0
1479 ORDER 2378 28 11 3 12 0
1480 ORDER 2379 35 17 46 35 0
1480 ORDER 2380 6 5 2 2 0
1481 ORDER 2381 17 5 3 34 3
1481 ORDER 2382 24 29 2 30 2
1482 ORDER 2383 7 24 3 29 0
1482 ORDER 2384 41 19 3 14 0
1483 ORDER 2385 36 15 3 31 0
1484 ORDER 2386 6 12 1 35 0
1484 ORDER 2387 35 26 3 4 0
1485 ORDER 2388 15 8 1 5 0
1485 ORDER 2389 39 21 2 18 0
1486 ORDER 2390 18 29 2 28 0
1487 UNBLOCK 40 2
1487 ORDER 2391 21 24 33 35 0
1487 ORDER 2392 11 21 3 6 0
1488 ORDER 2393 18 3 1 9 1
1488 ORDER 2394 6 11 18 35 0
1489 ORDER 2395 27 12 5 35 0
1489 ORDER 2396 10 9 2 24 0
1490 ORDER 2397 31 18 3 26 2
1491 ORDER 2398 7 11 43 35 0
1492 ORDER 2399 31 20 32 35 1
1492 ORDER 2400 41 9 2 18 0
1493 ORDER 2401 18 5 20 34 0
1493 ORDER 2402 41 29 8 35 0
1494 ORDER 2403 41 15 1 33 0
1495 ORDER 2404 28 5 44 34 1
1495 ORDER 2405 40 20 31 34 1
1496 CANCEL 2348
1496 ORDER 2406 7 21 2 8 2
1496 ORDER 2407 30 6 3 21 0
1497 ORDER 2408 22 15 33 35 1
1498 ORDER 2409 38 27 3 6 0
1499 CANCEL 2248
1499 ORDER 2410 20 15 1 14 2
