40 31 1500
########################################
#.....C......C......C......C...........#
#......................................#
#......................................#
#.....#########..#########..#######....#
#......................................#
#......................................#
#.....########..######..######..####...#
#......................................#
#......................................#
#.....#######..#######..######..####...#
#......................................#
#......................................#
#.....#########..#########..########...#
#......................................#
#......................................#
#.....#######..#########..#########....#
#......................................#
#......................................#
#.....######..#########..#######..##...#
#......................................#
#......................................#
#.....######..######..######..######...#
#......................................#
#......................................#
#.....########..#########..#########...#
#......................................#
#......................................#
#......................................#
#......................................#
########################################
PARAMS 568 28 142 30 50 3
ROBOTS 24
22 15
36 11
28 18
22 23
24 3
10 18
28 1
38 25
32 27
1 2
24 5
36 24
25 8
12 27
3 3
16 9
34 3
30 29
7 18
24 15
36 6
10 6
35 20
20 22
EVENTS 672
0 ORDER 1 26 9 3 12 0
3 ORDER 2 29 5 1 11 0
6 ORDER 3 18 20 10 28 3
8 ORDER 4 14 21 3 26 0
12 ORDER 5 13 24 34 29 0
13 ORDER 6 18 14 31 29 0
14 BLOCK 15 2
16 ORDER 7 31 5 2 17 0
23 ORDER 8 14 5 31 28 0
24 ORDER 9 22 21 3 15 0
27 ORDER 10 17 5 1 21 0
28 ORDER 11 23 21 13 28 0
29 ORDER 12 12 12 3 23 0
32 ORDER 13 20 24 3 6 0
36 ORDER 14 29 20 9 29 0
38 ORDER 15 9 18 13 29 0
39 ORDER 16 17 24 10 29 0
39 BLOCK 33 1
43 ORDER 17 23 26 2 25 0
49 ORDER 18 21 17 1 26 1
53 ORDER 19 24 8 33 28 1
55 ORDER 20 24 21 2 6 1
58 ORDER 21 21 11 3 21 0
63 ORDER 22 12 24 22 28 1
65 ORDER 23 18 26 1 19 1
71 ORDER 24 10 9 15 28 0
73 ORDER 25 32 12 31 28 0
74 ORDER 26 19 20 2 26 1
75 ORDER 27 10 6 1 23 0
84 ORDER 28 7 8 33 28 0
85 ORDER 29 31 20 14 28 0
86 ORDER 30 11 17 3 23 0
87 ORDER 31 35 24 16 29 0
91 ORDER 32 12 8 8 29 1
92 ORDER 33 22 20 6 29 0
93 ORDER 34 7 26 31 29 2
94 ORDER 35 8 8 23 29 0
97 ORDER 36 25 3 18 28 0
98 ORDER 37 12 14 27 28 0
103 ORDER 38 25 18 15 28 0
107 CANCEL 15
109 CANCEL 2
109 ORDER 39 31 3 32 29 0
114 BLOCK 27 29
115 ORDER 40 16 8 3 24 0
116 ORDER 41 21 9 3 10 1
117 ORDER 42 8 26 2 15 1
118 ORDER 43 31 14 18 28 0
119 ORDER 44 18 5 3 29 2
120 ORDER 45 19 6 3 18 1
121 ORDER 46 6 18 17 28 0
125 ORDER 47 6 20 1 21 2
128 BLOCK 6 23
130 CANCEL 17
132 ORDER 48 11 21 29 29 0
133 UNBLOCK 15 2
133 ORDER 49 33 26 2 6 1
135 UNBLOCK 33 1
138 ORDER 50 9 21 10 29 0
139 ORDER 51 18 26 1 8 1
141 ORDER 52 15 9 2 4 0
142 ORDER 53 10 21 11 28 0
145 ORDER 54 26 15 2 17 0
147 ORDER 55 33 17 3 4 0
150 CANCEL 46
152 ORDER 56 19 15 2 11 0
153 ORDER 57 30 23 2 7 1
160 ORDER 58 35 18 3 22 0
163 ORDER 59 22 18 17 28 0
164 ORDER 60 11 9 32 29 0
165 ORDER 61 33 11 3 14 2
166 CANCEL 39
170 ORDER 62 6 23 37 29 0
171 ORDER 63 10 6 37 29 0
174 ORDER 64 10 3 3 3 0
175 ORDER 65 24 5 15 29 2
176 ORDER 66 29 15 1 19 0
179 ORDER 67 11 15 3 20 1
180 BLOCK 28 22
183 ORDER 68 8 5 21 28 0
186 ORDER 69 22 16 1 24 1
188 ORDER 70 33 17 2 17 1
189 ORDER 71 13 8 3 9 0
190 ORDER 72 19 24 19 28 1
202 ORDER 73 25 23 3 26 0
204 CANCEL 41
207 UNBLOCK 6 23
211 ORDER 74 6 15 38 28 1
212 ORDER 75 12 5 1 11 1
213 UNBLOCK 27 29
214 ORDER 76 19 8 1 26 0
217 ORDER 77 32 15 21 29 0
218 ORDER 78 21 15 1 19 1
221 BLOCK 33 20
223 ORDER 79 19 6 1 1 0
224 UNBLOCK 28 22
225 ORDER 80 16 6 14 28 0
226 ORDER 81 31 20 2 16 2
230 ORDER 82 35 8 38 28 0
232 ORDER 83 10 18 2 1 0
233 ORDER 84 13 12 1 15 0
233 BLOCK 16 5
238 ORDER 85 34 14 2 1 0
239 BLOCK 25 28
244 CANCEL 26
244 BLOCK 8 12
246 ORDER 86 20 15 35 28 1
247 ORDER 87 11 5 12 28 0
247 CANCEL 100087
248 ORDER 88 17 3 1 21 0
249 ORDER 89 31 3 3 8 0
250 ORDER 90 28 8 2 22 0
251 ORDER 91 6 15 3 25 1
256 ORDER 92 8 18 3 17 3
258 ORDER 93 15 17 1 7 0
259 ORDER 94 6 20 3 21 0
264 ORDER 95 35 9 34 28 3
265 ORDER 96 18 20 1 27 0
269 ORDER 97 9 17 1 29 2
275 ORDER 98 8 18 1 10 1
276 ORDER 99 35 26 1 14 0
278 ORDER 100 27 15 23 29 0
280 ORDER 101 17 23 3 19 2
283 ORDER 102 34 5 2 1 2
284 ORDER 103 26 6 3 16 2
286 ORDER 104 16 26 35 28 0
288 ORDER 105 7 21 13 29 3
289 ORDER 106 9 17 1 5 0
290 ORDER 107 25 11 30 29 0
299 ORDER 108 34 14 16 29 0
308 ORDER 109 29 3 10 29 0
309 CANCEL 82
309 ORDER 110 18 11 3 16 0
315 BLOCK 28 20
319 ORDER 111 10 15 1 17 0
320 ORDER 112 20 3 1 22 0
323 UNBLOCK 8 12
323 ORDER 113 29 17 2 19 0
325 ORDER 114 33 12 1 6 0
326 ORDER 115 35 6 20 29 0
327 ORDER 116 32 23 11 28 0
328 ORDER 117 8 18 37 28 2
329 ORDER 118 28 17 1 15 0
330 ORDER 119 9 12 1 26 0
333 ORDER 120 6 26 2 29 2
335 ORDER 121 7 14 32 29 1
341 CANCEL 65
341 ORDER 122 19 6 10 29 0
343 ORDER 123 9 14 19 28 1
345 ORDER 124 26 11 3 28 0
346 ORDER 125 10 17 2 14 1
354 ORDER 126 9 9 3 22 0
356 ORDER 127 6 9 2 8 0
358 ORDER 128 32 11 1 10 0
367 ORDER 129 8 26 2 27 0
368 UNBLOCK 33 20
369 ORDER 130 26 11 30 29 0
371 UNBLOCK 25 28
372 ORDER 131 6 24 15 29 0
375 ORDER 132 6 9 33 29 1
377 ORDER 133 29 24 12 29 0
379 ORDER 134 21 20 14 29 0
381 ORDER 135 31 15 15 29 0
382 UNBLOCK 16 5
383 ORDER 136 17 11 1 19 0
386 ORDER 137 14 12 1 28 0
388 ORDER 138 16 20 1 10 0
389 ORDER 139 10 21 1 25 0
390 ORDER 140 25 6 7 28 0
392 ORDER 141 28 9 35 29 0
393 ORDER 142 10 6 3 5 2
394 ORDER 143 15 15 1 14 0
398 ORDER 144 27 26 31 29 1
400 ORDER 145 12 26 3 27 3
401 ORDER 146 21 26 2 20 3
403 ORDER 147 17 20 29 29 1
404 ORDER 148 7 6 11 29 1
407 ORDER 149 10 9 1 8 0
407 BLOCK 8 28
408 ORDER 150 11 21 2 25 0
411 ORDER 151 11 5 1 12 2
412 ORDER 152 28 9 3 24 0
417 ORDER 153 31 3 2 20 1
420 ORDER 154 15 11 29 29 2
421 ORDER 155 8 3 2 11 1
422 ORDER 156 20 18 2 6 1
423 ORDER 157 28 26 33 28 0
434 ORDER 158 6 21 9 29 0
439 ORDER 159 30 23 3 19 0
442 BLOCK 33 20
445 BLOCK 14 18
447 ORDER 160 32 8 1 5 1
449 UNBLOCK 28 20
451 ORDER 161 14 12 23 29 0
453 ORDER 162 12 12 25 28 0
454 ORDER 163 7 18 1 1 1
456 ORDER 164 17 21 1 19 1
458 ORDER 165 13 24 5 29 1
466 ORDER 166 8 23 15 29 1
467 ORDER 167 22 23 5 28 0
469 ORDER 168 6 17 13 28 0
471 ORDER 169 18 8 37 28 1
472 ORDER 170 18 18 24 29 0
473 ORDER 171 19 6 18 28 0
479 ORDER 172 13 6 3 4 1
481 ORDER 173 15 20 36 29 0
486 ORDER 174 19 8 3 14 1
487 ORDER 175 21 5 25 29 2
495 ORDER 176 10 26 7 29 1
496 ORDER 177 18 11 3 13 1
501 ORDER 178 26 8 3 8 2
502 ORDER 179 10 9 35 28 0
504 ORDER 180 6 3 3 10 0
505 UNBLOCK 8 28
508 ORDER 181 24 8 1 14 0
510 BLOCK 33 12
516 ORDER 182 26 21 10 28 0
517 ORDER 183 35 18 1 11 0
518 ORDER 184 31 18 3 22 0
520 ORDER 185 27 18 3 9 0
526 ORDER 186 20 9 29 28 0
528 UNBLOCK 33 20
528 ORDER 187 10 14 27 28 0
531 UNBLOCK 14 18
531 ORDER 188 30 17 1 18 0
532 ORDER 189 20 15 11 29 1
534 ORDER 190 13 26 3 17 1
537 ORDER 191 10 18 17 29 0
538 BLOCK 6 28
541 ORDER 192 33 3 8 28 0
542 ORDER 193 26 8 3 26 0
545 ORDER 194 28 26 1 12 1
548 ORDER 195 10 26 3 3 0
549 ORDER 196 21 20 4 29 1
554 ORDER 197 34 8 8 29 2
556 ORDER 198 27 20 7 29 0
558 ORDER 199 33 26 1 28 2
559 ORDER 200 11 23 3 16 3
561 ORDER 201 31 17 24 29 3
562 ORDER 202 16 8 35 29 0
565 ORDER 203 33 9 35 28 0
568 ORDER 204 29 14 2 22 0
570 ORDER 205 15 18 1 5 2
573 ORDER 206 14 22 2 29 1
575 ORDER 207 35 18 36 29 2
576 ORDER 208 34 20 1 1 0
578 CANCEL 186
578 ORDER 209 31 17 22 29 1
579 ORDER 210 21 26 27 28 0
580 ORDER 211 25 6 1 28 0
584 ORDER 212 17 3 38 29 0
597 CANCEL 212
598 ORDER 213 7 18 1 22 0
600 ORDER 214 32 26 34 29 0
601 ORDER 215 9 25 2 17 0
603 CANCEL 198
603 ORDER 216 17 23 38 28 2
606 ORDER 217 31 23 1 20 0
616 UNBLOCK 33 12
618 ORDER 218 8 3 31 28 0
620 ORDER 219 7 26 2 10 0
628 ORDER 220 7 3 1 29 2
630 ORDER 221 18 9 2 16 0
634 ORDER 222 11 8 3 12 0
637 ORDER 223 34 26 13 29 3
640 ORDER 224 26 23 3 28 0
643 ORDER 225 33 12 5 28 1
646 ORDER 226 15 23 30 28 0
648 ORDER 227 8 6 36 28 0
651 ORDER 228 19 15 6 29 0
654 ORDER 229 24 23 1 17 0
657 ORDER 230 27 26 1 5 2
658 ORDER 231 25 21 19 29 0
659 ORDER 232 17 18 25 28 1
660 ORDER 233 17 9 31 29 0
661 ORDER 234 34 18 1 20 2
664 ORDER 235 30 15 2 26 0
665 ORDER 236 34 18 17 28 3
669 ORDER 237 30 26 32 29 0
673 ORDER 238 31 15 29 29 0
677 UNBLOCK 6 28
679 ORDER 239 27 17 28 29 0
681 ORDER 240 18 9 33 29 0
682 ORDER 241 34 11 1 6 1
683 ORDER 242 26 9 3 15 1
684 ORDER 243 16 9 3 8 0
686 CANCEL 204
686 ORDER 244 31 5 1 28 1
687 ORDER 245 29 9 2 5 0
690 ORDER 246 27 26 37 28 2
695 ORDER 247 22 26 1 9 3
701 ORDER 248 21 9 2 26 0
703 ORDER 249 10 9 3 29 1
705 ORDER 250 7 6 17 28 0
706 ORDER 251 13 8 27 29 1
707 ORDER 252 26 11 26 29 0
708 ORDER 253 7 21 1 10 0
709 ORDER 254 8 20 1 25 0
710 ORDER 255 18 5 8 28 1
711 ORDER 256 18 6 25 28 0
712 ORDER 257 25 23 3 11 0
713 ORDER 258 13 24 2 11 0
713 BLOCK 22 10
716 ORDER 259 33 23 3 10 1
718 ORDER 260 22 5 6 29 0
719 ORDER 261 35 20 15 29 1
720 ORDER 262 6 26 2 27 1
721 ORDER 263 30 24 3 25 1
725 ORDER 264 28 9 2 6 0
727 ORDER 265 22 26 2 12 0
733 ORDER 266 17 21 2 19 1
736 ORDER 267 26 15 13 28 0
739 ORDER 268 20 14 2 13 0
740 ORDER 269 24 8 6 29 0
753 ORDER 270 21 12 5 28 0
758 ORDER 271 25 11 1 7 0
759 ORDER 272 18 15 2 15 0
760 ORDER 273 7 12 3 19 0
762 UNBLOCK 22 10
764 ORDER 274 10 9 20 28 0
766 ORDER 275 17 21 10 29 0
767 ORDER 276 11 11 26 28 1
767 BLOCK 30 7
771 ORDER 277 18 3 20 29 1
774 CANCEL 254
774 ORDER 278 24 23 1 18 0
775 ORDER 279 19 8 3 19 0
776 ORDER 280 26 15 32 29 0
777 ORDER 281 33 6 1 3 0
778 ORDER 282 18 20 3 2 2
783 ORDER 283 27 18 3 11 0
783 BLOCK 33 29
784 ORDER 284 10 15 2 18 2
786 ORDER 285 19 9 3 17 3
788 ORDER 286 33 3 18 29 2
790 ORDER 287 35 11 35 29 1
791 ORDER 288 30 12 12 29 0
792 ORDER 289 20 8 2 14 1
793 ORDER 290 20 5 1 17 1
795 ORDER 291 8 3 1 25 0
797 ORDER 292 12 5 2 14 3
799 ORDER 293 10 21 3 18 0
800 ORDER 294 22 23 28 28 1
801 ORDER 295 15 18 3 22 0
802 ORDER 296 15 17 1 19 0
804 ORDER 297 32 9 3 9 1
809 ORDER 298 12 9 3 8 0
811 ORDER 299 31 26 6 29 0
815 ORDER 300 24 13 1 3 0
819 ORDER 301 21 9 9 29 1
821 ORDER 302 20 9 37 28 1
822 ORDER 303 11 11 3 15 1
824 ORDER 304 33 5 1 21 0
826 ORDER 305 8 20 13 29 3
827 ORDER 306 19 14 9 29 0
828 ORDER 307 22 26 7 28 0
829 CANCEL 289
829 ORDER 308 15 15 2 13 1
831 ORDER 309 14 5 7 28 3
832 ORDER 310 28 11 2 8 0
833 ORDER 311 11 26 27 29 0
834 ORDER 312 33 9 3 5 2
835 ORDER 313 16 18 1 28 1
836 ORDER 314 21 3 1 8 1
840 CANCEL 314
841 ORDER 315 21 5 24 29 0
845 ORDER 316 10 10 1 1 0
847 ORDER 317 28 24 25 29 0
849 UNBLOCK 33 29
849 ORDER 318 24 6 25 28 2
850 ORDER 319 11 14 3 20 0
851 BLOCK 35 16
852 ORDER 320 11 20 1 28 2
858 ORDER 321 11 20 3 27 0
861 ORDER 322 33 14 27 28 0
863 CANCEL 100322
864 ORDER 323 8 18 3 19 2
868 ORDER 324 31 3 3 27 0
869 ORDER 325 18 14 2 6 0
870 ORDER 326 12 15 1 22 2
873 ORDER 327 18 26 3 3 3
875 ORDER 328 30 20 30 28 0
876 ORDER 329 27 21 21 29 0
877 ORDER 330 13 12 2 14 0
878 UNBLOCK 30 7
879 ORDER 331 6 21 2 12 1
880 CANCEL 309
880 ORDER 332 23 5 1 5 0
881 ORDER 333 9 11 3 27 1
882 ORDER 334 8 11 1 22 1
883 ORDER 335 19 20 1 27 0
884 ORDER 336 26 18 2 7 0
885 ORDER 337 11 18 16 29 0
886 ORDER 338 10 23 3 22 1
887 ORDER 339 21 6 1 17 1
888 ORDER 340 30 23 1 21 2
890 ORDER 341 15 20 2 20 0
891 ORDER 342 12 3 1 19 0
896 ORDER 343 7 17 1 29 1
898 ORDER 344 7 5 35 28 1
900 ORDER 345 30 3 8 28 0
907 CANCEL 285
910 ORDER 346 19 9 3 12 0
911 ORDER 347 30 14 3 19 1
913 ORDER 348 20 17 2 7 0
914 ORDER 349 12 17 32 28 0
915 ORDER 350 8 9 6 28 0
916 ORDER 351 13 12 3 28 0
917 CANCEL 334
917 ORDER 352 10 5 3 4 1
921 ORDER 353 27 18 4 28 0
928 ORDER 354 16 8 1 25 0
929 ORDER 355 33 14 2 11 3
931 ORDER 356 22 26 32 29 0
935 UNBLOCK 35 16
935 ORDER 357 7 15 1 15 0
938 ORDER 358 17 17 2 21 0
939 ORDER 359 21 26 1 25 0
941 ORDER 360 6 12 2 11 1
941 BLOCK 30 3
947 ORDER 361 31 18 2 26 0
950 ORDER 362 10 15 1 15 0
953 ORDER 363 32 9 2 15 1
954 ORDER 364 14 14 23 28 2
956 ORDER 365 19 21 3 28 1
957 ORDER 366 8 11 36 28 0
958 ORDER 367 27 23 3 18 1
961 ORDER 368 28 18 2 24 1
962 ORDER 369 19 21 1 9 0
966 ORDER 370 23 24 2 10 0
971 ORDER 371 34 6 9 28 3
973 ORDER 372 10 3 2 6 0
974 ORDER 373 33 5 1 2 0
978 ORDER 374 35 8 3 20 0
979 ORDER 375 35 26 1 3 1
981 ORDER 376 13 14 1 18 0
982 ORDER 377 12 14 28 28 1
984 ORDER 378 8 12 6 29 2
985 ORDER 379 17 15 1 20 0
986 BLOCK 7 2
989 ORDER 380 35 24 34 28 0
991 ORDER 381 26 15 1 19 0
992 ORDER 382 20 14 18 29 1
998 ORDER 383 30 18 2 14 0
1000 ORDER 384 17 24 6 29 0
1002 CANCEL 365
1007 ORDER 385 28 5 2 18 1
1008 ORDER 386 12 24 18 29 0
1008 BLOCK 35 12
1009 ORDER 387 34 8 1 14 1
1010 ORDER 388 33 17 30 28 0
1013 ORDER 389 8 23 3 23 3
1017 ORDER 390 10 18 14 28 2
1020 ORDER 391 13 24 2 26 0
1021 ORDER 392 11 5 1 29 0
1022 ORDER 393 25 9 1 17 0
1023 ORDER 394 25 8 30 28 2
1024 CANCEL 316
1026 ORDER 395 6 8 37 29 2
1027 ORDER 396 7 17 5 28 0
1030 ORDER 397 9 3 3 10 0
1031 ORDER 398 9 23 21 28 0
1038 ORDER 399 32 26 2 11 0
1041 ORDER 400 22 5 9 28 0
1042 ORDER 401 18 14 2 24 0
1046 ORDER 402 21 18 2 22 0
1052 ORDER 403 33 21 2 28 0
1053 ORDER 404 29 11 2 5 0
1055 ORDER 405 9 23 2 21 2
1057 ORDER 406 35 11 23 28 3
1058 ORDER 407 17 3 2 16 0
1059 CANCEL 351
1062 ORDER 408 9 20 3 20 2
1065 ORDER 409 8 17 7 28 3
1068 BLOCK 33 26
1069 ORDER 410 12 3 1 13 2
1071 UNBLOCK 30 3
1073 ORDER 411 11 11 33 28 0
1074 ORDER 412 20 11 2 25 1
1076 ORDER 413 29 18 8 28 0
1077 BLOCK 18 15
1084 ORDER 414 23 21 10 28 0
1085 ORDER 415 20 18 3 28 2
1086 ORDER 416 28 6 2 29 0
1087 ORDER 417 6 24 17 28 0
1088 ORDER 418 29 9 3 16 0
1089 ORDER 419 28 24 1 28 0
1090 ORDER 420 10 9 3 4 1
1091 ORDER 421 23 12 12 29 1
1092 ORDER 422 10 15 1 10 0
1092 BLOCK 21 27
1094 ORDER 423 22 17 28 28 0
1096 ORDER 424 21 9 2 21 2
1097 ORDER 425 35 8 3 14 0
1098 ORDER 426 24 11 20 28 0
1102 ORDER 427 27 24 21 29 2
1106 BLOCK 14 17
1107 ORDER 428 8 15 3 1 0
1116 ORDER 429 34 15 1 27 0
1117 ORDER 430 17 26 9 28 0
1120 ORDER 431 34 24 2 13 2
1121 UNBLOCK 7 2
1126 ORDER 432 7 11 1 3 2
1128 UNBLOCK 35 12
1128 ORDER 433 25 12 3 26 1
1133 ORDER 434 19 5 6 28 1
1138 ORDER 435 25 11 15 29 2
1148 BLOCK 15 15
1149 ORDER 436 24 3 3 25 0
1157 ORDER 437 7 26 14 28 0
1158 ORDER 438 31 21 3 23 2
1162 ORDER 439 22 24 37 28 0
1163 ORDER 440 18 9 15 29 0
1164 ORDER 441 35 18 2 13 3
1165 ORDER 442 8 21 2 24 1
1168 ORDER 443 26 8 2 28 3
1170 UNBLOCK 33 26
1171 ORDER 444 22 21 34 29 0
1175 ORDER 445 34 23 2 22 0
1178 ORDER 446 21 15 3 1 0
1179 ORDER 447 35 6 1 7 0
1181 UNBLOCK 18 15
1184 ORDER 448 9 24 26 29 0
1185 CANCEL 431
1185 BLOCK 34 3
1186 ORDER 449 27 18 10 28 0
1189 UNBLOCK 14 17
1189 ORDER 450 6 9 2 24 0
1192 ORDER 451 18 17 16 28 3
1194 ORDER 452 32 23 23 28 0
1195 ORDER 453 32 24 1 10 2
1197 ORDER 454 25 9 3 25 0
1198 ORDER 455 20 9 11 29 0
1200 UNBLOCK 21 27
1200 ORDER 456 8 17 3 28 0
1203 ORDER 457 13 6 1 20 1
1208 ORDER 458 11 6 13 28 1
1210 ORDER 459 14 20 35 29 0
1211 ORDER 460 6 21 2 20 0
1212 ORDER 461 9 23 28 28 1
1214 ORDER 462 20 20 2 8 1
1215 UNBLOCK 15 15
1215 ORDER 463 32 6 3 15 0
1216 ORDER 464 25 20 2 6 0
1217 ORDER 465 32 21 1 24 0
1219 ORDER 466 22 18 3 22 3
1220 ORDER 467 26 15 7 29 0
1226 BLOCK 5 29
1227 ORDER 468 32 15 3 23 0
1229 ORDER 469 11 17 3 11 0
1230 ORDER 470 9 17 1 14 1
1232 ORDER 471 16 18 3 29 0
1234 ORDER 472 32 21 27 29 3
1237 ORDER 473 6 24 14 29 0
1241 ORDER 474 24 23 32 28 0
1243 ORDER 475 18 20 1 14 0
1245 ORDER 476 15 17 27 28 2
1246 BLOCK 18 8
1248 ORDER 477 34 18 37 29 0
1252 ORDER 478 16 6 3 3 2
1253 ORDER 479 23 24 7 29 1
1255 BLOCK 12 18
1259 UNBLOCK 34 3
1259 ORDER 480 25 6 2 19 0
1262 ORDER 481 11 17 37 29 0
1264 ORDER 482 29 26 3 14 1
1265 ORDER 483 6 14 3 28 1
1267 ORDER 484 31 23 11 29 2
1268 CANCEL 423
1268 ORDER 485 21 18 1 5 0
1273 ORDER 486 34 15 1 14 2
1275 ORDER 487 29 9 17 28 0
1280 UNBLOCK 5 29
1283 ORDER 488 24 9 3 4 0
1284 ORDER 489 21 8 13 29 0
1285 ORDER 490 34 18 3 25 0
1291 ORDER 491 33 23 1 28 1
1292 ORDER 492 10 18 3 23 0
1295 ORDER 493 12 5 5 28 0
1302 BLOCK 14 24
1303 ORDER 494 34 9 2 18 3
1307 ORDER 495 16 9 36 29 3
1310 ORDER 496 9 23 2 7 1
1311 ORDER 497 22 24 15 28 2
1313 ORDER 498 24 14 1 5 0
1315 ORDER 499 13 3 13 29 1
1316 ORDER 500 26 6 2 26 0
1316 BLOCK 18 2
1318 ORDER 501 21 14 2 25 0
1319 BLOCK 15 26
1325 ORDER 502 32 5 13 28 0
1326 UNBLOCK 18 8
1328 ORDER 503 29 9 2 14 0
1333 ORDER 504 11 11 1 14 0
1338 ORDER 505 25 22 10 28 0
1339 ORDER 506 9 5 2 23 1
1340 ORDER 507 35 21 30 29 0
1342 ORDER 508 16 18 2 18 1
1346 ORDER 509 24 26 1 26 0
1347 ORDER 510 24 12 37 28 0
1347 CANCEL 100510
1349 ORDER 511 31 5 1 24 1
1354 ORDER 512 9 19 37 29 0
1358 ORDER 513 9 11 7 29 0
1362 ORDER 514 22 5 5 29 0
1367 ORDER 515 35 20 1 29 0
1369 ORDER 516 34 15 2 7 1
1370 ORDER 517 21 11 9 29 1
1372 UNBLOCK 14 24
1372 ORDER 518 21 14 1 8 0
1373 ORDER 519 20 24 2 18 0
1377 ORDER 520 23 12 2 6 3
1377 BLOCK 11 6
1380 ORDER 521 8 23 2 11 0
1381 ORDER 522 7 12 3 16 1
1383 ORDER 523 13 5 30 28 0
1387 CANCEL 480
1387 ORDER 524 27 21 1 4 1
1388 ORDER 525 35 21 2 13 0
1389 CANCEL 488
1390 ORDER 526 21 11 3 2 0
1392 UNBLOCK 12 18
1392 UNBLOCK 18 2
1410 CANCEL 516
1410 BLOCK 11 15
1414 ORDER 527 28 9 1 10 1
1417 ORDER 528 7 23 2 24 0
1417 BLOCK 14 3
1418 ORDER 529 20 20 1 16 2
1419 ORDER 530 33 12 3 27 1
1420 ORDER 531 22 3 3 5 0
1421 ORDER 532 33 15 1 13 2
1422 ORDER 533 6 20 2 20 0
1426 ORDER 534 10 12 3 3 1
1430 ORDER 535 15 21 2 3 0
1432 UNBLOCK 15 26
1434 BLOCK 5 24
1436 ORDER 536 15 20 1 17 2
1437 BLOCK 7 29
1439 ORDER 537 19 8 1 22 1
1442 ORDER 538 7 6 3 25 0
1444 UNBLOCK 11 15
1445 ORDER 539 11 11 2 19 0
1450 ORDER 540 14 23 2 25 1
1452 ORDER 541 29 17 14 28 0
1456 ORDER 542 13 14 4 29 0
1459 ORDER 543 20 9 2 9 0
1461 ORDER 544 19 13 17 29 0
1461 BLOCK 24 29
1462 ORDER 545 19 5 2 12 0
1464 ORDER 546 8 26 1 12 2
1465 ORDER 547 12 6 18 29 0
1468 ORDER 548 34 3 16 29 1
1469 ORDER 549 11 9 4 28 0
1470 ORDER 550 15 23 1 28 3
1472 UNBLOCK 14 3
1472 ORDER 551 9 8 2 18 0
1474 BLOCK 15 21
1478 ORDER 552 17 5 2 3 0
1479 ORDER 553 6 15 18 28 2
1480 ORDER 554 9 6 29 28 0
1481 ORDER 555 35 8 36 28 2
1482 ORDER 556 31 24 25 28 0
1488 ORDER 557 24 23 21 29 0
1491 ORDER 558 19 26 1 4 0
1492 ORDER 559 6 14 3 28 2
1493 ORDER 560 31 3 16 28 0
1495 ORDER 561 6 5 19 28 0
1495 BLOCK 5 21
1497 ORDER 562 9 14 14 29 0
1498 UNBLOCK 11 6
1499 UNBLOCK 24 29
