80 58 3000
################################################################################
#.....C....C....C....C....C....C....C....C....C....C....C....C.................#
#..............................................................................#
#..............................................................................#
#.....#######..########..########..########..#######..######..#######..#####...#
#..............................................................................#
#..............................................................................#
#.....######..#######..######..########..########..######..######..#########...#
#..............................................................................#
#..............................................................................#
#.....######..#########..#######..#######..#######..########..#######..#####...#
#..............................................................................#
#..............................................................................#
#.....######..######..#########..########..######..########..#########..####...#
#..............................................................................#
#..............................................................................#
#.....########..######..######..#######..#######..#########..########..#####...#
#..............................................................................#
#..............................................................................#
#.....#########..#########..########..#######..######..######..#######..####...#
#..............................................................................#
#..............................................................................#
#.....#######..########..########..#######..#########..#######..#######..###...#
#..............................................................................#
#..............................................................................#
#.....######..#######..########..########..#########..#######..########..###...#
#..............................................................................#
#..............................................................................#
#.....########..########..#######..########..########..######..#######..####...#
#..............................................................................#
#..............................................................................#
#.....######..######..########..######..#######..######..#######..########.....#
#..............................................................................#
#..............................................................................#
#.....#######..########..#########..#########..#######..#########..#########...#
#..............................................................................#
#..............................................................................#
#.....######..######..######..#########..######..#########..########..######...#
#..............................................................................#
#..............................................................................#
#.....#########..######..#########..#######..#########..######..########..##...#
#..............................................................................#
#..............................................................................#
#.....########..#######..#######..#########..######..#######..######..######...#
#..............................................................................#
#..............................................................................#
#.....######..######..######..#######..#######..######..########..#########....#
#..............................................................................#
#..............................................................................#
#.....######..######..#######..#########..#########..#########..#######..###...#
#..............................................................................#
#..............................................................................#
#.....######..#######..#######..#######..#########..#########..#######..####...#
#..............................................................................#
#..............................................................................#
#..............................................................................#
#..............................................................................#
################################################################################
PARAMS 600 10 200 20 50 3 90 3
ROBOTS 60
56 31
3 20
77 28
59 14
78 6
32 44
9 27
54 3
41 50
64 38
44 47
65 55
43 6
54 56
29 17
5 54
23 51
24 39
9 15
61 51
66 33
26 18
74 30
52 4
4 23
6 27
40 47
33 10
12 54
34 44
48 21
6 35
44 20
17 26
54 20
9 44
5 1
56 32
74 54
65 29
76 55
66 27
35 14
45 39
13 38
12 6
66 21
34 21
71 33
72 2
9 9
40 36
7 36
15 26
49 2
17 27
50 45
39 39
20 18
4 54
EVENTS 2090
0 ORDER 1 74 44 48 56 1
2 ORDER 2 55 38 28 56 0
4 ORDER 3 33 35 46 56 0
5 ORDER 4 29 14 12 55 0
6 ORDER 5 6 38 17 56 0
7 ORDER 6 29 30 1 13 1
8 ORDER 7 17 15 1 37 0
10 ORDER 8 13 42 2 37 1
11 ORDER 9 10 39 2 29 0
12 ORDER 10 59 9 13 55 1
13 ORDER 11 54 17 2 36 0
14 ORDER 12 22 23 51 55 1
15 ORDER 13 37 5 2 13 0
15 BLOCK 8 56
16 ORDER 14 6 5 26 56 0
17 ORDER 15 45 23 2 21 1
18 ORDER 16 67 42 43 56 0
19 ORDER 17 59 32 52 55 1
20 ORDER 18 70 36 73 56 0
21 ORDER 19 71 38 2 54 3
22 ORDER 20 74 11 12 55 1
23 ORDER 21 20 29 2 15 0
24 ORDER 22 31 44 3 9 1
26 ORDER 23 28 11 2 30 2
28 ORDER 24 9 23 3 49 0
29 ORDER 25 48 35 2 43 2
30 ORDER 26 73 48 34 56 0
31 ORDER 27 72 5 2 6 0
32 ORDER 28 52 8 3 20 0
33 ORDER 29 6 24 2 26 1
34 ORDER 30 35 20 60 56 3
35 ORDER 31 26 26 66 56 0
37 ORDER 32 19 26 47 55 3
39 ORDER 33 59 29 13 56 0
41 ORDER 34 7 51 24 56 1
41 CANCEL 100034
42 ORDER 35 50 33 33 56 1
44 ORDER 36 18 44 30 55 0
48 ORDER 37 15 45 4 55 0
49 ORDER 38 23 14 26 55 0
50 ORDER 39 49 24 1 6 2
51 ORDER 40 75 26 3 54 1
52 ORDER 41 30 9 43 56 0
54 ORDER 42 19 50 3 5 0
55 ORDER 43 18 14 52 56 0
56 ORDER 44 74 17 5 56 0
57 ORDER 45 47 29 3 33 0
58 ORDER 46 39 23 24 56 0
59 ORDER 47 34 42 67 56 1
61 ORDER 48 73 27 2 15 1
62 ORDER 49 52 17 33 55 2
63 ORDER 50 46 26 41 55 0
64 ORDER 51 57 15 17 56 1
65 ORDER 52 60 33 1 47 1
67 ORDER 53 8 47 5 56 0
68 ORDER 54 16 15 1 9 1
69 ORDER 55 51 15 1 33 0
70 ORDER 56 42 32 32 55 1
72 ORDER 57 32 48 28 55 1
74 ORDER 58 48 44 75 56 0
75 ORDER 59 14 32 74 55 0
76 ORDER 60 13 27 3 43 0
80 ORDER 61 67 8 3 29 0
81 ORDER 62 41 44 23 55 0
82 ORDER 63 65 14 3 51 0
83 ORDER 64 25 50 33 55 1
85 ORDER 65 51 26 3 51 1
87 ORDER 66 51 24 2 31 0
90 ORDER 67 74 27 3 22 0
91 ORDER 68 68 14 2 55 0
92 ORDER 69 39 26 48 56 0
93 ORDER 70 74 12 2 44 1
94 ORDER 71 43 35 2 43 0
95 ORDER 72 31 27 52 56 2
96 ORDER 73 24 32 25 55 0
97 ORDER 74 31 23 2 10 2
98 ORDER 75 60 24 1 30 1
99 BLOCK 6 41
100 ORDER 76 33 17 74 56 2
103 ORDER 77 11 53 62 56 0
104 ORDER 78 68 29 44 55 1
106 ORDER 79 62 30 46 56 0
107 ORDER 80 16 12 2 9 0
112 ORDER 81 65 20 11 55 0
113 UNBLOCK 8 56
113 ORDER 82 17 9 28 55 0
114 ORDER 83 24 14 72 56 0
115 ORDER 84 18 42 1 4 0
117 BLOCK 33 1
118 ORDER 85 35 12 1 26 2
119 ORDER 86 6 20 71 56 1
120 ORDER 87 62 8 48 56 0
121 ORDER 88 41 5 52 55 0
123 ORDER 89 52 38 18 55 2
124 ORDER 90 26 8 29 55 1
125 ORDER 91 37 12 14 55 1
126 ORDER 92 29 44 50 55 0
127 ORDER 93 27 51 1 19 0
129 ORDER 94 58 20 3 17 2
130 ORDER 95 55 51 57 56 1
131 ORDER 96 71 39 2 33 0
131 BLOCK 12 25
133 ORDER 97 10 27 6 55 1
134 ORDER 98 71 3 2 9 1
135 CANCEL 35
135 ORDER 99 31 50 71 56 3
136 ORDER 100 71 41 11 55 0
138 ORDER 101 12 17 1 35 0
139 ORDER 102 61 12 3 23 1
142 ORDER 103 25 33 3 14 1
143 ORDER 104 34 47 3 45 0
144 ORDER 105 28 53 3 47 2
145 ORDER 106 36 14 1 10 1
146 ORDER 107 11 21 36 55 0
147 ORDER 108 32 38 2 21 0
148 ORDER 109 32 3 1 39 3
150 ORDER 110 9 8 3 21 1
151 ORDER 111 46 50 1 4 0
151 BLOCK 57 41
153 ORDER 112 12 18 2 33 0
154 ORDER 113 26 42 1 54 0
155 ORDER 114 30 33 38 55 1
156 ORDER 115 59 50 1 1 0
157 ORDER 116 7 50 2 4 0
158 ORDER 117 24 6 3 25 1
160 ORDER 118 48 27 41 56 1
161 ORDER 119 6 44 63 56 1
162 ORDER 120 10 20 1 28 0
163 ORDER 121 59 20 15 56 0
164 ORDER 122 50 15 73 55 3
167 ORDER 123 17 39 8 55 0
168 ORDER 124 22 30 68 56 1
169 ORDER 125 57 5 3 25 2
173 ORDER 126 46 30 3 51 1
175 ORDER 127 19 5 7 56 0
177 ORDER 128 56 33 3 17 1
178 ORDER 129 46 14 41 56 1
179 ORDER 130 39 3 21 55 0
180 ORDER 131 34 32 3 52 1
181 ORDER 132 64 35 2 42 2
182 ORDER 133 50 29 3 19 0
183 ORDER 134 56 51 3 40 1
184 ORDER 135 60 20 43 56 0
185 UNBLOCK 33 1
185 ORDER 136 8 3 1 2 0
187 ORDER 137 48 26 2 42 0
189 ORDER 138 50 24 59 56 1
191 UNBLOCK 6 41
191 ORDER 139 23 45 73 56 0
192 ORDER 140 68 9 1 49 0
193 ORDER 141 10 47 1 52 1
193 BLOCK 44 4
194 ORDER 142 24 45 2 38 0
195 ORDER 143 53 38 26 56 0
196 ORDER 144 51 3 3 44 0
197 ORDER 145 17 50 1 16 0
199 ORDER 146 58 53 1 36 1
201 ORDER 147 10 27 1 11 0
202 ORDER 148 10 20 45 56 0
203 ORDER 149 25 3 3 28 0
208 ORDER 150 68 23 41 56 0
209 ORDER 151 22 47 3 51 1
210 ORDER 152 69 6 3 47 0
213 ORDER 153 29 32 2 19 0
214 ORDER 154 48 21 6 56 0
220 ORDER 155 63 44 1 16 0
220 BLOCK 20 30
222 ORDER 156 43 8 1 52 0
223 ORDER 157 31 50 3 42 2
224 ORDER 158 29 27 3 17 0
225 ORDER 159 48 6 7 56 0
226 ORDER 160 27 38 2 17 1
227 ORDER 161 67 21 54 55 0
228 ORDER 162 72 17 2 50 3
229 ORDER 163 38 50 12 56 0
230 ORDER 164 43 51 3 4 0
232 ORDER 165 38 33 29 56 0
233 ORDER 166 58 14 67 56 0
235 ORDER 167 36 47 2 49 0
236 ORDER 168 16 48 1 24 0
236 BLOCK 52 35
238 ORDER 169 49 48 2 23 0
241 ORDER 170 46 38 1 19 0
242 ORDER 171 46 5 3 5 1
242 BLOCK 8 15
245 ORDER 172 52 27 17 56 0
246 ORDER 173 51 18 1 39 3
247 ORDER 174 26 30 29 56 0
248 ORDER 175 41 18 49 56 0
249 UNBLOCK 12 25
250 ORDER 176 8 44 2 4 0
251 ORDER 177 37 26 10 56 0
254 ORDER 178 74 20 3 5 0
255 ORDER 179 29 5 43 55 0
256 ORDER 180 38 33 33 56 1
256 BLOCK 56 31
258 ORDER 181 26 26 15 56 0
259 ORDER 182 16 45 70 56 2
260 ORDER 183 54 12 1 11 0
262 ORDER 184 62 38 1 25 2
263 ORDER 185 64 39 1 2 0
264 ORDER 186 68 48 40 55 1
271 ORDER 187 37 26 3 37 0
272 ORDER 188 20 39 10 56 0
273 ORDER 189 39 45 61 55 1
276 ORDER 190 42 43 64 56 2
277 ORDER 191 43 9 24 55 1
278 ORDER 192 66 42 66 56 0
279 ORDER 193 6 21 37 55 0
280 UNBLOCK 57 41
281 ORDER 194 69 8 3 44 1
283 ORDER 195 56 24 2 7 2
284 ORDER 196 28 41 1 10 1
286 ORDER 197 8 47 74 55 1
288 UNBLOCK 44 4
288 ORDER 198 75 42 33 55 0
290 ORDER 199 20 20 59 55 0
292 ORDER 200 39 21 17 56 1
294 ORDER 201 7 32 1 11 0
295 CANCEL 118
296 ORDER 202 74 15 3 17 0
297 UNBLOCK 8 15
299 ORDER 203 8 29 23 55 0
301 ORDER 204 63 35 3 42 0
302 ORDER 205 8 5 1 8 1
305 ORDER 206 17 50 2 42 0
308 ORDER 207 39 24 29 55 0
309 ORDER 208 18 26 77 56 1
310 ORDER 209 63 29 39 56 0
311 UNBLOCK 52 35
311 ORDER 210 47 27 3 25 0
315 ORDER 211 43 20 1 7 1
316 ORDER 212 64 41 1 6 1
318 ORDER 213 30 47 2 5 0
320 ORDER 214 59 40 2 32 1
321 ORDER 215 7 5 2 42 1
322 ORDER 216 34 44 2 17 1
323 ORDER 217 32 38 1 48 0
330 ORDER 218 6 5 9 56 3
331 ORDER 219 20 29 1 49 2
333 ORDER 220 35 32 21 55 0
334 ORDER 221 62 14 74 55 2
336 ORDER 222 25 18 2 13 0
337 CANCEL 109
337 ORDER 223 64 50 2 37 0
338 BLOCK 45 15
339 ORDER 224 75 18 2 39 1
340 ORDER 225 63 14 65 56 1
341 ORDER 226 42 41 2 21 1
342 ORDER 227 31 9 1 7 0
344 ORDER 228 9 42 59 55 2
345 UNBLOCK 20 30
345 ORDER 229 65 39 6 56 0
347 ORDER 230 48 50 3 18 0
349 ORDER 231 50 24 3 19 1
350 ORDER 232 50 48 2 13 0
351 ORDER 233 18 26 3 38 1
353 ORDER 234 52 36 2 42 0
354 ORDER 235 71 8 1 21 1
355 ORDER 236 35 42 3 38 1
358 ORDER 237 44 51 13 55 0
359 ORDER 238 37 21 4 55 0
360 ORDER 239 6 51 1 8 1
361 ORDER 240 42 36 63 56 3
362 BLOCK 18 45
363 ORDER 241 10 12 2 5 0
364 ORDER 242 9 17 2 40 2
366 ORDER 243 59 11 39 56 0
370 ORDER 244 47 24 3 20 0
370 BLOCK 71 3
371 ORDER 245 35 29 2 48 0
372 ORDER 246 29 23 66 56 0
378 UNBLOCK 56 31
378 ORDER 247 44 33 44 55 1
379 ORDER 248 11 45 11 55 0
380 BLOCK 14 9
382 ORDER 249 74 48 3 53 0
383 ORDER 250 27 51 52 55 0
384 ORDER 251 33 50 57 56 0
385 ORDER 252 6 9 2 53 1
388 ORDER 253 13 18 1 5 0
389 ORDER 254 14 12 1 5 0
390 ORDER 255 13 39 59 56 2
392 ORDER 256 60 48 21 55 0
393 BLOCK 47 17
394 ORDER 257 44 33 66 56 1
395 ORDER 258 15 9 27 56 0
396 ORDER 259 18 15 2 21 1
397 ORDER 260 56 28 1 8 1
398 ORDER 261 10 24 3 25 2
399 ORDER 262 30 39 1 21 0
400 ORDER 263 59 29 23 56 0
402 ORDER 264 45 21 65 56 2
403 ORDER 265 17 36 3 26 2
404 ORDER 266 50 17 3 29 3
405 ORDER 267 70 50 3 10 0
410 UNBLOCK 14 9
410 ORDER 268 54 44 62 55 0
411 ORDER 269 66 18 71 55 1
412 ORDER 270 38 29 2 37 1
420 ORDER 271 17 14 2 24 0
421 CANCEL 169
421 ORDER 272 62 8 13 55 1
423 BLOCK 36 23
424 ORDER 273 63 44 2 11 2
424 BLOCK 44 12
425 ORDER 274 52 12 53 55 0
426 ORDER 275 16 35 2 36 0
427 ORDER 276 27 27 1 47 0
429 ORDER 277 68 6 63 56 3
432 ORDER 278 47 17 2 24 0
435 ORDER 279 11 45 63 56 1
438 ORDER 280 47 8 65 55 0
439 BLOCK 57 36
440 ORDER 281 61 14 3 54 0
442 ORDER 282 7 11 2 17 2
443 ORDER 283 15 24 2 23 0
445 UNBLOCK 18 45
445 ORDER 284 64 35 54 55 0
446 ORDER 285 51 47 1 44 0
447 ORDER 286 26 35 1 3 2
449 ORDER 287 66 39 3 28 2
450 ORDER 288 30 3 40 56 1
451 ORDER 289 36 8 3 40 0
452 BLOCK 42 8
453 UNBLOCK 71 3
454 ORDER 290 70 35 1 25 0
457 CANCEL 253
457 ORDER 291 20 8 21 55 0
458 ORDER 292 18 21 1 28 0
459 ORDER 293 27 15 58 56 1
461 ORDER 294 62 8 32 56 0
462 ORDER 295 28 39 47 56 1
463 UNBLOCK 47 17
465 ORDER 296 32 53 1 54 1
466 BLOCK 62 53
470 ORDER 297 28 26 1 36 0
471 ORDER 298 66 20 72 56 3
473 ORDER 299 58 47 33 55 3
475 ORDER 300 37 29 7 55 0
477 ORDER 301 24 15 52 55 0
478 ORDER 302 21 11 3 2 0
479 UNBLOCK 45 15
481 ORDER 303 46 50 24 55 1
483 UNBLOCK 42 8
484 ORDER 304 22 35 2 44 0
485 ORDER 305 11 47 2 36 0
486 UNBLOCK 57 36
486 ORDER 306 67 21 3 53 0
487 BLOCK 14 36
489 ORDER 307 34 14 3 22 0
490 BLOCK 52 38
491 ORDER 308 68 14 3 52 2
494 ORDER 309 69 18 41 55 0
494 BLOCK 38 14
495 ORDER 310 19 38 3 52 2
497 ORDER 311 40 11 1 54 0
499 ORDER 312 67 38 3 29 1
500 ORDER 313 22 32 1 56 0
501 ORDER 314 46 6 1 24 0
502 ORDER 315 33 38 2 11 0
503 ORDER 316 72 20 2 21 3
504 ORDER 317 73 3 3 11 0
507 ORDER 318 35 12 2 32 0
508 ORDER 319 66 11 3 11 0
510 ORDER 320 58 14 1 56 2
512 ORDER 321 50 42 30 56 0
514 ORDER 322 74 48 1 23 0
515 ORDER 323 6 23 42 56 0
516 ORDER 324 65 39 47 56 1
517 ORDER 325 39 3 1 7 1
518 ORDER 326 13 15 3 7 0
518 BLOCK 34 6
519 ORDER 327 7 21 2 40 0
520 ORDER 328 50 38 1 35 0
521 ORDER 329 53 15 29 56 0
523 ORDER 330 49 23 16 55 0
524 ORDER 331 65 14 18 56 0
526 ORDER 332 16 47 62 55 0
527 ORDER 333 48 20 43 55 0
528 ORDER 334 49 23 56 56 0
533 ORDER 335 26 9 1 7 0
535 ORDER 336 28 5 3 18 0
536 ORDER 337 51 41 2 51 0
537 ORDER 338 49 11 37 56 0
538 ORDER 339 37 48 1 53 1
539 UNBLOCK 36 23
539 ORDER 340 47 15 1 14 2
540 BLOCK 34 23
542 ORDER 341 57 35 45 56 0
543 ORDER 342 19 20 60 56 0
545 CANCEL 340
545 ORDER 343 9 42 1 20 1
546 ORDER 344 72 51 2 50 0
547 ORDER 345 60 32 1 27 3
550 ORDER 346 46 32 2 46 0
552 ORDER 347 52 51 3 55 0
553 UNBLOCK 44 12
554 ORDER 348 36 39 7 56 3
555 ORDER 349 40 30 2 6 2
557 ORDER 350 26 39 3 11 1
558 ORDER 351 39 50 66 56 0
559 ORDER 352 35 45 55 55 0
564 ORDER 353 72 5 2 31 0
565 ORDER 354 24 14 3 10 0
568 ORDER 355 15 53 55 55 2
569 ORDER 356 57 39 2 13 1
571 UNBLOCK 38 14
572 ORDER 357 21 9 26 55 0
572 BLOCK 16 50
573 ORDER 358 67 6 2 43 0
575 ORDER 359 50 48 58 56 0
576 ORDER 360 22 45 30 55 0
577 ORDER 361 27 8 2 39 0
578 UNBLOCK 34 6
578 ORDER 362 49 44 39 56 0
579 ORDER 363 35 48 1 2 1
581 ORDER 364 18 53 43 55 0
582 UNBLOCK 62 53
582 ORDER 365 8 20 26 56 1
586 ORDER 366 30 29 1 18 0
588 UNBLOCK 14 36
589 ORDER 367 11 11 3 56 0
589 CANCEL 100367
590 ORDER 368 16 30 25 55 0
591 ORDER 369 35 50 2 39 0
592 ORDER 370 14 53 3 30 3
593 CANCEL 346
593 ORDER 371 37 38 3 10 0
596 ORDER 372 67 20 40 56 0
597 ORDER 373 27 38 27 56 1
598 ORDER 374 48 29 49 56 0
601 ORDER 375 55 27 3 4 0
603 BLOCK 52 14
604 ORDER 376 64 17 3 9 0
605 ORDER 377 22 18 2 39 0
606 ORDER 378 57 20 1 39 0
608 ORDER 379 31 39 70 55 0
609 ORDER 380 57 12 3 56 0
611 ORDER 381 6 9 1 31 2
613 ORDER 382 71 42 1 47 1
614 ORDER 383 30 33 47 56 0
616 CANCEL 307
616 ORDER 384 64 35 61 55 0
618 ORDER 385 66 26 9 55 2
620 UNBLOCK 52 38
620 ORDER 386 69 18 55 55 1
621 ORDER 387 67 21 1 50 3
623 ORDER 388 74 24 3 26 0
626 CANCEL 308
626 ORDER 389 57 30 50 55 1
627 CANCEL 372
628 ORDER 390 69 21 6 55 1
630 ORDER 391 30 11 1 42 0
631 ORDER 392 17 30 9 56 2
633 ORDER 393 6 8 2 19 1
634 ORDER 394 8 42 2 29 0
635 ORDER 395 30 9 4 55 1
639 CANCEL 360
639 ORDER 396 60 29 1 56 0
640 ORDER 397 67 42 2 32 0
642 ORDER 398 74 18 55 56 0
644 ORDER 399 19 9 65 56 0
646 ORDER 400 42 32 1 18 1
646 BLOCK 24 23
648 CANCEL 394
648 ORDER 401 52 27 64 55 1
650 UNBLOCK 52 14
650 ORDER 402 33 41 3 16 3
651 ORDER 403 15 21 3 50 0
652 ORDER 404 49 20 3 48 0
654 ORDER 405 52 41 47 56 1
656 ORDER 406 24 8 15 56 1
657 ORDER 407 37 12 2 45 1
658 ORDER 408 16 29 1 48 0
660 ORDER 409 62 38 44 56 3
661 ORDER 410 6 12 1 7 0
662 ORDER 411 71 33 1 47 0
664 ORDER 412 64 11 2 31 0
665 CANCEL 300
665 ORDER 413 73 29 3 16 1
666 ORDER 414 26 29 2 22 1
669 ORDER 415 59 27 2 49 0
671 ORDER 416 54 14 1 24 0
671 BLOCK 24 1
672 ORDER 417 75 23 63 55 2
673 ORDER 418 28 27 45 56 0
674 ORDER 419 14 32 64 55 2
675 ORDER 420 45 9 28 55 3
675 BLOCK 51 36
677 ORDER 421 43 38 30 55 0
678 ORDER 422 50 41 3 12 2
681 ORDER 423 56 24 2 20 2
682 ORDER 424 9 21 30 55 1
684 ORDER 425 10 32 15 55 0
686 UNBLOCK 34 23
686 ORDER 426 33 33 74 55 0
686 BLOCK 20 55
687 ORDER 427 45 15 30 55 0
688 ORDER 428 62 44 3 43 0
689 ORDER 429 41 21 3 24 3
690 ORDER 430 36 36 7 55 0
691 CANCEL 375
692 ORDER 431 27 45 2 2 1
696 UNBLOCK 16 50
696 BLOCK 65 17
698 ORDER 432 40 41 32 56 0
699 ORDER 433 36 44 1 40 0
700 ORDER 434 31 27 16 55 0
701 ORDER 435 10 24 6 55 0
702 ORDER 436 49 23 64 56 1
704 ORDER 437 36 21 22 55 0
705 ORDER 438 14 18 17 55 1
706 ORDER 439 18 53 42 56 1
707 ORDER 440 6 26 3 2 0
708 ORDER 441 56 42 1 28 2
710 ORDER 442 56 18 2 33 0
711 ORDER 443 66 51 2 43 1
715 ORDER 444 25 6 1 33 0
717 ORDER 445 69 48 1 26 1
718 UNBLOCK 24 23
721 ORDER 446 8 15 54 56 0
724 ORDER 447 65 41 1 40 1
726 ORDER 448 57 30 3 35 0
728 ORDER 449 29 32 3 32 0
729 ORDER 450 24 45 54 56 0
733 ORDER 451 35 11 72 56 2
734 ORDER 452 43 38 3 50 0
740 ORDER 453 57 44 41 55 0
741 ORDER 454 32 50 2 20 1
742 ORDER 455 26 35 41 55 1
743 ORDER 456 45 39 3 29 1
744 ORDER 457 17 39 2 29 0
745 ORDER 458 60 27 3 52 0
746 ORDER 459 46 38 69 56 0
747 ORDER 460 60 30 57 55 0
747 BLOCK 67 39
751 ORDER 461 72 15 3 1 0
754 CANCEL 404
754 ORDER 462 25 51 9 55 0
755 ORDER 463 66 50 2 1 0
756 CANCEL 416
758 ORDER 464 46 24 2 7 2
759 ORDER 465 40 14 42 55 0
760 ORDER 466 35 36 78 55 0
762 ORDER 467 39 11 8 56 0
763 ORDER 468 6 9 34 55 0
765 UNBLOCK 65 17
766 ORDER 469 44 32 1 41 0
767 UNBLOCK 51 36
767 ORDER 470 53 12 1 39 3
768 ORDER 471 9 15 3 2 0
770 ORDER 472 34 14 72 56 0
774 ORDER 473 28 44 1 52 1
776 ORDER 474 40 41 45 56 0
777 ORDER 475 16 6 23 56 0
778 ORDER 476 24 12 7 55 1
778 BLOCK 53 50
779 ORDER 477 6 8 3 19 0
781 ORDER 478 45 48 16 56 0
782 BLOCK 14 41
785 ORDER 479 34 45 44 55 0
785 BLOCK 56 33
786 ORDER 480 38 5 3 52 0
787 UNBLOCK 20 55
788 CANCEL 396
788 ORDER 481 56 47 3 51 0
789 ORDER 482 53 47 2 36 0
790 ORDER 483 40 20 3 13 2
791 ORDER 484 50 21 59 55 0
792 ORDER 485 67 14 4 56 0
793 ORDER 486 24 12 20 55 0
794 ORDER 487 10 26 2 41 0
795 ORDER 488 37 36 1 8 1
798 ORDER 489 54 12 2 17 0
799 UNBLOCK 24 1
800 ORDER 490 69 14 6 55 0
803 ORDER 491 50 38 30 56 0
804 ORDER 492 37 9 18 55 1
805 ORDER 493 56 11 74 56 0
807 ORDER 494 63 18 7 55 2
808 ORDER 495 38 29 18 56 3
813 ORDER 496 34 8 32 55 1
815 ORDER 497 46 51 64 55 3
816 ORDER 498 67 9 1 46 3
819 ORDER 499 68 32 3 32 0
820 ORDER 500 27 27 3 41 3
821 ORDER 501 59 35 2 56 1
822 ORDER 502 63 9 1 45 1
823 ORDER 503 59 5 76 55 0
824 ORDER 504 8 32 2 28 0
826 UNBLOCK 56 33
826 ORDER 505 30 44 1 37 0
827 ORDER 506 42 47 2 24 0
828 ORDER 507 9 53 2 27 0
829 ORDER 508 36 17 2 43 1
830 ORDER 509 49 29 1 5 0
831 ORDER 510 37 50 30 56 0
832 ORDER 511 73 44 13 55 0
833 ORDER 512 52 15 18 56 3
834 ORDER 513 44 45 1 13 0
836 ORDER 514 22 45 1 35 0
840 ORDER 515 7 3 38 56 0
841 ORDER 516 46 51 3 40 0
842 ORDER 517 73 6 63 55 0
844 ORDER 518 7 47 74 55 0
845 ORDER 519 19 17 51 56 1
846 UNBLOCK 14 41
847 ORDER 520 50 32 3 36 0
849 ORDER 521 51 41 3 45 1
851 ORDER 522 19 20 3 50 0
852 ORDER 523 40 23 1 8 2
854 ORDER 524 26 14 1 45 0
856 ORDER 525 41 53 1 32 0
857 ORDER 526 17 23 2 53 0
860 ORDER 527 58 15 2 54 0
862 UNBLOCK 67 39
864 ORDER 528 44 11 2 55 0
866 ORDER 529 22 21 2 17 3
867 CANCEL 491
873 ORDER 530 17 3 45 56 1
874 ORDER 531 57 42 2 37 0
875 ORDER 532 26 5 1 6 2
876 ORDER 533 53 44 3 20 0
878 ORDER 534 52 12 51 56 0
879 ORDER 535 43 52 8 55 2
880 ORDER 536 43 36 74 56 0
882 ORDER 537 40 14 49 55 2
884 ORDER 538 75 39 39 56 1
885 ORDER 539 18 14 2 49 0
887 ORDER 540 55 50 76 55 0
888 ORDER 541 68 27 61 56 0
889 ORDER 542 69 51 3 13 1
890 UNBLOCK 53 50
890 ORDER 543 25 50 3 4 1
891 ORDER 544 68 9 42 55 0
893 ORDER 545 22 42 6 56 1
894 ORDER 546 42 50 24 56 0
895 ORDER 547 47 3 3 28 1
897 ORDER 548 27 8 1 20 0
898 ORDER 549 38 23 2 29 1
900 ORDER 550 37 36 2 53 0
901 ORDER 551 34 47 3 17 1
902 ORDER 552 53 39 55 56 1
902 BLOCK 40 21
903 ORDER 553 59 8 1 15 1
905 ORDER 554 52 17 23 56 0
906 ORDER 555 60 30 14 55 0
907 ORDER 556 62 42 2 27 1
912 ORDER 557 63 29 46 55 2
913 ORDER 558 12 18 4 55 0
916 ORDER 559 35 32 3 5 0
917 CANCEL 453
917 ORDER 560 33 53 2 18 1
921 ORDER 561 39 42 2 11 0
922 ORDER 562 41 5 3 47 1
923 ORDER 563 14 18 3 21 1
924 ORDER 564 7 9 3 17 0
925 ORDER 565 9 23 1 6 0
927 CANCEL 554
927 ORDER 566 33 14 2 46 2
928 ORDER 567 18 12 73 56 1
929 ORDER 568 62 44 72 55 0
930 ORDER 569 20 18 78 56 2
932 ORDER 570 26 44 1 51 0
936 ORDER 571 75 29 2 8 0
937 ORDER 572 41 42 3 52 0
938 ORDER 573 30 24 3 45 0
939 ORDER 574 49 53 55 56 0
940 ORDER 575 23 24 1 3 0
941 ORDER 576 73 12 32 55 1
942 ORDER 577 15 35 64 55 0
943 CANCEL 487
944 ORDER 578 7 18 61 55 0
945 ORDER 579 71 44 3 41 1
948 ORDER 580 13 17 1 29 0
950 ORDER 581 67 29 3 9 0
951 ORDER 582 19 45 2 14 0
951 BLOCK 14 26
952 CANCEL 552
953 ORDER 583 46 26 3 32 1
954 ORDER 584 11 29 58 56 0
955 ORDER 585 18 44 1 1 1
956 ORDER 586 50 3 24 56 0
958 ORDER 587 66 9 2 18 0
959 ORDER 588 42 18 6 55 0
960 UNBLOCK 40 21
960 ORDER 589 46 53 3 18 1
964 ORDER 590 69 32 1 11 0
965 ORDER 591 12 41 1 23 0
965 BLOCK 40 37
966 ORDER 592 62 36 2 26 0
967 ORDER 593 18 50 2 43 0
968 ORDER 594 48 29 2 10 0
969 ORDER 595 36 32 57 55 1
970 CANCEL 496
971 ORDER 596 34 36 3 7 1
972 ORDER 597 38 20 2 9 0
972 BLOCK 17 41
975 ORDER 598 29 33 4 56 0
976 ORDER 599 32 6 2 36 0
976 BLOCK 64 14
977 ORDER 600 36 35 1 4 1
978 ORDER 601 61 36 5 55 1
979 ORDER 602 30 27 2 19 0
980 ORDER 603 66 30 35 56 1
981 UNBLOCK 14 26
981 ORDER 604 17 8 2 15 1
983 ORDER 605 40 35 3 35 3
984 ORDER 606 27 45 3 33 0
987 ORDER 607 50 42 35 56 0
989 ORDER 608 36 29 22 56 1
990 ORDER 609 49 51 1 26 0
991 ORDER 610 66 50 12 56 0
993 ORDER 611 45 12 2 31 0
994 ORDER 612 26 35 56 55 0
996 ORDER 613 69 23 1 46 2
997 ORDER 614 45 23 3 19 3
998 ORDER 615 52 12 1 30 0
999 ORDER 616 60 45 73 56 0
1000 ORDER 617 50 32 1 25 0
1001 ORDER 618 49 45 2 25 0
1003 ORDER 619 8 20 3 49 1
1005 ORDER 620 11 44 2 35 0
1007 ORDER 621 29 26 2 16 1
1008 ORDER 622 58 3 11 56 0
1010 ORDER 623 74 6 55 55 0
1012 ORDER 624 37 23 1 50 0
1013 CANCEL 596
1013 ORDER 625 42 5 61 56 1
1014 ORDER 626 69 14 1 39 0
1015 ORDER 627 62 3 24 56 1
1016 ORDER 628 6 20 15 55 0
1017 ORDER 629 68 6 2 17 2
1018 ORDER 630 63 5 35 55 0
1019 ORDER 631 37 8 2 31 0
1021 UNBLOCK 64 14
1022 ORDER 632 27 29 1 41 0
1024 CANCEL 627
1027 ORDER 633 48 33 2 55 1
1028 ORDER 634 37 9 3 50 0
1029 CANCEL 585
1029 ORDER 635 65 39 21 56 2
1030 ORDER 636 45 3 3 26 1
1031 ORDER 637 10 29 43 56 0
1032 ORDER 638 29 30 26 55 0
1033 ORDER 639 53 51 62 56 0
1034 ORDER 640 33 14 21 55 0
1035 ORDER 641 49 30 69 55 0
1036 BLOCK 12 31
1037 ORDER 642 16 24 2 37 0
1038 BLOCK 11 30
1042 ORDER 643 30 27 7 56 0
1043 ORDER 644 17 42 62 55 0
1045 ORDER 645 46 23 44 56 0
1046 ORDER 646 26 26 1 11 0
1047 ORDER 647 11 39 61 56 1
1048 ORDER 648 8 14 33 56 1
1049 ORDER 649 23 20 70 56 0
1053 ORDER 650 16 47 65 56 1
1054 ORDER 651 59 48 50 55 0
1055 ORDER 652 17 12 2 11 0
1057 ORDER 653 45 39 2 11 0
1058 ORDER 654 15 21 28 56 1
1059 BLOCK 11 51
1061 ORDER 655 60 21 3 24 0
1066 UNBLOCK 40 37
1067 CANCEL 588
1068 ORDER 656 58 14 50 55 2
1069 ORDER 657 74 12 3 6 0
1070 ORDER 658 44 50 60 56 1
1073 ORDER 659 62 33 72 56 0
1074 ORDER 660 22 36 3 39 0
1076 ORDER 661 11 42 14 55 0
1077 ORDER 662 18 24 1 44 0
1079 ORDER 663 20 33 1 29 1
1082 ORDER 664 42 51 3 20 1
1084 ORDER 665 7 14 73 56 0
1085 ORDER 666 73 33 1 5 0
1086 ORDER 667 36 6 3 4 2
1087 ORDER 668 52 12 77 56 0
1088 ORDER 669 37 30 3 19 0
1093 ORDER 670 39 29 1 6 1
1094 UNBLOCK 11 30
1094 ORDER 671 48 35 57 56 0
1096 UNBLOCK 17 41
1096 ORDER 672 27 12 2 44 0
1099 ORDER 673 19 9 3 47 1
1100 ORDER 674 48 33 3 52 0
1101 ORDER 675 18 50 15 56 0
1104 UNBLOCK 12 31
1104 ORDER 676 36 8 35 56 1
1105 ORDER 677 20 11 51 55 0
1107 ORDER 678 18 38 3 15 1
1110 ORDER 679 7 6 78 55 0
1111 ORDER 680 33 53 3 43 0
1113 ORDER 681 44 6 1 38 0
1113 CANCEL 100681
1114 ORDER 682 30 36 2 24 0
1115 ORDER 683 37 53 4 56 0
1116 ORDER 684 8 33 64 55 0
1117 ORDER 685 71 3 2 56 3
1118 ORDER 686 36 17 52 56 0
1121 ORDER 687 45 11 2 22 0
1122 ORDER 688 6 11 41 55 1
1124 ORDER 689 18 24 22 56 1
1125 ORDER 690 20 42 2 44 0
1126 ORDER 691 51 18 42 56 0
1127 ORDER 692 55 51 2 40 1
1129 ORDER 693 20 6 3 42 0
1130 ORDER 694 56 51 14 55 1
1131 ORDER 695 35 47 3 9 0
1132 ORDER 696 36 29 9 55 0
1135 ORDER 697 75 3 43 55 0
1136 ORDER 698 42 38 1 6 0
1137 ORDER 699 53 11 9 56 0
1139 ORDER 700 52 20 10 55 1
1140 ORDER 701 60 26 71 55 0
1141 ORDER 702 59 3 2 7 0
1142 ORDER 703 58 42 53 56 3
1145 ORDER 704 26 9 3 37 0
1146 ORDER 705 22 38 39 55 0
1146 BLOCK 57 17
1149 ORDER 706 10 45 1 38 0
1150 ORDER 707 47 18 2 50 0
1150 BLOCK 28 8
1155 ORDER 708 64 44 1 40 0
1156 ORDER 709 41 20 62 55 2
1157 ORDER 710 61 39 3 46 1
1158 ORDER 711 47 26 2 43 0
1159 ORDER 712 49 53 19 56 1
1160 ORDER 713 29 18 6 56 1
1161 ORDER 714 55 17 2 36 1
1162 ORDER 715 25 32 26 56 2
1164 ORDER 716 35 47 2 31 0
1166 ORDER 717 45 9 1 25 2
1167 ORDER 718 46 23 2 52 2
1168 ORDER 719 39 35 18 56 0
1169 ORDER 720 58 45 34 56 0
1170 ORDER 721 6 8 3 32 0
1171 ORDER 722 7 42 1 14 0
1172 ORDER 723 35 26 1 28 0
1174 ORDER 724 8 48 2 48 0
1175 ORDER 725 67 24 74 56 1
1179 ORDER 726 27 14 65 55 1
1183 ORDER 727 21 20 25 56 1
1186 ORDER 728 57 12 72 55 0
1187 ORDER 729 64 11 21 55 0
1188 ORDER 730 72 38 21 55 0
1189 ORDER 731 58 27 3 40 0
1191 ORDER 732 30 3 9 55 0
1192 ORDER 733 33 6 3 16 1
1193 ORDER 734 62 14 2 1 0
1194 UNBLOCK 11 51
1194 ORDER 735 14 50 3 15 0
1202 ORDER 736 59 35 29 55 0
1204 ORDER 737 67 30 1 4 0
1207 ORDER 738 56 38 3 42 1
1210 ORDER 739 9 21 71 56 0
1211 ORDER 740 8 23 45 56 0
1213 ORDER 741 67 15 1 46 0
1214 ORDER 742 51 18 15 55 0
1215 ORDER 743 6 48 1 49 1
1217 UNBLOCK 57 17
1217 BLOCK 6 11
1218 ORDER 744 25 8 39 56 0
1219 ORDER 745 31 36 59 55 0
1220 ORDER 746 21 27 2 10 0
1222 ORDER 747 39 12 33 56 1
1223 ORDER 748 28 42 2 5 0
1224 ORDER 749 43 38 62 56 1
1226 ORDER 750 36 11 1 7 0
1227 ORDER 751 6 35 3 13 1
1228 ORDER 752 73 38 49 55 0
1231 ORDER 753 73 30 2 10 0
1232 ORDER 754 22 3 59 55 1
1235 ORDER 755 21 17 11 55 1
1236 ORDER 756 55 44 58 56 1
1238 ORDER 757 43 51 2 10 3
1241 ORDER 758 29 39 1 26 1
1243 ORDER 759 43 14 2 31 3
1245 ORDER 760 20 24 53 56 1
1246 UNBLOCK 28 8
1249 ORDER 761 38 51 3 52 1
1250 ORDER 762 34 14 1 26 1
1252 ORDER 763 14 8 30 56 1
1253 ORDER 764 27 23 42 55 0
1255 BLOCK 30 32
1257 ORDER 765 42 48 54 55 0
1258 ORDER 766 75 27 29 55 0
1260 ORDER 767 35 44 37 56 2
1261 ORDER 768 40 12 1 45 1
1263 ORDER 769 71 3 58 56 3
1266 ORDER 770 46 36 17 55 1
1269 ORDER 771 56 22 19 55 1
1271 ORDER 772 55 18 17 55 0
1272 ORDER 773 16 8 1 26 0
1273 ORDER 774 49 39 76 56 0
1274 ORDER 775 30 3 21 56 0
1275 ORDER 776 60 36 3 34 0
1278 ORDER 777 41 30 2 45 0
1279 ORDER 778 12 44 35 55 0
1280 ORDER 779 55 38 3 11 0
1282 ORDER 780 38 33 16 55 2
1283 ORDER 781 67 23 39 55 2
1284 ORDER 782 60 24 1 4 0
1287 ORDER 783 8 14 1 15 3
1289 ORDER 784 9 47 2 25 0
1293 ORDER 785 7 9 8 55 0
1294 ORDER 786 68 48 61 56 0
1295 ORDER 787 37 53 32 56 1
1296 ORDER 788 37 9 53 55 1
1297 ORDER 789 52 9 42 56 0
1298 ORDER 790 14 9 3 10 0
1300 ORDER 791 6 8 1 4 0
1302 BLOCK 57 26
1304 ORDER 792 70 35 52 56 2
1305 ORDER 793 46 50 3 30 0
1306 UNBLOCK 6 11
1306 CANCEL 100793
1307 CANCEL 792
1307 ORDER 794 7 27 3 40 1
1308 ORDER 795 34 30 3 39 1
1309 ORDER 796 48 50 30 56 0
1310 ORDER 797 28 41 28 56 1
1312 ORDER 798 20 3 1 49 1
1317 ORDER 799 18 39 54 55 3
1318 ORDER 800 64 23 5 55 1
1319 ORDER 801 50 24 65 56 0
1323 ORDER 802 36 30 40 55 0
1324 ORDER 803 72 18 47 55 1
1326 CANCEL 801
1326 ORDER 804 75 23 69 56 0
1327 ORDER 805 63 11 1 25 0
1328 ORDER 806 38 35 41 56 0
1329 ORDER 807 33 47 64 55 0
1330 ORDER 808 75 14 32 56 1
1331 ORDER 809 38 44 50 55 1
1332 ORDER 810 47 53 1 50 0
1333 ORDER 811 17 47 1 41 2
1335 ORDER 812 46 50 3 6 3
1336 ORDER 813 32 30 3 46 0
1339 ORDER 814 36 8 1 41 1
1340 ORDER 815 8 27 16 56 3
1341 ORDER 816 48 51 1 42 2
1343 ORDER 817 28 41 35 56 1
1344 ORDER 818 53 35 3 31 0
1351 ORDER 819 75 9 62 55 0
1353 ORDER 820 6 39 72 55 0
1355 CANCEL 764
1355 ORDER 821 68 24 2 40 0
1356 ORDER 822 17 33 63 56 0
1357 ORDER 823 73 53 3 42 1
1358 UNBLOCK 57 26
1359 ORDER 824 49 39 11 55 1
1360 ORDER 825 48 45 3 29 0
1361 ORDER 826 62 45 1 13 0
1362 ORDER 827 54 53 3 16 0
1363 ORDER 828 38 27 57 56 1
1365 ORDER 829 74 5 29 56 0
1367 ORDER 830 10 3 1 53 1
1368 ORDER 831 19 51 22 56 0
1369 ORDER 832 68 51 10 56 0
1370 ORDER 833 45 21 42 55 3
1372 ORDER 834 22 23 2 31 0
1373 ORDER 835 57 3 24 56 0
1374 ORDER 836 62 38 3 16 1
1375 ORDER 837 36 53 1 20 0
1378 ORDER 838 21 20 3 13 0
1379 ORDER 839 43 33 57 56 0
1380 ORDER 840 66 47 1 6 3
1382 ORDER 841 6 9 62 55 0
1383 ORDER 842 57 48 3 46 2
1384 UNBLOCK 30 32
1384 ORDER 843 7 39 36 55 0
1385 ORDER 844 47 24 2 33 2
1386 ORDER 845 53 30 1 9 2
1387 ORDER 846 34 30 73 56 0
1388 ORDER 847 74 24 27 56 1
1389 ORDER 848 17 26 3 4 1
1389 BLOCK 12 53
1390 ORDER 849 20 44 46 56 0
1391 ORDER 850 10 11 3 39 0
1393 ORDER 851 56 53 1 54 2
1397 ORDER 852 74 42 2 2 1
1399 ORDER 853 36 53 41 56 1
1400 ORDER 854 71 45 74 55 0
1405 BLOCK 53 1
1406 CANCEL 765
1406 ORDER 855 25 45 50 55 0
1407 ORDER 856 56 50 2 27 1
1408 ORDER 857 8 32 2 45 1
1409 ORDER 858 16 11 25 56 0
1411 ORDER 859 12 35 78 55 1
1416 ORDER 860 18 8 49 56 0
1418 ORDER 861 40 26 61 55 1
1423 ORDER 862 65 21 49 56 1
1427 ORDER 863 15 24 33 55 0
1428 ORDER 864 54 44 1 33 0
1429 ORDER 865 49 18 1 15 0
1430 ORDER 866 43 38 3 48 1
1431 ORDER 867 38 23 2 19 0
1433 ORDER 868 30 12 3 29 0
1434 ORDER 869 63 15 2 18 0
1435 ORDER 870 29 20 2 28 2
1436 ORDER 871 37 41 1 32 0
1437 BLOCK 50 18
1438 ORDER 872 36 48 2 13 0
1440 ORDER 873 48 39 13 56 2
1441 UNBLOCK 12 53
1441 ORDER 874 27 29 76 56 0
1443 ORDER 875 46 12 2 23 1
1444 ORDER 876 15 24 3 47 0
1445 ORDER 877 38 18 9 56 2
1446 ORDER 878 70 50 1 21 0
1448 ORDER 879 61 48 3 54 0
1450 ORDER 880 28 42 3 13 1
1451 ORDER 881 57 24 3 7 0
1452 ORDER 882 39 42 2 6 1
1455 ORDER 883 72 51 3 12 1
1457 ORDER 884 13 29 41 56 3
1458 ORDER 885 27 9 11 55 0
1459 ORDER 886 57 38 72 56 1
1461 ORDER 887 21 35 74 55 0
1462 ORDER 888 64 48 18 56 2
1464 ORDER 889 50 5 20 55 0
1465 ORDER 890 70 38 1 48 1
1467 ORDER 891 37 26 48 55 0
1468 ORDER 892 26 23 30 55 0
1471 ORDER 893 43 14 3 31 0
1472 ORDER 894 68 15 63 56 0
1475 ORDER 895 64 48 3 12 1
1476 ORDER 896 71 42 1 11 0
1477 CANCEL 100896
1478 ORDER 897 59 9 3 44 0
1481 ORDER 898 44 47 2 54 0
1482 ORDER 899 63 36 2 5 0
1483 ORDER 900 45 5 1 28 0
1484 ORDER 901 30 12 3 24 0
1485 ORDER 902 22 14 40 55 1
1487 ORDER 903 74 48 31 55 1
1490 ORDER 904 13 41 40 56 3
1491 UNBLOCK 53 1
1491 ORDER 905 58 20 1 20 0
1492 BLOCK 72 35
1493 ORDER 906 12 41 2 7 2
1493 BLOCK 19 15
1494 ORDER 907 61 32 1 54 1
1495 ORDER 908 22 41 2 13 2
1497 ORDER 909 9 18 18 55 1
1501 ORDER 910 46 53 1 3 0
1502 ORDER 911 66 42 47 55 0
1506 ORDER 912 11 44 3 52 0
1507 ORDER 913 22 9 2 54 1
1509 ORDER 914 68 41 2 18 0
1511 ORDER 915 32 21 1 30 1
1512 ORDER 916 61 35 1 56 0
1516 ORDER 917 26 27 3 14 1
1518 ORDER 918 67 17 24 56 0
1519 ORDER 919 67 35 1 39 0
1520 ORDER 920 14 51 40 55 1
1521 ORDER 921 45 11 1 42 0
1522 ORDER 922 55 12 3 45 0
1523 ORDER 923 48 21 3 20 0
1524 ORDER 924 47 6 3 6 0
1524 BLOCK 67 21
1526 CANCEL 856
1527 ORDER 925 56 50 28 56 3
1530 ORDER 926 50 42 1 26 3
1531 ORDER 927 22 35 2 13 0
1532 ORDER 928 37 9 2 12 1
1534 ORDER 929 8 20 3 18 0
1535 ORDER 930 45 36 34 56 1
1537 ORDER 931 22 39 1 56 2
1538 ORDER 932 51 35 2 37 0
1540 ORDER 933 27 5 1 36 0
1542 ORDER 934 14 45 2 21 2
1544 ORDER 935 11 32 76 56 1
1545 ORDER 936 37 12 65 56 0
1547 ORDER 937 54 38 67 56 0
1549 ORDER 938 59 8 34 55 1
1550 ORDER 939 50 45 71 56 1
1552 ORDER 940 20 51 3 45 0
1553 ORDER 941 57 12 2 55 0
1554 ORDER 942 28 42 57 55 1
1556 ORDER 943 71 6 6 56 0
1557 ORDER 944 52 51 1 25 0
1558 ORDER 945 15 38 63 55 2
1559 ORDER 946 17 45 10 56 0
1560 ORDER 947 65 38 59 56 0
1561 UNBLOCK 50 18
1561 ORDER 948 49 44 1 38 0
1565 ORDER 949 49 36 11 56 0
1566 ORDER 950 42 27 1 50 0
1569 ORDER 951 19 18 1 51 0
1571 ORDER 952 72 38 3 21 0
1573 ORDER 953 11 50 3 19 0
1574 ORDER 954 68 51 2 28 1
1575 CANCEL 928
1577 ORDER 955 27 47 41 56 1
1578 ORDER 956 72 14 17 55 0
1579 UNBLOCK 67 21
1582 ORDER 957 72 9 3 23 2
1583 ORDER 958 63 42 1 49 0
1584 ORDER 959 58 21 35 56 0
1586 ORDER 960 59 21 44 56 0
1587 CANCEL 855
1587 ORDER 961 11 14 2 19 0
1587 BLOCK 6 11
1589 ORDER 962 65 50 2 34 0
1590 ORDER 963 56 24 17 55 0
1591 ORDER 964 10 3 2 28 0
1592 ORDER 965 17 35 3 55 0
1593 ORDER 966 38 9 2 13 0
1594 ORDER 967 71 6 71 56 3
1595 BLOCK 20 8
1596 CANCEL 100967
1597 ORDER 968 46 3 1 25 1
1599 UNBLOCK 19 15
1599 ORDER 969 56 18 2 6 3
1601 ORDER 970 60 18 2 6 1
1602 ORDER 971 20 18 46 55 1
1603 ORDER 972 8 26 1 51 0
1605 ORDER 973 23 20 70 55 0
1606 ORDER 974 42 38 10 55 0
1608 ORDER 975 32 29 72 55 0
1609 ORDER 976 31 21 30 55 0
1611 ORDER 977 48 39 25 56 1
1612 UNBLOCK 72 35
1613 ORDER 978 50 20 57 56 1
1614 ORDER 979 58 50 2 23 0
1615 ORDER 980 6 44 76 55 0
1618 ORDER 981 6 42 3 32 0
1619 ORDER 982 25 33 76 55 0
1620 ORDER 983 61 23 12 55 0
1621 ORDER 984 40 32 2 23 0
1623 ORDER 985 72 38 2 14 0
1625 ORDER 986 32 17 1 55 1
1626 ORDER 987 56 45 32 56 2
1628 ORDER 988 12 39 55 55 0
1629 ORDER 989 62 9 43 55 0
1630 ORDER 990 6 27 1 37 2
1633 UNBLOCK 6 11
1634 ORDER 991 8 41 2 29 2
1635 ORDER 992 73 23 64 56 1
1635 BLOCK 70 5
1637 CANCEL 943
1639 ORDER 993 42 41 2 13 0
1643 ORDER 994 58 21 27 56 0
1644 ORDER 995 11 33 2 31 3
1646 ORDER 996 21 3 3 33 0
1647 ORDER 997 55 36 3 40 0
1648 ORDER 998 47 21 1 17 0
1650 ORDER 999 68 9 63 56 1
1651 CANCEL 980
1652 ORDER 1000 72 5 1 39 1
1653 ORDER 1001 44 20 51 55 0
1655 ORDER 1002 75 12 2 1 2
1656 ORDER 1003 48 44 17 55 0
1657 ORDER 1004 7 35 3 3 0
1658 ORDER 1005 46 17 2 13 0
1659 ORDER 1006 44 51 3 3 1
1662 ORDER 1007 7 36 37 55 0
1663 ORDER 1008 18 6 2 17 2
1664 ORDER 1009 69 26 72 55 0
1665 ORDER 1010 47 14 4 55 1
1667 ORDER 1011 62 44 3 52 0
1669 CANCEL 936
1669 ORDER 1012 38 36 1 19 0
1670 ORDER 1013 8 53 21 56 1
1671 ORDER 1014 57 13 1 26 1
1672 UNBLOCK 20 8
1672 ORDER 1015 67 5 1 35 3
1674 ORDER 1016 18 8 1 43 0
1675 CANCEL 101016
1677 ORDER 1017 11 32 33 56 0
1678 ORDER 1018 6 45 2 12 3
1679 ORDER 1019 66 51 30 55 0
1680 ORDER 1020 9 42 2 54 1
1681 ORDER 1021 29 12 2 26 3
1683 ORDER 1022 26 3 3 55 1
1684 ORDER 1023 36 53 10 55 0
1685 ORDER 1024 44 12 3 22 0
1688 ORDER 1025 66 53 32 55 0
1689 ORDER 1026 68 27 3 28 0
1691 ORDER 1027 41 36 2 29 0
1692 ORDER 1028 51 33 73 55 0
1694 ORDER 1029 27 3 49 56 0
1697 ORDER 1030 40 11 3 26 1
1698 ORDER 1031 37 38 3 48 1
1700 ORDER 1032 22 50 1 49 0
1703 ORDER 1033 57 23 1 39 0
1707 ORDER 1034 30 27 78 55 0
1708 ORDER 1035 47 39 71 56 1
1712 ORDER 1036 40 44 20 55 0
1714 ORDER 1037 8 3 3 29 0
1716 ORDER 1038 68 47 34 55 1
1717 ORDER 1039 47 11 3 10 1
1718 ORDER 1040 73 17 72 56 1
1721 ORDER 1041 59 9 22 55 0
1722 ORDER 1042 71 41 1 48 0
1723 ORDER 1043 9 6 26 56 0
1724 ORDER 1044 70 47 8 55 0
1726 ORDER 1045 6 27 3 9 0
1727 ORDER 1046 24 36 2 52 0
1728 ORDER 1047 59 24 26 56 0
1730 ORDER 1048 73 12 1 41 0
1732 ORDER 1049 62 9 2 11 1
1734 ORDER 1050 31 3 33 56 0
1735 ORDER 1051 47 11 32 55 0
1736 ORDER 1052 27 15 2 24 0
1737 ORDER 1053 20 11 25 56 0
1738 ORDER 1054 9 21 46 55 1
1738 BLOCK 18 38
1739 ORDER 1055 38 48 5 56 1
1740 ORDER 1056 54 3 21 56 0
1742 CANCEL 948
1742 ORDER 1057 74 8 3 39 1
1743 ORDER 1058 66 12 2 3 0
1744 ORDER 1059 53 42 2 5 0
1745 ORDER 1060 32 17 56 55 2
1746 ORDER 1061 20 41 3 12 0
1747 ORDER 1062 31 50 2 6 0
1749 ORDER 1063 47 51 45 55 1
1750 ORDER 1064 49 20 57 56 0
1751 ORDER 1065 75 6 3 19 1
1752 ORDER 1066 37 21 71 55 0
1754 ORDER 1067 20 27 1 39 0
1755 ORDER 1068 24 26 3 2 0
1756 BLOCK 25 36
1760 ORDER 1069 65 18 3 44 0
1761 ORDER 1070 52 45 21 55 0
1763 CANCEL 993
1763 ORDER 1071 59 11 17 55 2
1764 ORDER 1072 16 15 35 55 1
1767 UNBLOCK 70 5
1767 ORDER 1073 46 27 2 3 3
1768 ORDER 1074 39 39 3 31 0
1771 ORDER 1075 14 26 3 28 0
1773 ORDER 1076 37 50 3 46 3
1774 ORDER 1077 73 36 57 56 0
1775 ORDER 1078 55 23 54 55 0
1776 ORDER 1079 26 53 1 45 0
1778 ORDER 1080 8 3 3 12 1
1779 ORDER 1081 15 23 2 48 0
1781 ORDER 1082 46 17 3 28 0
1782 ORDER 1083 11 45 1 14 0
1784 ORDER 1084 70 42 37 56 0
1785 ORDER 1085 51 23 76 55 0
1785 BLOCK 50 52
1787 ORDER 1086 39 5 3 50 0
1788 ORDER 1087 18 6 3 25 0
1789 ORDER 1088 40 9 2 13 1
1790 ORDER 1089 10 20 63 56 1
1791 ORDER 1090 18 23 2 47 0
1793 ORDER 1091 6 35 3 8 1
1793 CANCEL 101091
1795 CANCEL 1061
1795 ORDER 1092 74 5 53 55 0
1796 BLOCK 6 29
1797 ORDER 1093 40 45 51 55 0
1798 ORDER 1094 10 6 2 18 1
1801 ORDER 1095 22 23 1 5 0
1802 ORDER 1096 6 39 1 19 1
1805 ORDER 1097 6 48 39 55 0
1806 ORDER 1098 11 27 1 13 1
1809 ORDER 1099 38 14 58 56 1
1812 ORDER 1100 43 6 3 42 0
1813 ORDER 1101 72 27 59 56 0
1814 UNBLOCK 25 36
1814 ORDER 1102 24 24 2 34 0
1815 ORDER 1103 13 18 1 1 0
1816 ORDER 1104 49 51 1 56 0
1817 ORDER 1105 70 32 1 35 0
1818 CANCEL 1016
1818 ORDER 1106 12 21 12 55 1
1820 ORDER 1107 20 20 47 55 0
1821 ORDER 1108 6 45 22 56 0
1822 ORDER 1109 21 17 13 55 0
1823 ORDER 1110 75 42 3 48 0
1824 ORDER 1111 46 21 4 56 0
1826 ORDER 1112 14 12 62 55 0
1828 ORDER 1113 25 5 22 56 0
1830 ORDER 1114 16 45 3 46 0
1831 ORDER 1115 66 29 2 21 0
1833 ORDER 1116 26 50 1 10 1
1834 BLOCK 48 42
1836 ORDER 1117 59 32 23 56 0
1837 ORDER 1118 49 30 40 55 0
1838 UNBLOCK 18 38
1838 ORDER 1119 6 26 2 9 3
1839 ORDER 1120 11 17 36 55 0
1840 ORDER 1121 61 17 19 55 0
1841 CANCEL 1078
1844 ORDER 1122 38 24 1 50 0
1845 ORDER 1123 64 5 1 49 0
1845 BLOCK 20 49
1846 ORDER 1124 38 6 19 56 0
1847 ORDER 1125 25 32 3 37 2
1850 CANCEL 1077
1850 ORDER 1126 26 32 3 31 0
1851 ORDER 1127 32 47 2 52 0
1852 CANCEL 1048
1853 ORDER 1128 37 17 3 20 0
1854 ORDER 1129 59 11 13 55 0
1855 ORDER 1130 25 15 1 30 1
1855 CANCEL 101130
1856 ORDER 1131 71 32 1 21 2
1858 UNBLOCK 6 29
1858 ORDER 1132 21 5 26 55 0
1860 UNBLOCK 50 52
1861 ORDER 1133 72 20 1 10 0
1862 ORDER 1134 35 47 78 55 0
1863 BLOCK 23 26
1866 ORDER 1135 7 47 40 55 0
1867 ORDER 1136 68 41 2 29 0
1868 ORDER 1137 31 33 1 33 3
1870 ORDER 1138 68 33 3 20 0
1871 ORDER 1139 59 45 21 55 3
1874 ORDER 1140 70 26 1 41 1
1875 ORDER 1141 10 8 2 21 0
1876 ORDER 1142 23 47 3 32 0
1879 ORDER 1143 53 48 37 55 2
1880 ORDER 1144 58 48 3 40 0
1881 CANCEL 1131
1882 ORDER 1145 32 30 6 56 1
1884 ORDER 1146 19 30 11 55 3
1886 ORDER 1147 58 50 2 28 0
1887 ORDER 1148 74 21 3 16 0
1888 ORDER 1149 66 51 60 55 0
1889 ORDER 1150 75 14 1 25 0
1890 ORDER 1151 38 23 9 55 1
1893 ORDER 1152 18 23 22 55 0
1894 ORDER 1153 9 27 3 24 1
1896 ORDER 1154 7 18 1 45 0
1898 ORDER 1155 6 5 1 40 3
1899 ORDER 1156 58 26 3 26 2
1903 ORDER 1157 63 11 2 41 0
1904 ORDER 1158 71 30 66 55 0
1905 ORDER 1159 14 53 50 56 0
1906 ORDER 1160 9 17 2 10 3
1908 ORDER 1161 36 14 23 55 0
1910 ORDER 1162 59 29 62 55 0
1911 ORDER 1163 66 48 47 55 0
1912 ORDER 1164 70 44 1 1 2
1913 ORDER 1165 48 42 29 55 2
1916 ORDER 1166 43 18 2 3 1
1918 ORDER 1167 63 5 69 55 0
1919 ORDER 1168 21 33 3 52 0
1924 ORDER 1169 48 12 68 56 1
1925 ORDER 1170 41 21 1 38 0
1927 ORDER 1171 14 6 3 22 0
1929 ORDER 1172 44 11 1 34 0
1930 ORDER 1173 21 33 75 56 1
1931 ORDER 1174 34 12 1 16 2
1933 ORDER 1175 52 12 6 56 2
1934 ORDER 1176 25 24 38 55 0
1935 ORDER 1177 16 45 16 55 1
1936 ORDER 1178 6 36 3 29 0
1937 ORDER 1179 49 36 2 15 0
1938 ORDER 1180 35 38 13 56 0
1942 ORDER 1181 14 26 27 56 0
1943 ORDER 1182 41 39 74 56 1
1945 ORDER 1183 63 17 2 31 0
1947 ORDER 1184 30 21 2 17 1
1948 UNBLOCK 20 49
1950 ORDER 1185 26 12 78 56 3
1952 ORDER 1186 73 36 2 19 3
1953 ORDER 1187 6 38 7 55 0
1954 ORDER 1188 26 50 71 55 0
1955 ORDER 1189 10 6 3 6 0
1956 ORDER 1190 50 3 3 19 0
1957 UNBLOCK 48 42
1957 UNBLOCK 23 26
1957 ORDER 1191 11 42 1 38 1
1958 ORDER 1192 59 35 1 45 1
1959 ORDER 1193 23 20 65 55 0
1961 ORDER 1194 27 41 3 54 2
1962 ORDER 1195 21 21 1 48 1
1963 ORDER 1196 6 51 53 55 1
1964 ORDER 1197 42 38 3 1 0
1965 ORDER 1198 28 26 3 4 0
1965 BLOCK 33 18
1968 ORDER 1199 50 36 1 24 3
1969 ORDER 1200 43 30 3 13 0
1970 ORDER 1201 64 8 45 56 3
1971 BLOCK 71 28
1972 ORDER 1202 51 20 2 14 1
1973 CANCEL 1135
1974 ORDER 1203 50 26 14 55 0
1975 ORDER 1204 53 16 2 36 2
1976 ORDER 1205 15 14 3 8 0
1978 ORDER 1206 66 19 2 10 0
1979 ORDER 1207 58 51 70 56 0
1980 ORDER 1208 58 21 8 56 2
1984 ORDER 1209 52 15 21 55 2
1985 ORDER 1210 9 5 1 36 0
1987 ORDER 1211 23 45 77 55 3
1988 ORDER 1212 74 47 1 8 2
1990 ORDER 1213 29 53 11 55 1
1992 ORDER 1214 74 50 1 51 0
1993 ORDER 1215 60 48 25 55 0
1994 ORDER 1216 26 36 34 56 1
1995 ORDER 1217 52 51 50 56 0
1996 BLOCK 73 27
1997 CANCEL 1186
2000 ORDER 1218 47 8 3 55 0
2002 ORDER 1219 9 51 31 55 0
2003 ORDER 1220 23 12 5 56 2
2004 ORDER 1221 67 30 2 25 0
2005 ORDER 1222 7 21 71 56 0
2005 BLOCK 39 18
2006 ORDER 1223 24 20 31 55 0
2007 ORDER 1224 73 44 53 56 0
2008 ORDER 1225 58 39 20 56 0
2010 UNBLOCK 71 28
2010 ORDER 1226 63 36 42 55 0
2011 ORDER 1227 70 41 3 55 0
2014 CANCEL 1123
2014 ORDER 1228 74 21 68 55 1
2015 ORDER 1229 25 53 13 55 0
2016 ORDER 1230 17 20 1 38 0
2017 ORDER 1231 30 20 3 17 0
2018 ORDER 1232 22 23 1 19 1
2019 ORDER 1233 11 48 3 49 1
2020 ORDER 1234 66 47 2 49 2
2022 ORDER 1235 28 50 16 55 0
2025 ORDER 1236 45 9 48 55 3
2027 ORDER 1237 35 36 45 55 0
2030 ORDER 1238 30 36 3 54 2
2031 ORDER 1239 21 20 1 50 2
2032 ORDER 1240 51 32 1 17 0
2034 ORDER 1241 62 47 63 55 0
2036 ORDER 1242 13 17 2 29 0
2037 ORDER 1243 28 35 3 53 0
2039 ORDER 1244 20 9 43 56 2
2040 ORDER 1245 69 8 17 55 0
2041 UNBLOCK 73 27
2041 ORDER 1246 65 15 2 10 0
2043 ORDER 1247 53 32 53 55 0
2045 ORDER 1248 64 5 46 55 0
2046 ORDER 1249 50 18 25 55 1
2048 ORDER 1250 21 33 1 30 1
2049 ORDER 1251 67 35 45 55 0
2050 ORDER 1252 32 23 2 38 0
2051 ORDER 1253 16 51 3 23 1
2053 CANCEL 1228
2056 ORDER 1254 32 27 1 22 1
2057 ORDER 1255 11 3 40 55 2
2059 UNBLOCK 33 18
2059 CANCEL 1211
2060 ORDER 1256 11 50 1 56 0
2061 ORDER 1257 26 23 1 13 1
2062 ORDER 1258 71 35 1 18 0
2064 ORDER 1259 54 11 49 55 3
2067 ORDER 1260 12 33 35 56 0
2068 ORDER 1261 7 5 3 27 0
2070 ORDER 1262 40 24 32 55 0
2072 ORDER 1263 64 24 49 56 0
2073 ORDER 1264 24 53 3 6 1
2074 ORDER 1265 54 15 1 10 0
2075 ORDER 1266 56 33 2 48 0
2076 ORDER 1267 40 18 61 55 3
2077 ORDER 1268 50 33 64 55 0
2078 ORDER 1269 59 48 1 31 2
2080 ORDER 1270 65 41 2 25 0
2081 ORDER 1271 75 33 43 55 3
2086 ORDER 1272 18 9 2 36 0
2088 ORDER 1273 8 50 2 40 0
2089 ORDER 1274 58 5 53 56 0
2091 ORDER 1275 37 53 3 13 0
2095 ORDER 1276 36 24 2 18 1
2098 ORDER 1277 26 33 1 16 0
2099 ORDER 1278 68 41 3 41 0
2100 ORDER 1279 53 11 3 2 0
2101 ORDER 1280 45 21 2 9 0
2102 ORDER 1281 22 3 2 50 2
2103 ORDER 1282 65 53 1 19 0
2104 ORDER 1283 40 33 75 56 0
2105 ORDER 1284 75 11 14 56 0
2106 ORDER 1285 56 21 2 43 1
2108 ORDER 1286 14 32 1 16 0
2111 ORDER 1287 57 15 3 48 0
2112 CANCEL 1194
2112 ORDER 1288 64 35 24 55 0
2113 UNBLOCK 39 18
2113 ORDER 1289 29 9 3 5 2
2114 ORDER 1290 60 8 10 55 3
2115 ORDER 1291 6 36 2 45 0
2116 ORDER 1292 32 8 3 2 0
2117 ORDER 1293 18 26 2 52 0
2119 ORDER 1294 6 18 2 44 0
2121 ORDER 1295 66 44 52 55 0
2122 ORDER 1296 60 18 78 56 1
2123 ORDER 1297 10 11 78 56 0
2124 ORDER 1298 70 39 6 56 1
2126 ORDER 1299 26 30 2 6 0
2127 ORDER 1300 29 15 2 30 0
2131 ORDER 1301 32 30 76 55 1
2132 ORDER 1302 8 17 1 30 0
2133 ORDER 1303 52 32 47 55 0
2135 ORDER 1304 18 20 78 55 0
2136 ORDER 1305 30 12 23 55 1
2137 ORDER 1306 16 47 3 17 0
2138 ORDER 1307 18 5 2 36 0
2140 ORDER 1308 46 17 1 30 0
2141 CANCEL 1183
2141 ORDER 1309 66 38 2 47 0
2142 ORDER 1310 63 6 2 2 0
2148 ORDER 1311 51 24 3 56 1
2151 ORDER 1312 66 53 75 56 0
2153 ORDER 1313 68 14 7 55 1
2155 ORDER 1314 6 3 1 9 0
2156 ORDER 1315 34 8 35 56 0
2157 ORDER 1316 11 33 3 37 0
2158 ORDER 1317 72 27 2 49 2
2159 ORDER 1318 65 23 3 49 2
2161 CANCEL 1233
2162 ORDER 1319 31 9 1 50 2
2163 ORDER 1320 38 24 18 55 0
2164 ORDER 1321 26 17 25 56 0
2166 ORDER 1322 10 8 3 47 0
2167 BLOCK 60 56
2170 ORDER 1323 69 23 18 56 0
2171 ORDER 1324 61 47 1 40 0
2173 ORDER 1325 67 47 3 34 1
2175 ORDER 1326 70 35 2 23 1
2178 ORDER 1327 67 53 1 3 2
2179 ORDER 1328 40 3 2 26 0
2185 ORDER 1329 6 12 1 19 0
2190 ORDER 1330 75 18 20 55 0
2191 ORDER 1331 74 15 1 15 0
2193 ORDER 1332 11 35 2 17 0
2196 ORDER 1333 9 9 23 55 0
2197 ORDER 1334 59 11 69 55 0
2199 ORDER 1335 19 11 11 55 0
2204 ORDER 1336 46 6 2 55 0
2206 ORDER 1337 9 32 77 56 2
2209 ORDER 1338 24 24 1 52 1
2212 ORDER 1339 61 45 2 38 0
2213 ORDER 1340 9 27 3 29 2
2214 ORDER 1341 8 44 1 31 0
2215 ORDER 1342 6 44 1 28 0
2216 ORDER 1343 20 8 50 56 0
2218 ORDER 1344 32 21 2 14 0
2221 ORDER 1345 24 15 78 55 1
2223 ORDER 1346 54 26 6 56 0
2224 CANCEL 1328
2224 ORDER 1347 75 18 3 23 0
2225 ORDER 1348 53 45 54 55 0
2226 ORDER 1349 40 20 3 2 0
2227 CANCEL 1315
2231 ORDER 1350 67 39 1 33 0
2232 ORDER 1351 75 27 33 55 0
2233 ORDER 1352 74 45 41 55 2
2234 ORDER 1353 36 39 43 55 2
2235 ORDER 1354 18 26 1 27 0
2236 ORDER 1355 52 8 2 29 1
2236 BLOCK 33 3
2237 ORDER 1356 57 35 3 39 3
2240 UNBLOCK 60 56
2241 ORDER 1357 17 48 1 18 0
2242 ORDER 1358 60 26 49 56 1
2243 ORDER 1359 19 9 20 55 0
2245 ORDER 1360 10 50 44 56 0
2246 ORDER 1361 34 36 74 55 0
2247 CANCEL 1311
2247 ORDER 1362 45 36 78 56 0
2248 ORDER 1363 58 27 26 55 3
2249 ORDER 1364 27 39 3 38 1
2250 ORDER 1365 6 8 3 8 1
2252 ORDER 1366 8 51 1 16 0
2253 ORDER 1367 72 20 2 26 0
2255 ORDER 1368 29 11 2 34 0
2257 ORDER 1369 34 9 1 53 1
2258 ORDER 1370 57 42 2 3 0
2259 ORDER 1371 53 39 1 42 0
2260 ORDER 1372 12 33 2 50 1
2261 ORDER 1373 70 44 17 56 0
2262 ORDER 1374 67 50 75 55 1
2263 ORDER 1375 43 18 2 38 0
2265 ORDER 1376 53 32 2 34 1
2266 ORDER 1377 53 12 19 55 1
2268 ORDER 1378 9 35 58 56 0
2270 ORDER 1379 8 41 5 56 0
2271 ORDER 1380 54 3 2 30 0
2271 BLOCK 60 6
2272 ORDER 1381 69 12 78 56 0
2273 ORDER 1382 62 33 56 55 0
2274 ORDER 1383 11 36 13 55 0
2275 ORDER 1384 74 26 1 51 0
2277 ORDER 1385 6 35 65 56 0
2278 ORDER 1386 67 23 2 33 1
2280 ORDER 1387 50 35 2 28 2
2281 ORDER 1388 59 42 49 56 1
2282 ORDER 1389 62 6 1 41 2
2283 ORDER 1390 7 20 48 55 0
2284 ORDER 1391 19 52 1 15 0
2285 ORDER 1392 61 32 1 54 0
2286 ORDER 1393 65 42 22 55 0
2287 ORDER 1394 49 35 14 56 0
2288 ORDER 1395 22 33 73 55 0
2289 ORDER 1396 32 48 48 56 1
2290 ORDER 1397 45 29 3 39 0
2292 ORDER 1398 34 26 55 56 1
2296 ORDER 1399 48 5 1 35 0
2298 ORDER 1400 10 50 3 53 0
2300 ORDER 1401 47 3 52 55 2
2301 ORDER 1402 42 30 2 39 0
2303 ORDER 1403 8 33 2 26 2
2305 ORDER 1404 50 27 16 55 0
2306 ORDER 1405 51 18 2 27 0
2308 ORDER 1406 17 42 63 56 0
2312 ORDER 1407 44 51 21 55 1
2313 ORDER 1408 72 3 1 13 0
2315 ORDER 1409 72 42 2 56 3
2318 BLOCK 19 48
2319 ORDER 1410 64 26 57 56 0
2320 ORDER 1411 50 50 2 10 0
2322 ORDER 1412 42 41 15 55 0
2323 ORDER 1413 56 27 2 49 0
2324 ORDER 1414 16 9 19 56 0
2325 ORDER 1415 38 50 23 55 0
2327 ORDER 1416 19 27 57 55 0
2328 ORDER 1417 27 24 48 56 1
2330 ORDER 1418 22 38 23 56 0
2330 BLOCK 51 53
2331 ORDER 1419 53 17 39 55 2
2335 ORDER 1420 66 5 68 55 1
2336 ORDER 1421 32 51 48 56 0
2337 ORDER 1422 40 3 3 33 1
2340 ORDER 1423 56 18 27 56 0
2341 ORDER 1424 58 32 20 55 0
2343 ORDER 1425 56 26 10 56 1
2346 ORDER 1426 15 52 69 56 2
2346 CANCEL 101426
2347 ORDER 1427 41 3 63 56 2
2348 ORDER 1428 56 53 62 55 0
2350 ORDER 1429 23 8 1 49 3
2351 ORDER 1430 53 11 1 42 2
2353 CANCEL 1330
2353 ORDER 1431 57 17 2 55 0
2354 ORDER 1432 71 33 9 56 2
2355 UNBLOCK 33 3
2355 ORDER 1433 50 24 53 55 1
2358 ORDER 1434 38 33 2 54 3
2360 ORDER 1435 19 29 1 11 1
2361 ORDER 1436 10 50 78 56 1
2362 ORDER 1437 10 35 8 55 0
2363 ORDER 1438 9 24 3 48 0
2365 ORDER 1439 73 23 1 8 3
2366 ORDER 1440 48 48 13 55 0
2367 ORDER 1441 24 45 2 13 0
2375 ORDER 1442 18 30 1 38 0
2376 ORDER 1443 61 35 1 33 1
2377 ORDER 1444 11 50 26 55 1
2379 ORDER 1445 70 47 2 32 0
2380 ORDER 1446 6 35 3 42 0
2381 ORDER 1447 7 29 16 55 2
2382 ORDER 1448 22 27 1 12 0
2385 ORDER 1449 9 15 2 54 0
2391 ORDER 1450 30 9 53 55 0
2393 ORDER 1451 58 45 20 56 2
2396 ORDER 1452 53 8 55 55 0
2398 ORDER 1453 35 18 3 49 0
2399 ORDER 1454 9 15 72 55 0
2401 ORDER 1455 68 14 2 22 1
2403 UNBLOCK 60 6
2403 ORDER 1456 63 3 30 56 0
2404 ORDER 1457 27 44 78 55 0
2405 ORDER 1458 21 33 3 19 0
2408 ORDER 1459 65 17 3 31 0
2408 BLOCK 14 55
2409 ORDER 1460 59 5 70 55 0
2409 BLOCK 25 39
2411 ORDER 1461 23 24 77 56 0
2412 ORDER 1462 48 18 1 49 3
2413 ORDER 1463 38 14 1 51 0
2415 ORDER 1464 42 8 49 55 1
2416 ORDER 1465 64 29 77 55 1
2417 ORDER 1466 66 9 2 1 1
2418 ORDER 1467 61 47 67 56 1
2419 ORDER 1468 22 35 3 14 0
2420 ORDER 1469 70 47 3 54 1
2421 ORDER 1470 67 18 2 39 0
2422 ORDER 1471 7 32 2 2 2
2422 BLOCK 13 27
2423 ORDER 1472 28 30 39 56 1
2424 ORDER 1473 72 33 17 56 2
2424 BLOCK 16 44
2426 ORDER 1474 18 3 18 56 0
2428 ORDER 1475 50 17 3 35 0
2429 ORDER 1476 65 39 26 56 0
2430 ORDER 1477 42 27 41 56 1
2432 ORDER 1478 14 11 2 49 0
2433 ORDER 1479 64 44 3 17 0
2434 ORDER 1480 42 20 3 9 0
2435 ORDER 1481 10 20 53 55 0
2436 UNBLOCK 19 48
2436 ORDER 1482 72 18 41 56 1
2438 CANCEL 1374
2438 ORDER 1483 36 51 1 56 1
2441 UNBLOCK 25 39
2441 ORDER 1484 38 38 1 49 0
2443 ORDER 1485 36 8 6 55 1
2446 ORDER 1486 10 27 39 55 2
2447 ORDER 1487 18 12 3 52 1
2449 CANCEL 1385
2449 ORDER 1488 66 44 71 55 0
2450 ORDER 1489 37 50 7 55 2
2451 ORDER 1490 33 24 19 56 0
2452 ORDER 1491 52 6 1 23 1
2453 BLOCK 25 56
2455 ORDER 1492 44 30 2 34 0
2456 ORDER 1493 20 20 62 56 0
2457 CANCEL 1427
2460 ORDER 1494 64 42 2 54 3
2462 ORDER 1495 32 6 3 18 2
2463 ORDER 1496 32 20 57 56 1
2464 ORDER 1497 32 53 3 34 0
2466 ORDER 1498 60 23 3 11 1
2468 UNBLOCK 51 53
2468 ORDER 1499 56 42 1 24 1
2470 ORDER 1500 6 44 2 20 0
2471 ORDER 1501 38 53 3 29 1
2474 ORDER 1502 18 21 3 11 0
2475 ORDER 1503 7 14 1 9 0
2476 ORDER 1504 67 26 2 28 0
2477 ORDER 1505 24 53 2 32 0
2478 ORDER 1506 17 38 3 28 1
2479 ORDER 1507 6 9 1 5 0
2480 ORDER 1508 49 33 2 53 1
2480 CANCEL 101508
2481 ORDER 1509 73 38 1 43 0
2483 ORDER 1510 20 23 2 25 0
2484 ORDER 1511 75 23 32 56 1
2486 ORDER 1512 15 32 2 40 0
2487 ORDER 1513 23 14 3 11 0
2488 ORDER 1514 45 6 3 25 0
2489 ORDER 1515 62 30 1 7 1
2490 ORDER 1516 65 15 74 55 0
2492 ORDER 1517 56 6 59 55 0
2500 ORDER 1518 22 14 1 38 1
2503 UNBLOCK 16 44
2503 ORDER 1519 61 50 3 4 1
2504 ORDER 1520 24 24 1 23 0
2505 ORDER 1521 34 44 3 2 0
2506 ORDER 1522 31 11 20 56 0
2507 ORDER 1523 34 42 52 55 0
2508 ORDER 1524 16 26 1 23 0
2509 ORDER 1525 39 23 1 52 0
2511 UNBLOCK 25 56
2511 ORDER 1526 21 5 3 47 0
2512 ORDER 1527 67 30 1 47 2
2513 ORDER 1528 58 41 12 55 0
2513 BLOCK 75 8
2514 ORDER 1529 65 53 66 56 0
2515 ORDER 1530 29 42 5 56 0
2516 ORDER 1531 17 53 7 55 1
2517 ORDER 1532 52 8 40 56 0
2518 ORDER 1533 47 11 7 56 3
2519 ORDER 1534 25 18 2 31 1
2521 ORDER 1535 30 42 2 41 0
2523 ORDER 1536 63 15 3 45 1
2524 ORDER 1537 75 53 39 56 1
2527 ORDER 1538 18 9 1 33 0
2528 ORDER 1539 55 9 1 19 0
2529 ORDER 1540 67 3 51 56 0
2530 ORDER 1541 71 30 36 55 1
2532 ORDER 1542 15 21 10 56 2
2533 ORDER 1543 30 5 6 55 1
2534 ORDER 1544 30 24 3 1 0
2535 ORDER 1545 26 53 8 55 0
2536 ORDER 1546 8 27 4 56 3
2537 ORDER 1547 46 38 2 21 0
2538 UNBLOCK 14 55
2538 ORDER 1548 70 8 63 55 0
2542 ORDER 1549 16 42 76 56 2
2544 ORDER 1550 7 44 45 55 2
2547 CANCEL 1428
2548 ORDER 1551 44 36 1 51 0
2549 ORDER 1552 73 47 48 55 2
2552 ORDER 1553 69 47 54 55 1
2553 ORDER 1554 48 18 2 23 0
2555 ORDER 1555 8 5 29 55 0
2557 ORDER 1556 73 3 25 55 0
2558 ORDER 1557 50 38 53 56 0
2560 UNBLOCK 13 27
2561 ORDER 1558 49 36 1 28 2
2563 ORDER 1559 46 17 69 55 0
2567 ORDER 1560 74 20 3 25 1
2568 ORDER 1561 47 27 2 10 2
2572 ORDER 1562 41 15 1 49 1
2573 ORDER 1563 49 24 66 55 0
2575 ORDER 1564 57 21 70 55 0
2576 ORDER 1565 35 6 41 56 0
2579 ORDER 1566 60 45 2 49 0
2580 ORDER 1567 39 14 51 56 1
2581 ORDER 1568 52 41 2 54 0
2582 ORDER 1569 33 36 77 56 0
2582 BLOCK 24 30
2585 ORDER 1570 34 47 21 55 1
2586 ORDER 1571 15 48 2 20 1
2587 ORDER 1572 69 33 3 29 0
2591 ORDER 1573 46 5 51 56 1
2593 ORDER 1574 39 26 72 55 0
2594 ORDER 1575 45 41 65 55 0
2595 ORDER 1576 71 31 78 55 3
2597 ORDER 1577 57 48 69 55 0
2598 ORDER 1578 47 5 39 56 0
2599 UNBLOCK 75 8
2599 ORDER 1579 46 41 54 55 0
2600 ORDER 1580 52 8 3 24 0
2602 ORDER 1581 9 44 1 45 1
2603 ORDER 1582 29 35 53 55 0
2604 ORDER 1583 14 24 62 56 0
2605 ORDER 1584 12 21 2 49 0
2606 ORDER 1585 66 3 77 56 1
2607 ORDER 1586 23 53 2 45 2
2608 ORDER 1587 29 29 2 36 0
2609 ORDER 1588 49 33 2 2 1
2610 ORDER 1589 22 42 40 56 0
2611 CANCEL 1541
2611 ORDER 1590 22 42 72 55 0
2615 ORDER 1591 50 45 1 14 0
2616 ORDER 1592 52 12 66 56 0
2618 ORDER 1593 6 26 15 55 1
2620 ORDER 1594 50 33 3 52 2
2621 ORDER 1595 26 33 1 50 0
2623 ORDER 1596 30 22 28 56 0
2626 ORDER 1597 46 42 1 50 0
2627 ORDER 1598 22 41 2 56 0
2628 ORDER 1599 12 3 61 55 1
2629 ORDER 1600 35 32 22 56 0
2631 ORDER 1601 43 45 36 55 0
2632 ORDER 1602 26 39 19 56 2
2635 ORDER 1603 51 26 3 30 0
2636 ORDER 1604 48 23 44 55 0
2637 ORDER 1605 11 51 2 4 0
2637 BLOCK 71 21
2638 ORDER 1606 52 29 2 23 3
2642 ORDER 1607 27 30 57 55 0
2643 ORDER 1608 75 23 41 55 1
2644 ORDER 1609 25 53 1 8 0
2648 ORDER 1610 64 24 3 47 0
2649 ORDER 1611 7 8 17 55 1
2650 ORDER 1612 53 35 2 32 1
2651 CANCEL 1528
2651 ORDER 1613 23 32 3 1 0
2652 BLOCK 13 6
2654 ORDER 1614 44 47 2 23 2
2655 ORDER 1615 19 9 1 21 0
2656 ORDER 1616 54 53 3 9 0
2657 ORDER 1617 54 11 54 56 0
2658 ORDER 1618 17 23 6 55 0
2659 CANCEL 1522
2660 ORDER 1619 41 33 1 12 0
2661 ORDER 1620 45 48 2 41 1
2662 ORDER 1621 63 6 21 55 0
2663 ORDER 1622 58 53 3 54 1
2664 ORDER 1623 55 3 33 55 2
2665 ORDER 1624 59 9 2 51 1
2666 ORDER 1625 64 17 7 56 0
2667 UNBLOCK 24 30
2669 ORDER 1626 10 8 3 44 2
2670 ORDER 1627 52 12 14 56 0
2671 ORDER 1628 37 38 36 56 1
2673 ORDER 1629 68 23 63 56 1
2676 ORDER 1630 70 47 1 1 1
2677 ORDER 1631 57 15 6 55 2
2678 ORDER 1632 25 5 3 23 0
2678 BLOCK 15 36
2679 ORDER 1633 36 5 46 56 0
2680 CANCEL 1521
2682 ORDER 1634 30 5 3 13 2
2684 ORDER 1635 23 36 50 56 1
2685 ORDER 1636 70 8 46 55 2
2687 ORDER 1637 10 11 3 5 0
2689 ORDER 1638 72 3 1 44 0
2691 ORDER 1639 61 38 2 38 0
2692 ORDER 1640 60 36 30 56 0
2693 CANCEL 1595
2693 ORDER 1641 61 6 1 47 0
2694 ORDER 1642 60 23 12 56 0
2696 ORDER 1643 27 5 61 55 1
2698 ORDER 1644 22 33 36 55 0
2699 ORDER 1645 66 45 58 56 1
2700 ORDER 1646 74 9 2 36 0
2701 ORDER 1647 66 41 76 55 0
2702 BLOCK 49 54
2705 ORDER 1648 18 17 2 13 0
2707 ORDER 1649 45 27 2 3 2
2708 ORDER 1650 8 5 67 55 2
2710 UNBLOCK 13 6
2710 ORDER 1651 6 30 71 56 1
2711 ORDER 1652 70 41 3 7 1
2716 ORDER 1653 39 47 3 52 1
2717 ORDER 1654 6 17 1 41 0
2718 ORDER 1655 18 18 42 56 1
2720 UNBLOCK 71 21
2723 ORDER 1656 48 33 8 55 0
2724 ORDER 1657 13 41 27 56 1
2727 ORDER 1658 62 15 1 41 2
2728 ORDER 1659 49 41 64 56 1
2729 ORDER 1660 18 35 1 51 1
2729 BLOCK 51 56
2730 ORDER 1661 41 32 2 12 1
2731 ORDER 1662 32 20 39 55 3
2732 ORDER 1663 15 22 22 56 0
2734 ORDER 1664 40 33 8 55 1
2735 ORDER 1665 8 35 27 56 0
2736 ORDER 1666 8 53 3 39 0
2738 ORDER 1667 49 38 67 55 2
2739 ORDER 1668 24 32 33 55 0
2740 ORDER 1669 50 5 3 24 0
2742 ORDER 1670 70 48 1 49 0
2745 UNBLOCK 15 36
2745 ORDER 1671 9 15 2 29 1
2746 ORDER 1672 33 51 3 56 0
2749 ORDER 1673 20 29 1 2 3
2750 ORDER 1674 48 18 2 21 0
2751 ORDER 1675 49 44 3 42 0
2751 BLOCK 18 45
2752 ORDER 1676 62 36 1 56 1
2753 ORDER 1677 43 11 3 19 0
2754 ORDER 1678 11 51 41 55 1
2756 ORDER 1679 37 8 1 28 0
2757 ORDER 1680 27 45 49 55 1
2758 ORDER 1681 64 44 2 22 1
2758 BLOCK 35 5
2763 BLOCK 68 39
2765 ORDER 1682 73 18 3 45 0
2766 ORDER 1683 48 8 1 15 0
2768 ORDER 1684 39 47 3 9 1
2769 ORDER 1685 21 35 14 56 3
2770 ORDER 1686 64 33 49 56 0
2771 ORDER 1687 52 35 61 55 2
2772 ORDER 1688 20 9 77 55 0
2774 ORDER 1689 53 41 1 31 0
2775 UNBLOCK 49 54
2776 ORDER 1690 15 48 3 49 1
2779 ORDER 1691 72 42 2 37 0
2780 ORDER 1692 19 27 27 55 0
2781 ORDER 1693 73 24 3 44 2
2784 ORDER 1694 52 45 53 56 0
2785 ORDER 1695 20 3 1 52 1
2788 ORDER 1696 58 32 3 19 0
2789 CANCEL 1667
2789 ORDER 1697 55 50 3 16 0
2790 ORDER 1698 53 9 57 56 0
2791 ORDER 1699 22 5 3 40 0
2792 ORDER 1700 33 17 51 55 3
2797 ORDER 1701 23 26 2 31 1
2798 ORDER 1702 37 11 1 41 1
2799 ORDER 1703 55 17 1 28 1
2803 ORDER 1704 21 29 24 56 0
2804 ORDER 1705 10 27 1 47 3
2805 ORDER 1706 42 29 1 33 0
2806 CANCEL 1699
2806 ORDER 1707 15 50 1 22 1
2811 UNBLOCK 51 56
2812 ORDER 1708 69 24 76 55 0
2814 ORDER 1709 57 17 3 55 0
2815 UNBLOCK 18 45
2815 ORDER 1710 75 14 71 56 0
2819 ORDER 1711 42 30 3 44 0
2820 ORDER 1712 75 8 1 41 1
2821 ORDER 1713 6 7 10 55 1
2822 ORDER 1714 9 9 52 56 0
2823 ORDER 1715 16 21 4 56 1
2826 ORDER 1716 10 50 2 24 2
2828 ORDER 1717 65 12 1 44 2
2830 ORDER 1718 46 41 3 10 0
2831 ORDER 1719 72 51 1 39 1
2833 ORDER 1720 66 20 17 56 1
2833 BLOCK 61 25
2834 ORDER 1721 73 33 2 47 0
2835 UNBLOCK 68 39
2835 ORDER 1722 66 45 4 55 3
2836 ORDER 1723 48 18 62 55 0
2837 BLOCK 22 30
2838 ORDER 1724 12 27 2 23 2
2840 ORDER 1725 28 29 3 37 0
2841 ORDER 1726 61 48 52 55 1
2842 ORDER 1727 9 17 2 45 1
2844 ORDER 1728 68 5 3 28 2
2846 ORDER 1729 7 5 10 55 0
2848 ORDER 1730 6 17 2 39 0
2849 ORDER 1731 59 47 16 56 0
2850 ORDER 1732 46 44 2 18 0
2852 ORDER 1733 9 14 74 55 0
2854 CANCEL 1648
2854 ORDER 1734 9 27 52 55 0
2855 ORDER 1735 10 12 1 24 0
2856 ORDER 1736 8 33 33 55 1
2858 ORDER 1737 74 21 3 12 2
2859 ORDER 1738 42 50 3 14 0
2860 ORDER 1739 73 14 2 42 3
2861 ORDER 1740 38 26 63 55 0
2863 UNBLOCK 35 5
2863 ORDER 1741 50 18 1 4 1
2864 ORDER 1742 75 18 1 21 0
2865 ORDER 1743 65 11 2 56 0
2866 ORDER 1744 22 29 8 56 0
2867 ORDER 1745 38 29 1 33 0
2868 BLOCK 57 27
2869 ORDER 1746 56 5 69 56 0
2870 ORDER 1747 43 45 3 32 0
2871 ORDER 1748 71 38 3 15 0
2872 ORDER 1749 27 51 64 55 0
2873 ORDER 1750 63 45 3 44 0
2874 ORDER 1751 33 24 49 55 1
2875 ORDER 1752 27 14 3 40 0
2877 ORDER 1753 32 8 63 56 0
2883 CANCEL 1661
2884 ORDER 1754 51 8 3 6 1
2885 ORDER 1755 75 53 2 56 1
2886 UNBLOCK 22 30
2886 ORDER 1756 61 50 3 55 1
2887 ORDER 1757 24 8 1 7 0
2888 ORDER 1758 67 20 30 55 3
2889 ORDER 1759 27 6 3 18 0
2890 ORDER 1760 19 8 1 35 0
2892 ORDER 1761 8 3 19 55 0
2893 ORDER 1762 13 41 3 54 1
2894 CANCEL 1740
2894 ORDER 1763 26 44 2 9 1
2898 ORDER 1764 52 6 1 25 0
2900 ORDER 1765 49 41 3 16 1
2906 BLOCK 11 8
2907 ORDER 1766 55 42 8 55 0
2910 ORDER 1767 55 15 3 24 0
2911 ORDER 1768 71 35 2 26 1
2912 ORDER 1769 56 36 38 55 0
2913 ORDER 1770 54 9 76 55 0
2914 ORDER 1771 8 6 72 56 0
2915 ORDER 1772 64 24 2 38 0
2918 ORDER 1773 65 41 2 53 0
2920 ORDER 1774 57 14 3 49 0
2921 ORDER 1775 15 36 3 6 2
2922 CANCEL 1687
2922 UNBLOCK 57 27
2922 ORDER 1776 48 44 1 55 0
2923 ORDER 1777 32 39 40 55 0
2924 CANCEL 1685
2924 ORDER 1778 6 23 1 33 2
2926 ORDER 1779 20 20 25 56 0
2927 ORDER 1780 21 42 3 55 0
2930 ORDER 1781 33 48 72 56 0
2931 ORDER 1782 74 29 1 8 0
2932 ORDER 1783 58 30 55 55 0
2933 ORDER 1784 54 26 63 56 3
2934 ORDER 1785 60 6 2 46 2
2938 ORDER 1786 51 14 66 56 0
2941 ORDER 1787 67 20 62 55 0
2942 ORDER 1788 40 35 66 55 0
2943 BLOCK 61 52
2944 ORDER 1789 50 17 1 1 0
2945 ORDER 1790 6 8 56 56 1
2946 ORDER 1791 63 45 71 55 1
2947 ORDER 1792 7 45 3 8 1
2948 ORDER 1793 53 45 1 12 1
2949 UNBLOCK 61 25
2949 ORDER 1794 6 51 3 31 2
2952 ORDER 1795 58 39 10 56 0
2956 ORDER 1796 69 23 46 56 0
2957 ORDER 1797 38 11 1 53 1
2958 ORDER 1798 72 3 19 55 1
2960 ORDER 1799 49 36 2 40 0
2962 ORDER 1800 36 32 62 56 1
2964 ORDER 1801 7 41 2 40 1
2967 ORDER 1802 30 39 11 55 2
2967 BLOCK 60 12
2970 ORDER 1803 35 17 3 21 0
2978 CANCEL 1780
2978 ORDER 1804 20 42 1 41 1
2979 ORDER 1805 61 50 3 50 0
2980 ORDER 1806 58 24 2 38 0
2982 ORDER 1807 28 23 35 56 1
2983 ORDER 1808 73 18 3 17 1
2984 ORDER 1809 35 6 71 55 2
2989 ORDER 1810 63 30 71 56 1
2990 ORDER 1811 57 24 1 46 0
2990 CANCEL 101811
2992 ORDER 1812 51 6 1 37 0
2993 ORDER 1813 14 36 3 54 0
2994 ORDER 1814 52 23 2 17 3
2997 ORDER 1815 25 48 2 12 0
2998 ORDER 1816 65 44 3 12 0
2999 ORDER 1817 30 29 1 37 1
