100 70 2500
####################################################################################################
#.....C....C....C....C....C....C....C....C....C....C....C....C....C....C....C....C....C....C.......#
#..................................................................................................#
#..................................................................................................#
#.....######..#######..########..#######..########..#######..######..########..########..#######...#
#..................................................................................................#
#..................................................................................................#
#.....########..######..########..######..#######..#######..########..######..######..######..##...#
#..................................................................................................#
#..................................................................................................#
#.....#######..#########..########..#######..#########..######..#########..#########..#######..#...#
#..................................................................................................#
#..................................................................................................#
#.....######..######..#######..#######..#######..######..######..#########..########..########.....#
#..................................................................................................#
#..................................................................................................#
#.....#######..######..#########..########..#########..########..#######..#########..#######..##...#
#..................................................................................................#
#..................................................................................................#
#.....#########..#######..#######..#########..#########..#######..########..########..######..##...#
#..................................................................................................#
#..................................................................................................#
#.....########..########..#######..########..######..#######..######..######..#########..#######...#
#..................................................................................................#
#..................................................................................................#
#.....#########..#########..######..########..#######..#########..########..#########..########....#
#..................................................................................................#
#..................................................................................................#
#.....#######..########..#########..#########..########..#########..########..#########..######....#
#..................................................................................................#
#..................................................................................................#
#.....#########..#########..########..#########..#########..#######..#######..#######..########....#
#..................................................................................................#
#..................................................................................................#
#.....########..########..#######..#########..######..#######..########..#########..#########..#...#
#..................................................................................................#
#..................................................................................................#
#.....#########..######..######..#########..#########..#########..#########..########..#######.....#
#..................................................................................................#
#..................................................................................................#
#.....########..#########..#########..#########..########..########..#######..########..######.....#
#..................................................................................................#
#..................................................................................................#
#.....#######..######..########..######..#######..#########..#########..#########..########..###...#
#..................................................................................................#
#..................................................................................................#
#.....######..########..######..######..######..#########..#######..#######..######..#########.....#
#..................................................................................................#
#..................................................................................................#
#.....#######..########..#########..########..########..########..#########..#######..#########....#
#..................................................................................................#
#..................................................................................................#
#.....########..#########..########..######..#########..######..######..#########..######..#####...#
#..................................................................................................#
#..................................................................................................#
#.....########..#######..########..########..######..#########..########..######..########..####...#
#..................................................................................................#
#..................................................................................................#
#.....#########..######..######..######..######..########..######..#######..########..#######..#...#
#..................................................................................................#
#..................................................................................................#
#.....######..########..#######..#########..#########..########..######..########..#########..##...#
#..................................................................................................#
#..................................................................................................#
#.....########..########..#########..#########..#########..######..########..#######..#######..#...#
#..................................................................................................#
#..................................................................................................#
#..................................................................................................#
#..................................................................................................#
####################################################################################################
PARAMS 1360 68 340 30 50 3 70 2
ROBOTS 120
95 54
21 50
38 65
73 32
75 65
32 11
96 1
9 33
68 68
61 36
74 25
16 42
39 29
33 68
58 45
57 59
25 66
54 1
14 43
40 4
97 52
46 41
76 23
9 60
55 2
51 66
15 53
22 61
6 50
77 51
52 51
48 41
53 16
76 48
79 57
5 30
22 56
68 44
82 68
95 6
85 2
78 47
24 2
71 65
77 62
23 27
12 6
84 54
13 47
28 66
69 63
41 67
25 65
52 34
62 60
12 33
14 42
42 18
29 36
89 45
93 50
6 2
80 12
83 36
17 3
51 67
39 11
67 24
23 5
87 40
22 17
25 8
28 33
49 35
49 39
93 27
43 23
7 12
59 39
47 46
70 24
42 35
46 59
71 68
35 51
23 57
35 32
64 12
63 55
25 15
4 27
23 53
52 29
89 32
24 44
50 27
18 51
2 30
13 56
75 21
47 21
33 27
27 20
40 65
80 63
75 48
36 2
62 47
65 59
6 21
91 20
81 17
84 66
4 21
96 56
40 33
39 15
8 36
95 45
66 41
EVENTS 3606
0 ORDER 1 24 53 2 20 0
1 ORDER 2 82 38 2 61 0
2 ORDER 3 82 6 2 35 1
3 ORDER 4 38 6 78 67 2
4 ORDER 5 29 26 3 6 1
5 ORDER 6 79 65 1 21 0
6 ORDER 7 7 20 1 48 0
7 ORDER 8 60 36 1 36 0
8 ORDER 9 88 30 47 67 1
9 ORDER 10 11 47 69 67 1
10 ORDER 11 6 15 10 67 0
11 ORDER 12 87 35 5 68 0
12 ORDER 13 33 29 90 67 1
13 ORDER 14 65 30 1 64 1
14 ORDER 15 60 54 3 61 1
14 BLOCK 5 23
15 ORDER 16 59 63 3 52 2
16 ORDER 17 76 12 63 67 0
17 ORDER 18 62 6 1 1 1
18 ORDER 19 64 5 1 55 0
19 ORDER 20 90 18 1 51 1
20 ORDER 21 42 56 2 6 0
21 ORDER 22 36 59 70 67 0
22 ORDER 23 56 60 64 67 3
23 ORDER 24 86 45 1 26 1
24 ORDER 25 54 8 80 68 2
25 ORDER 26 33 50 82 67 0
26 ORDER 27 6 48 67 67 2
27 ORDER 28 87 50 82 67 0
28 ORDER 29 63 18 1 13 3
29 ORDER 30 35 42 39 67 0
29 BLOCK 36 65
30 ORDER 31 46 11 69 67 0
31 ORDER 32 94 3 32 67 0
32 ORDER 33 7 18 36 67 0
33 ORDER 34 40 56 37 68 0
34 ORDER 35 22 41 45 68 0
34 BLOCK 92 38
35 ORDER 36 47 17 3 33 0
36 ORDER 37 82 11 2 66 0
37 ORDER 38 15 14 2 30 0
38 ORDER 39 84 54 88 67 0
39 ORDER 40 81 24 37 67 0
40 ORDER 41 75 15 1 26 1
41 ORDER 42 84 5 1 34 0
42 ORDER 43 55 5 1 65 0
43 ORDER 44 79 8 26 67 0
43 BLOCK 72 45
44 ORDER 45 12 15 1 42 3
45 ORDER 46 78 26 74 68 2
45 BLOCK 72 68
46 ORDER 47 93 42 3 18 0
46 BLOCK 78 65
47 ORDER 48 13 6 3 1 0
47 BLOCK 38 17
48 ORDER 49 9 48 2 32 0
49 ORDER 50 54 30 5 68 2
49 BLOCK 26 48
50 ORDER 51 37 6 2 31 1
51 ORDER 52 55 54 10 67 3
52 ORDER 53 27 45 3 35 0
53 ORDER 54 36 44 68 67 0
53 BLOCK 76 60
54 ORDER 55 29 26 97 67 0
55 ORDER 56 68 27 57 68 1
56 ORDER 57 41 59 14 67 1
57 ORDER 58 51 65 39 68 0
58 ORDER 59 6 41 21 67 0
58 BLOCK 69 8
59 CANCEL 22
59 ORDER 60 79 62 1 54 0
60 ORDER 61 15 14 75 68 0
61 ORDER 62 29 36 66 67 0
61 BLOCK 47 60
62 ORDER 63 44 30 1 46 0
63 ORDER 64 75 51 2 47 0
64 UNBLOCK 5 23
64 ORDER 65 39 17 2 14 0
65 ORDER 66 7 9 3 9 1
66 ORDER 67 17 62 4 68 0
66 BLOCK 78 26
67 ORDER 68 56 36 57 67 0
68 ORDER 69 54 6 18 67 1
69 ORDER 70 50 62 21 67 0
69 BLOCK 86 24
70 ORDER 71 12 65 1 55 0
71 ORDER 72 28 24 1 66 0
72 ORDER 73 13 63 2 16 1
73 ORDER 74 43 33 16 68 0
74 UNBLOCK 47 60
74 ORDER 75 81 29 1 39 1
75 ORDER 76 89 5 73 67 1
76 ORDER 77 21 57 12 68 0
76 BLOCK 9 65
77 CANCEL 50
77 ORDER 78 90 6 1 4 1
78 ORDER 79 19 15 2 22 0
78 BLOCK 94 24
79 ORDER 80 9 50 92 68 0
80 UNBLOCK 92 38
80 ORDER 81 12 54 1 18 0
81 ORDER 82 77 59 73 67 0
82 ORDER 83 45 59 1 57 1
83 ORDER 84 9 24 38 68 0
84 ORDER 85 41 53 3 14 0
84 BLOCK 15 27
85 ORDER 86 53 50 45 68 0
86 ORDER 87 8 21 7 68 0
87 ORDER 88 93 41 59 68 0
88 ORDER 89 53 9 1 50 0
89 ORDER 90 17 45 2 6 0
90 ORDER 91 54 45 5 67 0
91 ORDER 92 89 62 1 33 0
92 ORDER 93 92 21 2 6 0
93 ORDER 94 19 54 3 10 0
94 ORDER 95 87 45 5 68 2
95 ORDER 96 41 38 50 67 1
96 ORDER 97 30 33 9 68 0
96 BLOCK 91 60
97 ORDER 98 50 25 66 67 0
98 UNBLOCK 72 68
98 ORDER 99 54 59 3 13 1
99 ORDER 100 19 62 48 68 1
100 ORDER 101 14 57 21 67 3
101 UNBLOCK 69 8
101 ORDER 102 33 12 3 26 0
101 BLOCK 70 68
102 ORDER 103 43 32 2 47 0
103 ORDER 104 31 17 1 35 2
104 ORDER 105 85 3 2 19 1
105 ORDER 106 67 60 15 67 0
106 ORDER 107 37 36 61 68 1
107 ORDER 108 73 50 95 67 0
108 ORDER 109 6 23 14 68 1
109 ORDER 110 77 51 98 68 2
110 ORDER 111 37 17 3 62 1
111 ORDER 112 46 6 29 68 2
112 UNBLOCK 36 65
112 ORDER 113 76 26 87 67 3
113 ORDER 114 85 47 3 52 1
113 BLOCK 78 1
114 ORDER 115 51 42 49 67 1
114 BLOCK 35 60
115 ORDER 116 68 60 75 67 0
116 ORDER 117 93 47 77 67 0
117 ORDER 118 16 14 1 30 0
118 ORDER 119 11 44 2 14 2
119 ORDER 120 17 18 2 1 1
119 BLOCK 13 47
120 UNBLOCK 76 60
120 ORDER 121 62 65 20 68 1
121 ORDER 122 69 65 66 68 2
122 UNBLOCK 86 24
122 ORDER 123 47 33 2 67 1
123 UNBLOCK 72 45
123 ORDER 124 61 14 68 67 0
124 ORDER 125 62 20 3 2 1
125 UNBLOCK 78 65
125 ORDER 126 71 65 71 67 0
125 BLOCK 24 45
126 ORDER 127 47 38 22 68 0
127 ORDER 128 6 9 83 67 0
128 ORDER 129 41 30 89 67 0
129 ORDER 130 69 38 1 4 0
130 UNBLOCK 15 27
130 ORDER 131 11 50 34 68 0
131 UNBLOCK 13 47
131 ORDER 132 81 6 77 68 0
132 ORDER 133 26 12 47 68 1
132 BLOCK 27 62
133 CANCEL 43
133 UNBLOCK 38 17
133 ORDER 134 46 6 55 68 0
134 UNBLOCK 26 48
134 ORDER 135 87 26 2 1 0
134 CANCEL 100135
135 ORDER 136 25 5 3 32 0
136 ORDER 137 60 8 3 28 1
136 BLOCK 34 59
137 UNBLOCK 9 65
137 ORDER 138 17 59 13 67 0
138 ORDER 139 20 47 36 68 0
138 BLOCK 77 40
139 ORDER 140 21 59 1 8 0
140 ORDER 141 30 50 9 67 0
141 ORDER 142 74 48 3 46 0
142 ORDER 143 9 48 3 57 0
143 ORDER 144 78 12 53 67 1
144 ORDER 145 71 3 1 7 0
145 ORDER 146 30 6 34 67 1
146 CANCEL 33
146 ORDER 147 44 5 16 68 0
146 BLOCK 21 20
147 ORDER 148 65 51 1 33 2
148 ORDER 149 43 6 3 12 0
149 UNBLOCK 78 26
149 UNBLOCK 94 24
149 UNBLOCK 34 59
149 ORDER 150 62 14 2 4 0
150 UNBLOCK 27 62
150 ORDER 151 89 42 46 67 0
151 ORDER 152 62 21 32 68 0
151 BLOCK 90 48
152 ORDER 153 74 54 14 68 2
153 ORDER 154 72 27 41 68 0
153 BLOCK 65 5
154 ORDER 155 18 65 72 67 1
155 UNBLOCK 91 60
155 ORDER 156 89 65 1 61 0
156 UNBLOCK 21 20
156 ORDER 157 66 50 2 4 0
157 ORDER 158 8 53 2 18 0
158 ORDER 159 23 23 1 62 0
159 ORDER 160 33 32 2 40 1
160 ORDER 161 47 27 41 68 3
161 ORDER 162 21 41 1 40 0
162 UNBLOCK 70 68
162 ORDER 163 39 65 92 67 0
163 ORDER 164 46 42 3 49 2
164 ORDER 165 23 30 18 68 2
165 ORDER 166 20 60 3 49 2
166 UNBLOCK 35 60
166 ORDER 167 89 8 78 68 0
167 ORDER 168 41 53 2 63 2
168 ORDER 169 79 6 1 61 1
169 ORDER 170 49 5 33 67 0
170 ORDER 171 43 18 52 68 0
170 BLOCK 48 35
171 ORDER 172 76 3 83 68 0
172 ORDER 173 68 17 3 29 0
173 ORDER 174 71 56 1 67 0
173 BLOCK 91 48
174 ORDER 175 17 54 98 68 0
175 ORDER 176 7 24 3 7 1
176 ORDER 177 42 59 15 68 0
176 BLOCK 75 46
177 ORDER 178 60 50 38 68 0
178 ORDER 179 60 36 12 67 0
179 ORDER 180 23 24 72 68 2
179 BLOCK 52 3
180 ORDER 181 92 51 62 67 0
181 ORDER 182 50 65 82 68 3
182 ORDER 183 34 44 8 67 0
183 UNBLOCK 78 1
183 UNBLOCK 90 48
183 UNBLOCK 91 48
183 ORDER 184 70 6 1 8 0
184 ORDER 185 71 30 62 68 0
185 ORDER 186 79 39 2 47 1
186 CANCEL 117
186 ORDER 187 41 59 10 68 1
186 BLOCK 39 32
187 ORDER 188 56 23 96 67 0
188 CANCEL 12
188 UNBLOCK 24 45
188 ORDER 189 60 62 1 28 0
189 ORDER 190 48 35 82 68 0
190 UNBLOCK 65 5
190 ORDER 191 80 53 1 5 0
191 CANCEL 71
191 ORDER 192 68 29 3 13 0
191 BLOCK 24 47
192 ORDER 193 38 5 23 67 0
193 ORDER 194 66 51 61 68 1
194 ORDER 195 84 39 3 54 0
194 BLOCK 13 66
195 ORDER 196 28 24 63 68 0
195 CANCEL 100196
196 ORDER 197 22 53 2 16 1
197 ORDER 198 91 30 3 49 0
198 ORDER 199 54 30 1 6 2
199 ORDER 200 66 53 3 55 2
199 BLOCK 73 20
200 ORDER 201 58 26 3 7 1
201 ORDER 202 21 30 1 19 3
202 ORDER 203 20 3 2 54 1
203 ORDER 204 27 8 1 59 0
203 BLOCK 45 28
204 ORDER 205 43 12 1 66 0
205 UNBLOCK 77 40
205 ORDER 206 91 32 89 68 1
206 ORDER 207 20 23 12 67 0
207 ORDER 208 46 33 10 68 0
208 CANCEL 28
208 ORDER 209 72 63 1 30 0
209 ORDER 210 7 8 2 16 1
210 UNBLOCK 24 47
210 ORDER 211 25 57 1 11 0
211 ORDER 212 7 54 88 67 3
212 ORDER 213 46 5 2 45 0
213 ORDER 214 14 24 3 53 0
214 ORDER 215 69 53 1 54 2
214 BLOCK 32 5
215 ORDER 216 41 53 46 67 0
216 ORDER 217 46 59 11 68 1
217 ORDER 218 90 24 3 52 3
218 ORDER 219 84 38 40 68 0
219 ORDER 220 6 11 91 67 0
219 BLOCK 89 26
220 ORDER 221 63 45 35 67 1
220 BLOCK 49 20
221 ORDER 222 61 48 3 2 0
222 ORDER 223 7 9 42 68 0
223 ORDER 224 70 48 43 68 1
224 ORDER 225 45 65 24 68 0
225 UNBLOCK 13 66
225 ORDER 226 86 8 81 68 1
226 ORDER 227 66 22 3 9 1
227 UNBLOCK 75 46
227 ORDER 228 48 45 3 35 0
228 ORDER 229 59 24 2 54 0
229 ORDER 230 48 50 57 68 2
229 BLOCK 44 11
230 ORDER 231 49 50 92 68 0
230 BLOCK 43 30
231 ORDER 232 87 14 3 59 0
232 ORDER 233 6 24 12 67 1
233 ORDER 234 24 8 3 29 1
234 UNBLOCK 52 3
234 ORDER 235 52 57 1 40 0
235 ORDER 236 80 38 85 68 0
235 BLOCK 12 66
236 UNBLOCK 73 20
236 ORDER 237 43 42 51 68 0
237 ORDER 238 78 38 3 1 0
238 ORDER 239 51 35 98 68 0
239 ORDER 240 82 27 2 29 0
240 ORDER 241 69 15 58 67 0
241 ORDER 242 10 21 1 49 0
242 ORDER 243 23 20 2 54 1
243 ORDER 244 55 57 22 67 0
244 ORDER 245 26 62 3 19 0
245 ORDER 246 48 65 4 68 0
246 ORDER 247 71 50 1 66 0
247 ORDER 248 78 36 2 3 1
247 BLOCK 25 6
248 UNBLOCK 45 28
248 ORDER 249 90 41 45 67 0
248 BLOCK 15 64
249 ORDER 250 53 11 72 67 3
249 BLOCK 7 15
250 CANCEL 122
250 ORDER 251 71 3 2 19 0
251 ORDER 252 25 54 12 68 1
252 ORDER 253 22 18 90 67 1
253 ORDER 254 73 47 5 68 0
253 BLOCK 75 35
254 ORDER 255 56 63 2 46 0
255 UNBLOCK 48 35
255 ORDER 256 35 20 10 67 0
256 ORDER 257 20 6 1 23 0
257 ORDER 258 63 3 2 51 2
258 ORDER 259 27 20 38 68 0
259 CANCEL 150
259 ORDER 260 41 65 30 67 3
260 ORDER 261 64 5 48 68 0
261 UNBLOCK 39 32
261 ORDER 262 20 38 1 25 0
261 BLOCK 34 18
262 ORDER 263 53 50 3 8 1
263 UNBLOCK 32 5
263 UNBLOCK 7 15
263 ORDER 264 63 24 3 25 0
264 UNBLOCK 12 66
264 ORDER 265 32 65 57 67 3
265 ORDER 266 7 56 34 67 1
266 ORDER 267 58 44 3 22 1
267 ORDER 268 16 47 80 68 2
268 ORDER 269 66 41 46 67 3
269 ORDER 270 35 32 1 40 0
270 ORDER 271 49 24 45 68 1
271 UNBLOCK 43 30
271 ORDER 272 13 21 57 68 3
272 ORDER 273 89 20 59 67 0
273 ORDER 274 32 27 10 67 0
274 UNBLOCK 75 35
274 ORDER 275 71 30 3 62 0
275 ORDER 276 69 18 2 67 0
276 ORDER 277 12 27 39 68 0
277 ORDER 278 76 26 2 3 0
278 ORDER 279 9 29 2 1 1
278 BLOCK 68 67
279 ORDER 280 81 18 75 68 1
280 ORDER 281 83 60 1 22 1
280 BLOCK 56 41
281 ORDER 282 94 24 2 60 0
282 CANCEL 168
282 ORDER 283 36 18 3 68 0
283 UNBLOCK 89 26
283 ORDER 284 69 57 59 67 0
284 ORDER 285 80 42 1 61 0
285 ORDER 286 82 5 93 67 2
286 ORDER 287 34 32 1 26 3
286 BLOCK 74 67
287 ORDER 288 68 48 2 44 0
287 BLOCK 64 45
288 ORDER 289 29 65 1 18 0
289 ORDER 290 33 51 86 68 0
289 BLOCK 91 55
290 ORDER 291 87 18 54 67 2
291 ORDER 292 84 60 78 68 0
292 ORDER 293 67 18 30 67 0
293 ORDER 294 55 65 43 68 2
293 BLOCK 79 17
294 ORDER 295 69 54 72 68 0
295 ORDER 296 71 9 1 26 0
296 ORDER 297 42 48 2 3 1
297 ORDER 298 85 21 2 67 1
298 ORDER 299 36 29 32 68 0
299 UNBLOCK 44 11
299 ORDER 300 80 63 1 7 3
300 ORDER 301 81 12 1 61 0
301 ORDER 302 92 54 2 35 0
302 ORDER 303 82 57 3 58 1
303 ORDER 304 65 29 20 68 0
304 ORDER 305 69 9 72 67 0
305 ORDER 306 70 24 92 68 0
306 UNBLOCK 49 20
306 ORDER 307 60 9 25 67 2
307 ORDER 308 21 54 3 5 2
308 ORDER 309 80 39 96 68 1
309 ORDER 310 49 18 2 29 0
309 BLOCK 30 36
310 ORDER 311 56 60 12 67 0
311 ORDER 312 18 41 2 57 0
312 ORDER 313 81 33 3 38 1
313 ORDER 314 18 41 1 16 0
314 ORDER 315 69 35 2 3 0
314 BLOCK 10 68
315 ORDER 316 11 48 1 45 0
316 ORDER 317 33 50 45 67 0
317 ORDER 318 82 48 3 48 0
318 ORDER 319 17 32 2 59 0
318 BLOCK 62 3
319 ORDER 320 94 51 29 67 0
320 CANCEL 263
320 ORDER 321 25 24 50 67 0
321 UNBLOCK 25 6
321 ORDER 322 80 18 72 68 2
321 BLOCK 27 25
322 CANCEL 193
322 ORDER 323 42 47 3 67 1
322 BLOCK 60 45
323 ORDER 324 79 27 11 68 1
323 CANCEL 100324
323 BLOCK 41 56
324 ORDER 325 30 53 1 28 0
324 BLOCK 48 9
325 ORDER 326 84 53 12 67 0
325 BLOCK 11 32
326 ORDER 327 24 32 1 24 1
327 ORDER 328 38 6 67 68 0
328 ORDER 329 40 32 2 33 1
329 UNBLOCK 74 67
329 ORDER 330 43 57 1 53 1
330 CANCEL 222
330 ORDER 331 72 42 3 29 0
331 ORDER 332 58 12 2 54 0
332 ORDER 333 82 8 2 50 0
333 ORDER 334 79 45 3 18 0
334 ORDER 335 78 23 3 57 2
335 UNBLOCK 48 9
335 ORDER 336 67 15 78 67 2
336 ORDER 337 55 36 73 68 1
337 UNBLOCK 79 17
337 ORDER 338 59 54 3 6 0
338 ORDER 339 87 36 12 67 0
339 CANCEL 147
339 ORDER 340 30 8 2 25 0
339 BLOCK 85 42
340 ORDER 341 82 12 3 26 0
341 ORDER 342 19 39 17 67 2
342 ORDER 343 25 8 74 68 0
343 ORDER 344 64 44 23 68 0
344 ORDER 345 6 60 1 9 0
345 CANCEL 154
345 ORDER 346 47 56 3 39 3
345 BLOCK 88 35
346 UNBLOCK 15 64
346 CANCEL 288
346 ORDER 347 23 41 1 48 0
346 BLOCK 31 66
347 ORDER 348 46 60 3 63 0
348 ORDER 349 72 63 3 42 1
349 ORDER 350 60 27 2 68 0
350 ORDER 351 22 41 2 15 2
351 UNBLOCK 34 18
351 ORDER 352 39 38 3 21 0
352 ORDER 353 68 51 50 67 2
353 ORDER 354 32 11 3 34 3
353 BLOCK 9 65
354 UNBLOCK 56 41
354 ORDER 355 37 63 1 36 2
355 ORDER 356 77 15 17 67 1
355 BLOCK 50 20
356 ORDER 357 12 38 2 34 0
356 BLOCK 66 5
357 ORDER 358 85 21 1 65 1
358 ORDER 359 29 23 35 68 0
358 BLOCK 48 18
359 ORDER 360 32 41 19 68 0
360 UNBLOCK 30 36
360 ORDER 361 79 53 63 68 1
361 UNBLOCK 11 32
361 ORDER 362 20 45 3 65 0
362 ORDER 363 14 57 3 67 2
363 ORDER 364 51 17 19 68 1
364 ORDER 365 26 17 24 68 0
365 ORDER 366 69 17 11 68 0
365 BLOCK 19 32
366 UNBLOCK 10 68
366 UNBLOCK 41 56
366 ORDER 367 89 39 84 68 2
366 BLOCK 31 66
367 ORDER 368 78 44 3 48 1
368 UNBLOCK 27 25
368 ORDER 369 12 42 3 12 0
369 ORDER 370 84 27 90 67 0
370 ORDER 371 18 30 2 17 1
370 BLOCK 45 60
371 ORDER 372 56 36 30 67 0
371 BLOCK 47 29
372 UNBLOCK 68 67
372 ORDER 373 12 48 2 21 0
373 ORDER 374 77 45 1 41 0
374 ORDER 375 72 23 3 54 0
375 UNBLOCK 91 55
375 ORDER 376 58 56 63 67 0
375 BLOCK 73 15
376 ORDER 377 45 63 81 67 1
376 BLOCK 27 24
377 UNBLOCK 64 45
377 ORDER 378 18 39 1 36 0
378 ORDER 379 75 54 86 67 0
379 UNBLOCK 50 20
379 ORDER 380 89 30 80 68 3
380 ORDER 381 30 42 31 68 1
381 ORDER 382 69 51 52 68 0
382 UNBLOCK 47 29
382 ORDER 383 74 51 38 67 0
383 ORDER 384 90 60 1 2 0
384 ORDER 385 27 14 1 48 0
385 ORDER 386 10 33 50 68 0
386 ORDER 387 53 20 39 68 0
387 ORDER 388 40 12 49 68 0
388 CANCEL 236
388 ORDER 389 49 4 55 68 1
388 BLOCK 60 8
389 ORDER 390 26 36 1 7 1
390 ORDER 391 34 62 3 50 0
391 ORDER 392 32 50 3 65 0
392 ORDER 393 81 29 93 68 0
393 ORDER 394 90 32 3 65 0
394 UNBLOCK 85 42
394 ORDER 395 70 21 1 4 0
395 ORDER 396 44 45 82 67 0
395 BLOCK 47 64
396 ORDER 397 37 48 48 67 0
397 ORDER 398 90 11 55 67 1
398 ORDER 399 43 48 3 61 0
399 ORDER 400 19 32 3 12 1
400 ORDER 401 65 47 2 30 0
401 ORDER 402 15 62 62 67 0
402 CANCEL 279
402 ORDER 403 9 27 98 67 0
402 BLOCK 26 14
403 UNBLOCK 88 35
403 UNBLOCK 31 66
403 UNBLOCK 19 32
403 ORDER 404 29 5 3 16 1
404 ORDER 405 7 29 1 32 2
404 BLOCK 92 16
405 ORDER 406 69 29 2 28 0
406 UNBLOCK 48 18
406 ORDER 407 60 33 17 68 2
407 ORDER 408 13 35 2 9 0
408 ORDER 409 72 38 34 68 1
409 ORDER 410 14 5 14 67 2
410 ORDER 411 6 17 1 20 0
411 ORDER 412 18 51 3 37 3
412 ORDER 413 53 29 2 46 0
413 UNBLOCK 62 3
413 ORDER 414 82 59 2 17 1
414 ORDER 415 78 30 1 7 0
415 UNBLOCK 60 45
415 UNBLOCK 9 65
415 ORDER 416 93 38 1 13 0
416 ORDER 417 57 30 72 68 0
417 ORDER 418 68 54 1 14 0
418 UNBLOCK 66 5
418 ORDER 419 11 45 80 68 2
419 ORDER 420 70 3 44 67 3
420 ORDER 421 87 36 80 67 0
420 BLOCK 27 27
421 ORDER 422 37 5 81 67 0
422 ORDER 423 59 48 40 67 0
423 ORDER 424 88 39 2 18 0
424 ORDER 425 71 26 1 27 1
425 CANCEL 329
425 ORDER 426 87 56 31 68 0
426 ORDER 427 56 51 62 68 0
426 BLOCK 40 33
427 ORDER 428 22 26 25 67 1
428 ORDER 429 52 59 82 68 0
428 BLOCK 73 50
429 ORDER 430 90 3 3 29 0
430 ORDER 431 55 38 3 59 0
431 ORDER 432 42 30 54 68 0
432 ORDER 433 71 47 3 63 0
433 ORDER 434 64 39 91 67 0
434 ORDER 435 44 63 92 67 0
435 ORDER 436 27 50 13 68 3
436 ORDER 437 55 17 52 68 1
437 ORDER 438 51 60 67 67 1
438 ORDER 439 67 23 54 68 1
439 ORDER 440 12 65 81 68 2
440 ORDER 441 45 62 65 68 0
441 ORDER 442 43 8 3 27 0
442 UNBLOCK 45 60
442 ORDER 443 75 32 2 53 0
442 BLOCK 86 36
443 ORDER 444 6 50 3 21 1
444 ORDER 445 26 5 80 67 1
445 UNBLOCK 31 66
445 ORDER 446 20 45 39 67 0
446 ORDER 447 65 23 1 38 1
447 ORDER 448 19 11 18 68 0
448 ORDER 449 90 29 2 39 1
449 ORDER 450 77 26 3 10 0
450 ORDER 451 93 12 2 34 0
451 UNBLOCK 47 64
451 ORDER 452 28 20 78 68 1
451 BLOCK 94 65
452 ORDER 453 35 33 22 68 0
453 ORDER 454 94 3 1 2 1
454 ORDER 455 49 53 2 12 0
455 UNBLOCK 27 24
455 ORDER 456 8 47 90 68 0
456 CANCEL 336
456 UNBLOCK 73 15
456 ORDER 457 76 53 78 68 1
457 ORDER 458 47 51 3 9 3
458 CANCEL 374
458 ORDER 459 69 54 1 35 0
459 ORDER 460 6 30 65 68 0
460 UNBLOCK 60 8
460 ORDER 461 66 39 49 67 0
460 BLOCK 72 57
461 ORDER 462 48 47 6 68 0
462 ORDER 463 42 11 1 46 1
463 ORDER 464 23 65 3 35 2
464 ORDER 465 48 17 42 68 1
465 ORDER 466 56 45 3 27 1
466 UNBLOCK 86 36
466 ORDER 467 57 33 87 68 0
467 ORDER 468 22 38 35 68 0
468 ORDER 469 81 32 3 44 0
469 ORDER 470 72 24 26 67 0
470 ORDER 471 23 33 2 2 2
470 BLOCK 42 14
471 ORDER 472 51 36 2 49 2
472 ORDER 473 39 48 2 59 0
472 BLOCK 33 23
473 ORDER 474 72 51 64 68 0
474 ORDER 475 30 18 14 67 0
475 ORDER 476 43 14 31 67 0
476 ORDER 477 81 47 2 62 1
477 UNBLOCK 72 57
477 ORDER 478 9 20 73 67 0
478 ORDER 479 59 36 85 67 0
479 UNBLOCK 94 65
479 ORDER 480 86 51 96 68 0
479 BLOCK 84 45
480 ORDER 481 65 8 40 67 0
480 BLOCK 41 20
481 ORDER 482 87 57 14 68 0
482 ORDER 483 75 53 3 22 2
482 BLOCK 83 32
483 ORDER 484 9 45 2 35 0
484 ORDER 485 10 47 3 24 1
485 UNBLOCK 73 50
485 ORDER 486 29 50 85 67 0
486 ORDER 487 64 65 28 68 1
487 ORDER 488 7 65 29 68 0
488 UNBLOCK 26 14
488 ORDER 489 26 56 2 57 1
488 BLOCK 41 50
489 ORDER 490 23 51 57 68 0
490 ORDER 491 66 51 3 12 1
491 ORDER 492 94 53 67 68 1
492 UNBLOCK 33 23
492 ORDER 493 49 23 68 67 1
493 ORDER 494 20 47 2 10 0
494 UNBLOCK 40 33
494 CANCEL 441
494 ORDER 495 52 48 88 67 0
495 ORDER 496 70 23 74 67 0
496 ORDER 497 59 45 76 68 1
497 ORDER 498 9 60 3 29 1
498 ORDER 499 47 35 55 68 0
499 UNBLOCK 92 16
499 CANCEL 496
499 ORDER 500 45 42 2 8 1
500 ORDER 501 68 29 1 50 0
501 ORDER 502 53 54 3 29 0
501 BLOCK 15 35
502 ORDER 503 81 38 3 51 1
502 BLOCK 95 31
503 ORDER 504 23 63 42 68 0
503 CANCEL 100504
504 ORDER 505 14 59 66 68 0
505 ORDER 506 78 21 17 67 0
506 ORDER 507 19 5 93 68 1
507 ORDER 508 24 47 2 25 1
508 ORDER 509 41 21 20 68 1
509 ORDER 510 27 45 1 11 2
510 ORDER 511 23 12 2 44 0
511 ORDER 512 40 20 2 9 0
512 ORDER 513 88 14 2 2 3
513 ORDER 514 84 5 1 59 1
514 CANCEL 443
514 ORDER 515 79 26 88 67 0
515 ORDER 516 19 44 94 68 1
516 ORDER 517 62 65 43 67 0
517 ORDER 518 19 6 50 68 0
518 UNBLOCK 27 27
518 ORDER 519 14 3 28 68 0
519 ORDER 520 28 54 1 14 0
520 ORDER 521 87 50 60 68 1
521 ORDER 522 18 21 50 67 3
522 ORDER 523 36 15 63 67 1
523 ORDER 524 54 44 2 64 0
524 ORDER 525 32 50 1 10 0
525 ORDER 526 73 45 1 63 0
526 ORDER 527 7 6 96 68 0
526 BLOCK 29 53
527 ORDER 528 37 24 15 67 0
528 ORDER 529 81 9 2 25 1
529 UNBLOCK 42 14
529 ORDER 530 59 26 29 67 1
530 ORDER 531 94 18 91 67 0
531 UNBLOCK 15 35
531 ORDER 532 10 65 3 65 0
531 BLOCK 87 30
532 ORDER 533 61 18 3 5 0
532 BLOCK 81 67
533 ORDER 534 72 50 29 67 0
534 ORDER 535 92 5 1 18 0
535 ORDER 536 95 54 60 68 0
535 BLOCK 57 64
536 ORDER 537 51 59 98 67 2
536 BLOCK 89 17
537 ORDER 538 41 27 77 68 0
538 ORDER 539 46 26 1 62 1
538 BLOCK 69 5
539 ORDER 540 78 42 57 67 0
539 BLOCK 8 66
540 ORDER 541 34 62 1 43 0
541 UNBLOCK 83 32
541 ORDER 542 85 15 2 16 0
542 ORDER 543 79 59 2 3 0
542 BLOCK 32 2
543 ORDER 544 58 15 80 67 2
544 ORDER 545 14 32 28 68 0
544 BLOCK 75 62
545 ORDER 546 31 20 3 43 2
546 ORDER 547 92 45 6 68 0
547 ORDER 548 37 12 68 67 3
548 UNBLOCK 89 17
548 ORDER 549 77 24 1 45 1
549 ORDER 550 38 6 1 1 0
549 BLOCK 45 41
550 UNBLOCK 41 20
550 ORDER 551 7 44 3 10 1
551 ORDER 552 70 9 3 31 0
551 BLOCK 6 21
552 UNBLOCK 84 45
552 ORDER 553 92 26 62 68 0
553 ORDER 554 50 56 2 66 1
554 ORDER 555 66 3 3 4 1
555 ORDER 556 37 6 42 68 0
556 ORDER 557 12 56 1 57 0
557 ORDER 558 14 3 3 21 2
558 UNBLOCK 81 67
558 ORDER 559 33 27 2 61 1
559 ORDER 560 12 15 1 36 0
560 ORDER 561 28 12 2 2 3
561 ORDER 562 11 11 3 43 0
562 ORDER 563 74 54 2 59 0
563 ORDER 564 30 18 16 67 0
564 ORDER 565 14 12 3 46 2
564 BLOCK 75 14
565 ORDER 566 42 35 2 36 0
566 ORDER 567 61 17 53 68 1
566 BLOCK 58 33
567 UNBLOCK 41 50
567 ORDER 568 25 60 34 67 0
568 ORDER 569 79 50 65 68 3
569 ORDER 570 12 9 83 68 0
570 ORDER 571 45 43 3 44 0
571 ORDER 572 31 48 62 67 1
572 ORDER 573 36 24 75 67 0
573 ORDER 574 12 57 4 68 2
573 BLOCK 78 50
574 ORDER 575 9 3 6 67 0
574 BLOCK 43 17
575 ORDER 576 28 11 50 67 2
575 BLOCK 89 1
576 ORDER 577 70 15 22 68 0
577 UNBLOCK 6 21
577 ORDER 578 65 32 2 27 0
578 ORDER 579 38 6 76 67 1
579 ORDER 580 30 16 2 68 0
580 ORDER 581 56 39 3 16 0
581 UNBLOCK 95 31
581 ORDER 582 36 44 10 67 3
582 CANCEL 386
582 UNBLOCK 29 53
582 ORDER 583 44 36 65 68 0
583 UNBLOCK 87 30
583 ORDER 584 8 65 2 1 3
584 ORDER 585 6 35 1 28 0
585 ORDER 586 59 14 1 48 0
586 ORDER 587 83 44 89 67 0
586 BLOCK 40 66
587 ORDER 588 10 50 1 35 2
588 CANCEL 514
588 ORDER 589 69 59 3 45 1
588 BLOCK 48 12
589 ORDER 590 73 3 2 11 1
590 ORDER 591 80 20 33 67 1
591 ORDER 592 8 57 3 3 0
592 UNBLOCK 8 66
592 ORDER 593 37 62 76 67 2
592 BLOCK 15 12
593 UNBLOCK 89 1
593 ORDER 594 79 32 1 53 0
594 ORDER 595 15 50 51 68 1
595 ORDER 596 81 59 48 67 1
596 ORDER 597 52 11 65 67 0
596 BLOCK 81 68
597 ORDER 598 9 6 3 2 0
598 ORDER 599 78 44 2 25 0
599 UNBLOCK 45 41
599 ORDER 600 37 47 1 32 0
600 ORDER 601 35 42 2 60 0
600 BLOCK 55 66
601 ORDER 602 25 32 2 30 1
602 ORDER 603 78 38 3 40 0
603 ORDER 604 82 15 1 30 1
604 ORDER 605 52 29 2 10 1
605 ORDER 606 82 8 61 67 0
606 ORDER 607 18 57 88 68 0
606 BLOCK 63 57
607 ORDER 608 21 65 35 68 0
608 ORDER 609 42 9 30 67 3
609 ORDER 610 92 48 3 2 0
610 UNBLOCK 57 64
610 ORDER 611 42 47 86 68 1
611 ORDER 612 45 60 41 67 0
612 ORDER 613 54 44 2 48 0
613 ORDER 614 23 20 2 36 1
614 ORDER 615 92 26 3 23 3
615 UNBLOCK 75 14
615 ORDER 616 18 24 2 59 2
616 ORDER 617 56 17 42 67 1
617 UNBLOCK 81 68
617 ORDER 618 48 26 90 68 0
618 CANCEL 557
618 UNBLOCK 48 12
618 ORDER 619 34 57 2 21 0
619 ORDER 620 50 60 3 63 2
620 ORDER 621 15 50 75 67 1
620 BLOCK 85 30
621 ORDER 622 52 59 1 24 0
622 ORDER 623 38 8 3 33 0
623 ORDER 624 51 30 40 67 3
624 ORDER 625 58 9 3 50 1
624 BLOCK 11 68
625 ORDER 626 82 41 1 68 1
626 ORDER 627 42 45 3 13 0
627 ORDER 628 82 57 55 68 2
628 ORDER 629 55 15 3 51 0
628 BLOCK 89 27
629 UNBLOCK 32 2
629 ORDER 630 56 47 63 67 0
630 ORDER 631 48 6 2 61 0
631 ORDER 632 11 8 2 16 2
632 UNBLOCK 69 5
632 ORDER 633 28 18 76 68 0
633 ORDER 634 41 56 1 20 0
634 ORDER 635 66 14 38 68 0
635 ORDER 636 58 26 14 68 0
635 BLOCK 65 25
636 ORDER 637 23 63 2 61 0
637 CANCEL 489
637 ORDER 638 48 49 34 68 1
638 UNBLOCK 75 62
638 ORDER 639 18 6 3 11 0
639 ORDER 640 26 6 78 68 0
639 BLOCK 66 48
640 ORDER 641 91 27 3 47 3
641 CANCEL 457
641 ORDER 642 27 39 35 68 0
642 ORDER 643 78 42 3 17 1
643 CANCEL 595
643 ORDER 644 77 59 1 18 1
644 ORDER 645 69 51 3 22 0
644 BLOCK 72 50
645 ORDER 646 40 12 11 67 1
646 ORDER 647 71 15 92 67 0
647 ORDER 648 35 39 77 67 3
648 ORDER 649 23 20 3 53 0
649 ORDER 650 39 6 3 67 0
650 ORDER 651 66 38 3 8 0
651 ORDER 652 32 33 1 40 2
652 ORDER 653 18 29 20 67 0
653 ORDER 654 20 17 27 67 0
653 BLOCK 35 6
654 ORDER 655 53 47 54 68 0
655 ORDER 656 61 9 3 39 0
656 ORDER 657 85 17 2 35 0
657 ORDER 658 57 51 1 28 2
657 BLOCK 30 41
658 ORDER 659 45 63 1 56 2
658 BLOCK 93 64
659 ORDER 660 88 39 73 67 0
660 ORDER 661 75 33 2 7 0
660 BLOCK 71 5
661 UNBLOCK 43 17
661 UNBLOCK 63 57
661 ORDER 662 12 6 19 68 1
662 ORDER 663 58 51 8 67 1
663 UNBLOCK 58 33
663 ORDER 664 31 48 2 48 3
664 ORDER 665 94 54 82 67 0
665 ORDER 666 50 47 2 62 0
666 UNBLOCK 78 50
666 ORDER 667 87 33 3 58 1
667 ORDER 668 67 11 21 68 0
667 BLOCK 16 58
668 ORDER 669 27 27 3 4 2
669 UNBLOCK 15 12
669 ORDER 670 18 9 1 9 0
670 ORDER 671 43 26 3 32 1
671 ORDER 672 75 15 76 67 2
672 ORDER 673 66 21 2 14 0
673 ORDER 674 32 29 2 64 0
674 ORDER 675 22 50 55 67 0
675 CANCEL 616
675 UNBLOCK 85 30
675 ORDER 676 78 24 3 19 0
676 ORDER 677 57 6 3 41 1
676 BLOCK 37 9
677 ORDER 678 91 45 89 67 1
678 ORDER 679 18 54 52 67 0
679 ORDER 680 6 54 52 68 0
680 UNBLOCK 55 66
680 ORDER 681 38 23 2 55 3
681 UNBLOCK 40 66
681 ORDER 682 73 32 1 31 0
682 ORDER 683 23 17 2 1 1
683 UNBLOCK 11 68
683 UNBLOCK 30 41
683 ORDER 684 93 39 1 57 0
684 ORDER 685 23 21 47 67 0
685 ORDER 686 82 6 3 36 0
686 ORDER 687 74 21 15 67 0
687 ORDER 688 35 54 36 68 0
687 BLOCK 93 64
688 ORDER 689 51 11 38 68 2
689 ORDER 690 50 62 38 67 1
690 ORDER 691 72 14 19 67 1
691 ORDER 692 78 32 1 7 1
692 UNBLOCK 35 6
692 ORDER 693 81 35 3 53 0
693 ORDER 694 51 27 2 23 0
694 ORDER 695 55 6 15 67 3
695 ORDER 696 13 41 70 68 0
696 ORDER 697 41 35 2 52 0
697 ORDER 698 38 53 31 67 1
697 BLOCK 37 20
698 ORDER 699 80 17 74 67 0
699 ORDER 700 87 65 3 44 0
699 BLOCK 17 33
700 UNBLOCK 65 25
700 ORDER 701 88 15 2 45 1
701 ORDER 702 63 57 3 34 0
701 BLOCK 34 9
702 ORDER 703 86 29 3 9 3
702 BLOCK 19 51
703 ORDER 704 53 51 74 68 0
704 ORDER 705 54 3 67 67 0
704 BLOCK 36 30
705 ORDER 706 95 6 2 38 0
705 BLOCK 88 24
706 ORDER 707 20 36 35 68 3
707 ORDER 708 43 33 80 67 0
708 ORDER 709 9 20 3 22 0
709 ORDER 710 45 30 2 43 0
710 ORDER 711 7 9 43 67 0
710 BLOCK 41 2
711 ORDER 712 8 12 77 67 2
712 UNBLOCK 17 33
712 ORDER 713 40 39 2 16 1
713 ORDER 714 75 21 80 67 0
713 BLOCK 83 2
714 ORDER 715 58 51 3 4 0
715 CANCEL 633
715 ORDER 716 33 42 71 67 0
716 UNBLOCK 16 58
716 ORDER 717 74 35 3 50 0
717 ORDER 718 39 39 3 7 3
718 ORDER 719 17 21 65 67 0
719 UNBLOCK 89 27
719 ORDER 720 20 11 34 68 1
720 CANCEL 643
720 ORDER 721 7 9 3 33 0
720 BLOCK 12 56
721 ORDER 722 67 38 3 4 0
722 ORDER 723 32 9 3 49 0
723 ORDER 724 86 9 47 68 0
723 BLOCK 33 56
724 ORDER 725 41 13 3 66 1
725 ORDER 726 12 63 2 1 0
726 ORDER 727 62 26 1 2 0
726 BLOCK 63 39
727 ORDER 728 51 39 97 68 0
728 ORDER 729 45 21 2 29 0
728 BLOCK 7 5
729 ORDER 730 61 63 59 67 1
730 UNBLOCK 37 9
730 ORDER 731 32 54 56 68 0
731 UNBLOCK 83 2
731 ORDER 732 10 17 88 68 0
732 ORDER 733 8 56 17 68 1
733 UNBLOCK 37 20
733 ORDER 734 13 59 1 12 1
734 ORDER 735 35 36 67 68 0
734 CANCEL 100735
735 UNBLOCK 66 48
735 UNBLOCK 93 64
735 ORDER 736 78 11 33 68 2
736 UNBLOCK 72 50
736 ORDER 737 20 57 2 39 0
736 BLOCK 25 27
737 ORDER 738 9 8 1 62 1
738 ORDER 739 49 51 2 39 2
739 ORDER 740 86 27 3 19 1
740 ORDER 741 23 3 82 68 0
741 ORDER 742 38 27 26 68 0
742 ORDER 743 67 51 91 67 0
743 ORDER 744 94 32 68 68 0
744 ORDER 745 52 18 3 17 0
745 UNBLOCK 93 64
745 ORDER 746 91 62 21 68 0
746 ORDER 747 49 27 1 14 0
747 ORDER 748 86 8 68 67 0
747 BLOCK 84 68
748 ORDER 749 16 60 32 68 1
749 UNBLOCK 41 2
749 ORDER 750 16 50 15 68 1
750 ORDER 751 59 24 1 12 1
750 BLOCK 88 12
751 UNBLOCK 71 5
751 UNBLOCK 12 56
751 ORDER 752 75 30 91 68 0
752 ORDER 753 54 33 2 53 0
752 BLOCK 26 3
753 ORDER 754 50 57 57 68 0
754 ORDER 755 80 30 80 67 0
755 UNBLOCK 63 39
755 ORDER 756 68 20 3 24 0
756 ORDER 757 25 3 1 2 1
757 ORDER 758 80 33 1 47 0
758 ORDER 759 78 60 1 15 0
759 ORDER 760 7 11 14 68 1
760 ORDER 761 9 20 30 67 0
761 ORDER 762 52 62 84 68 0
762 ORDER 763 60 59 3 13 0
763 ORDER 764 70 8 3 1 1
764 ORDER 765 57 18 63 68 0
765 ORDER 766 69 35 1 52 1
766 ORDER 767 10 3 2 39 2
767 ORDER 768 46 20 43 67 2
768 CANCEL 589
768 ORDER 769 48 65 92 67 2
769 ORDER 770 55 39 49 68 0
770 ORDER 771 78 39 2 44 0
771 ORDER 772 11 17 23 68 0
771 BLOCK 76 44
772 ORDER 773 33 62 2 2 0
773 ORDER 774 49 63 1 61 2
774 ORDER 775 16 47 3 44 1
775 ORDER 776 49 14 78 68 0
776 CANCEL 772
776 ORDER 777 62 38 69 67 0
776 BLOCK 35 53
777 ORDER 778 95 60 92 68 0
778 ORDER 779 16 51 20 68 0
779 ORDER 780 55 36 54 67 0
780 ORDER 781 39 21 92 67 0
780 BLOCK 88 26
781 ORDER 782 85 53 1 11 0
782 ORDER 783 70 48 45 67 2
783 ORDER 784 44 47 62 68 0
784 ORDER 785 59 38 3 64 1
784 BLOCK 39 66
785 ORDER 786 31 32 36 68 0
786 ORDER 787 84 29 2 67 0
787 ORDER 788 55 24 49 67 1
788 ORDER 789 44 44 76 67 1
789 CANCEL 755
789 ORDER 790 87 15 61 68 3
790 ORDER 791 66 39 70 67 0
790 BLOCK 82 63
791 CANCEL 630
791 ORDER 792 15 27 3 60 0
792 UNBLOCK 34 9
792 UNBLOCK 19 51
792 UNBLOCK 88 24
792 ORDER 793 79 3 54 67 0
793 ORDER 794 49 60 2 23 2
793 BLOCK 18 63
794 ORDER 795 41 56 2 30 0
795 CANCEL 758
795 ORDER 796 41 30 3 2 0
795 BLOCK 6 41
796 ORDER 797 82 56 3 60 0
797 ORDER 798 64 44 71 67 1
798 UNBLOCK 33 56
798 ORDER 799 86 6 55 68 0
799 ORDER 800 6 39 2 31 3
800 UNBLOCK 36 30
800 ORDER 801 83 65 96 68 0
801 ORDER 802 70 6 2 12 1
802 UNBLOCK 7 5
802 ORDER 803 26 17 13 68 0
803 UNBLOCK 82 63
803 ORDER 804 59 63 1 11 0
804 ORDER 805 62 65 7 68 3
805 ORDER 806 87 12 89 68 0
806 ORDER 807 67 33 11 68 1
807 UNBLOCK 26 3
807 ORDER 808 95 53 1 62 0
807 BLOCK 15 47
808 ORDER 809 90 11 2 11 0
809 ORDER 810 86 65 2 19 0
809 BLOCK 78 45
810 CANCEL 714
810 ORDER 811 11 50 92 68 2
811 ORDER 812 29 30 86 68 0
812 CANCEL 696
812 ORDER 813 89 39 11 68 0
813 ORDER 814 7 5 55 68 0
814 CANCEL 645
814 ORDER 815 30 26 91 68 0
814 BLOCK 45 25
815 ORDER 816 18 15 2 8 1
816 ORDER 817 79 36 64 68 1
816 BLOCK 64 13
817 ORDER 818 58 29 3 45 0
818 ORDER 819 78 21 45 67 0
819 UNBLOCK 18 63
819 ORDER 820 39 26 43 68 1
820 ORDER 821 75 39 66 68 0
821 ORDER 822 79 47 97 68 1
822 ORDER 823 88 30 81 67 1
823 ORDER 824 54 59 2 45 1
824 ORDER 825 36 6 98 67 2
825 ORDER 826 28 42 3 50 0
826 ORDER 827 94 24 1 8 0
826 BLOCK 94 35
827 ORDER 828 22 57 64 67 1
828 ORDER 829 75 27 8 68 3
828 BLOCK 76 36
829 UNBLOCK 64 13
829 ORDER 830 54 45 2 45 0
830 UNBLOCK 25 27
830 ORDER 831 41 20 2 47 1
831 ORDER 832 51 42 18 67 1
832 UNBLOCK 84 68
832 ORDER 833 24 6 2 55 0
833 ORDER 834 83 38 84 68 0
834 ORDER 835 20 53 26 68 3
835 UNBLOCK 39 66
835 ORDER 836 42 29 1 1 0
836 UNBLOCK 6 41
836 ORDER 837 7 26 74 68 1
836 BLOCK 22 6
837 ORDER 838 30 30 62 67 3
838 ORDER 839 32 39 3 2 0
839 UNBLOCK 88 12
839 ORDER 840 94 18 59 67 0
840 ORDER 841 30 63 2 48 2
840 BLOCK 67 32
841 ORDER 842 19 39 62 68 0
842 ORDER 843 44 17 52 67 0
843 ORDER 844 10 54 1 67 2
844 ORDER 845 69 11 46 67 2
845 ORDER 846 60 65 1 59 1
846 ORDER 847 40 62 3 52 1
847 ORDER 848 36 47 96 68 0
848 ORDER 849 30 38 3 12 0
849 ORDER 850 81 24 54 68 0
850 ORDER 851 9 54 29 68 0
851 UNBLOCK 76 36
851 ORDER 852 31 29 69 68 0
852 ORDER 853 18 54 1 41 0
853 ORDER 854 16 60 1 58 0
854 ORDER 855 45 60 10 68 0
855 ORDER 856 46 11 56 68 0
856 ORDER 857 71 65 81 67 0
856 BLOCK 63 54
857 UNBLOCK 22 6
857 ORDER 858 69 36 33 68 0
858 UNBLOCK 35 53
858 ORDER 859 70 9 1 48 0
858 BLOCK 39 6
859 ORDER 860 27 35 3 44 0
860 CANCEL 678
860 UNBLOCK 88 26
860 ORDER 861 9 21 1 41 1
860 BLOCK 58 31
861 ORDER 862 91 23 3 14 1
862 ORDER 863 11 26 66 67 0
863 ORDER 864 51 8 2 40 2
863 BLOCK 51 22
864 ORDER 865 16 15 1 47 0
864 BLOCK 83 42
865 UNBLOCK 94 35
865 ORDER 866 19 59 2 32 2
865 BLOCK 22 61
866 ORDER 867 7 8 2 5 0
867 ORDER 868 36 48 40 67 0
868 ORDER 869 45 62 15 68 0
869 ORDER 870 40 62 2 19 1
870 UNBLOCK 76 44
870 ORDER 871 65 29 14 68 2
871 ORDER 872 48 17 2 8 0
871 BLOCK 50 51
872 ORDER 873 24 5 3 29 0
872 BLOCK 11 2
873 ORDER 874 40 35 88 67 0
874 ORDER 875 48 54 13 68 0
874 BLOCK 58 48
875 ORDER 876 15 44 2 55 0
875 BLOCK 71 36
876 ORDER 877 19 29 51 68 0
876 BLOCK 88 5
877 ORDER 878 56 33 1 19 0
878 ORDER 879 44 63 3 40 3
879 UNBLOCK 45 25
879 ORDER 880 78 24 49 67 0
880 UNBLOCK 67 32
880 UNBLOCK 63 54
880 ORDER 881 52 14 53 68 0
881 ORDER 882 23 32 3 66 1
882 ORDER 883 68 62 2 56 0
882 BLOCK 89 50
883 ORDER 884 23 42 14 68 0
884 ORDER 885 6 32 46 68 0
884 BLOCK 8 30
885 ORDER 886 6 23 69 68 1
886 ORDER 887 22 30 3 20 0
887 ORDER 888 86 12 16 68 0
888 ORDER 889 49 15 3 24 2
889 ORDER 890 12 56 3 60 0
890 ORDER 891 78 39 1 26 0
891 UNBLOCK 58 31
891 ORDER 892 19 44 1 38 0
891 BLOCK 21 11
892 ORDER 893 91 23 88 67 0
893 ORDER 894 57 35 94 67 0
893 BLOCK 34 54
894 ORDER 895 53 65 1 58 0
895 UNBLOCK 71 36
895 CANCEL 889
895 ORDER 896 58 50 3 57 2
896 ORDER 897 66 18 2 57 0
896 BLOCK 5 49
897 UNBLOCK 15 47
897 ORDER 898 87 57 84 68 0
898 ORDER 899 48 65 74 68 2
899 ORDER 900 9 12 3 50 1
900 ORDER 901 33 29 7 68 1
901 CANCEL 735
901 ORDER 902 8 62 1 20 2
902 UNBLOCK 89 50
902 ORDER 903 65 45 77 67 1
903 ORDER 904 70 59 2 63 0
904 UNBLOCK 78 45
904 ORDER 905 72 46 2 9 0
905 ORDER 906 11 63 86 67 0
906 ORDER 907 75 60 2 1 0
907 ORDER 908 10 38 79 68 0
908 UNBLOCK 5 49
908 ORDER 909 57 17 3 45 0
909 ORDER 910 57 18 3 10 1
909 BLOCK 95 68
910 ORDER 911 10 11 76 67 0
910 BLOCK 20 60
911 ORDER 912 14 36 12 67 0
912 ORDER 913 49 9 86 68 1
913 ORDER 914 51 11 1 53 1
914 ORDER 915 69 14 95 68 0
915 ORDER 916 32 54 48 68 2
915 BLOCK 67 45
916 ORDER 917 28 20 1 63 2
916 BLOCK 5 59
917 ORDER 918 61 53 3 43 0
917 BLOCK 59 39
918 ORDER 919 87 35 88 67 3
919 ORDER 920 11 18 48 67 0
919 BLOCK 6 9
920 CANCEL 806
920 ORDER 921 8 6 1 56 0
920 BLOCK 87 27
921 ORDER 922 49 59 46 67 0
922 ORDER 923 10 6 26 68 1
922 BLOCK 17 12
923 ORDER 924 42 20 3 50 0
924 ORDER 925 10 12 2 24 0
925 UNBLOCK 22 61
925 ORDER 926 27 27 46 67 3
926 ORDER 927 62 63 1 66 0
927 ORDER 928 70 27 3 45 1
928 ORDER 929 80 48 1 6 1
929 ORDER 930 36 36 35 67 1
929 BLOCK 60 33
930 ORDER 931 19 45 3 34 0
931 UNBLOCK 20 60
931 ORDER 932 71 26 2 38 1
932 ORDER 933 42 42 3 8 2
933 ORDER 934 26 57 31 68 0
934 UNBLOCK 51 22
934 ORDER 935 38 30 1 6 0
935 ORDER 936 69 24 1 61 3
936 ORDER 937 65 5 1 4 1
937 ORDER 938 40 56 2 17 1
938 ORDER 939 53 32 1 10 0
938 BLOCK 55 39
939 UNBLOCK 5 59
939 ORDER 940 69 41 2 45 0
939 BLOCK 64 30
940 UNBLOCK 50 51
940 ORDER 941 34 47 2 12 1
941 ORDER 942 77 12 1 43 0
941 BLOCK 90 47
942 ORDER 943 34 47 81 68 0
943 ORDER 944 39 65 86 67 2
944 ORDER 945 11 21 11 68 1
945 ORDER 946 69 62 3 45 0
946 ORDER 947 84 32 1 54 2
947 ORDER 948 40 62 1 28 0
948 ORDER 949 65 6 3 20 0
949 ORDER 950 51 6 2 34 0
950 ORDER 951 63 41 29 68 1
951 ORDER 952 53 21 2 24 0
952 UNBLOCK 39 6
952 ORDER 953 15 17 1 10 0
952 BLOCK 59 39
953 UNBLOCK 11 2
953 ORDER 954 14 45 1 22 1
954 ORDER 955 70 62 16 67 0
954 BLOCK 46 42
955 ORDER 956 28 35 3 8 2
956 CANCEL 811
956 ORDER 957 27 60 2 39 0
957 ORDER 958 77 51 17 67 1
958 UNBLOCK 58 48
958 UNBLOCK 60 33
958 ORDER 959 66 39 2 32 0
959 ORDER 960 39 35 3 37 1
959 BLOCK 51 56
960 ORDER 961 58 38 2 30 0
961 UNBLOCK 83 42
961 ORDER 962 28 14 63 68 1
962 UNBLOCK 8 30
962 ORDER 963 55 21 3 47 0
962 BLOCK 93 64
963 ORDER 964 47 26 1 13 1
964 ORDER 965 56 63 1 24 1
964 BLOCK 38 13
965 ORDER 966 18 20 2 8 1
966 ORDER 967 49 57 88 68 0
967 ORDER 968 86 21 3 32 1
968 UNBLOCK 59 39
968 UNBLOCK 17 12
968 ORDER 969 39 50 1 18 0
969 ORDER 970 83 26 2 61 0
970 UNBLOCK 59 39
970 ORDER 971 14 36 2 56 0
971 ORDER 972 6 24 74 68 0
972 ORDER 973 63 23 2 62 0
973 UNBLOCK 88 5
973 ORDER 974 94 24 2 52 0
973 BLOCK 56 26
974 UNBLOCK 21 11
974 ORDER 975 82 18 82 68 0
975 ORDER 976 34 44 84 67 1
976 ORDER 977 68 20 16 68 0
977 ORDER 978 24 24 9 68 3
978 ORDER 979 29 36 1 45 1
978 BLOCK 16 65
979 ORDER 980 12 27 1 44 0
980 UNBLOCK 6 9
980 ORDER 981 81 14 1 24 0
981 UNBLOCK 93 64
981 ORDER 982 65 5 66 68 0
982 ORDER 983 52 59 48 68 1
983 UNBLOCK 64 30
983 ORDER 984 42 65 3 38 0
983 BLOCK 12 26
984 ORDER 985 41 48 14 68 0
985 ORDER 986 84 56 25 68 0
986 UNBLOCK 46 42
986 ORDER 987 27 46 2 48 0
986 BLOCK 71 39
987 ORDER 988 84 56 84 68 0
988 ORDER 989 57 12 26 68 0
989 ORDER 990 58 44 66 68 0
990 ORDER 991 50 57 60 67 1
991 UNBLOCK 34 54
991 ORDER 992 19 5 85 68 0
992 ORDER 993 65 11 1 59 0
993 UNBLOCK 56 26
993 ORDER 994 74 60 2 42 1
994 ORDER 995 52 30 18 67 0
995 UNBLOCK 95 68
995 ORDER 996 9 33 3 23 2
996 UNBLOCK 51 56
996 ORDER 997 19 21 2 60 2
997 ORDER 998 29 3 1 54 0
998 UNBLOCK 87 27
998 ORDER 999 51 62 18 68 0
999 ORDER 1000 87 9 22 68 0
1000 UNBLOCK 67 45
1000 ORDER 1001 71 45 3 50 0
1001 ORDER 1002 10 54 94 67 0
1002 ORDER 1003 69 9 1 17 2
1002 BLOCK 77 57
1003 ORDER 1004 92 63 3 50 1
1004 ORDER 1005 89 48 1 60 3
1004 BLOCK 37 35
1005 ORDER 1006 29 18 42 68 0
1006 UNBLOCK 55 39
1006 ORDER 1007 81 26 6 68 1
1007 ORDER 1008 30 30 3 8 1
1008 ORDER 1009 81 3 19 67 2
1009 ORDER 1010 11 8 33 68 0
1010 ORDER 1011 27 33 79 67 2
1010 BLOCK 35 51
1011 ORDER 1012 9 36 2 11 2
1012 ORDER 1013 65 9 1 26 0
1013 ORDER 1014 83 41 3 7 0
1014 ORDER 1015 94 27 29 68 0
1015 ORDER 1016 25 30 1 29 0
1016 ORDER 1017 40 62 32 67 1
1017 ORDER 1018 83 39 54 68 3
1018 ORDER 1019 66 12 1 14 3
1019 ORDER 1020 43 18 41 68 3
1020 ORDER 1021 55 5 1 66 0
1021 ORDER 1022 77 44 6 68 1
1022 ORDER 1023 90 33 20 67 0
1023 ORDER 1024 26 44 1 53 0
1024 ORDER 1025 72 45 65 68 0
1024 BLOCK 47 31
1025 UNBLOCK 38 13
1025 ORDER 1026 83 39 3 39 0
1025 BLOCK 14 45
1026 ORDER 1027 70 38 1 46 2
1026 BLOCK 20 17
1027 CANCEL 830
1027 ORDER 1028 49 60 90 68 0
1028 ORDER 1029 8 56 65 68 0
1029 ORDER 1030 44 14 2 68 1
1030 UNBLOCK 37 35
1030 ORDER 1031 71 8 3 3 0
1031 ORDER 1032 53 56 92 68 0
1032 ORDER 1033 42 23 97 67 0
1032 BLOCK 21 23
1033 ORDER 1034 19 35 2 5 0
1034 ORDER 1035 71 56 92 67 0
1035 ORDER 1036 21 41 76 67 0
1035 BLOCK 8 38
1036 ORDER 1037 93 38 1 51 1
1037 ORDER 1038 36 27 3 53 0
1038 UNBLOCK 90 47
1038 ORDER 1039 27 33 2 45 0
1038 BLOCK 54 38
1039 ORDER 1040 48 8 3 46 0
1040 CANCEL 902
1040 CANCEL 1020
1040 ORDER 1041 74 51 3 55 3
1041 UNBLOCK 35 51
1041 ORDER 1042 86 35 91 68 0
1042 ORDER 1043 20 63 2 67 0
1043 ORDER 1044 89 45 1 10 0
1043 BLOCK 25 19
1044 ORDER 1045 86 11 61 68 0
1045 ORDER 1046 80 63 1 35 2
1046 UNBLOCK 16 65
1046 ORDER 1047 66 21 53 68 0
1046 BLOCK 5 56
1047 ORDER 1048 73 59 2 2 0
1048 ORDER 1049 35 14 2 24 0
1049 ORDER 1050 21 29 1 59 0
1050 ORDER 1051 30 44 1 6 1
1051 ORDER 1052 86 60 40 67 1
1051 BLOCK 49 65
1052 ORDER 1053 66 8 1 13 1
1053 ORDER 1054 70 57 7 67 1
1054 CANCEL 915
1054 ORDER 1055 12 65 1 31 0
1055 ORDER 1056 89 21 47 68 1
1056 UNBLOCK 71 39
1056 ORDER 1057 64 30 49 68 1
1057 ORDER 1058 67 24 98 68 0
1058 ORDER 1059 49 57 50 67 0
1059 ORDER 1060 31 30 10 68 0
1060 ORDER 1061 22 65 32 68 3
1060 BLOCK 78 23
1061 ORDER 1062 44 62 1 36 0
1062 ORDER 1063 50 32 1 5 2
1063 UNBLOCK 8 38
1063 ORDER 1064 28 48 6 67 2
1064 ORDER 1065 85 44 12 67 1
1065 ORDER 1066 19 36 2 19 1
1066 ORDER 1067 93 3 2 24 0
1067 ORDER 1068 47 35 52 68 0
1068 UNBLOCK 77 57
1068 ORDER 1069 94 23 3 3 0
1069 ORDER 1070 89 50 2 36 1
1069 BLOCK 94 13
1070 ORDER 1071 60 36 49 68 0
1071 ORDER 1072 8 24 2 66 1
1071 BLOCK 62 29
1072 ORDER 1073 36 20 2 21 0
1073 CANCEL 879
1073 UNBLOCK 12 26
1073 ORDER 1074 59 62 90 67 2
1074 CANCEL 1038
1074 ORDER 1075 66 54 48 67 0
1075 ORDER 1076 50 48 1 34 1
1076 CANCEL 899
1076 UNBLOCK 47 31
1076 ORDER 1077 43 33 43 68 0
1077 ORDER 1078 28 6 68 68 1
1078 ORDER 1079 39 65 2 4 1
1079 UNBLOCK 20 17
1079 ORDER 1080 77 11 3 34 1
1080 ORDER 1081 81 36 2 41 0
1081 UNBLOCK 14 45
1081 ORDER 1082 29 44 1 50 0
1082 ORDER 1083 48 36 95 68 0
1083 ORDER 1084 60 60 1 14 2
1084 ORDER 1085 15 60 3 39 2
1084 BLOCK 60 30
1085 UNBLOCK 49 65
1085 ORDER 1086 26 6 59 67 0
1086 ORDER 1087 38 44 2 2 0
1087 ORDER 1088 51 44 3 3 0
1088 ORDER 1089 24 42 1 63 0
1089 ORDER 1090 89 59 3 67 0
1089 BLOCK 67 54
1090 UNBLOCK 5 56
1090 ORDER 1091 78 38 2 6 0
1091 CANCEL 932
1091 ORDER 1092 29 5 1 8 0
1091 BLOCK 65 11
1092 ORDER 1093 63 63 1 10 0
1093 ORDER 1094 81 33 40 68 0
1093 BLOCK 64 36
1094 ORDER 1095 65 8 19 67 0
1095 ORDER 1096 62 20 3 18 1
1096 ORDER 1097 81 41 3 8 1
1097 ORDER 1098 42 8 2 39 2
1098 ORDER 1099 58 50 70 67 0
1099 ORDER 1100 52 42 3 36 0
1100 ORDER 1101 67 42 3 37 0
1101 UNBLOCK 25 19
1101 ORDER 1102 77 9 3 36 1
1102 CANCEL 953
1102 ORDER 1103 50 57 3 5 1
1103 ORDER 1104 26 23 94 67 2
1104 UNBLOCK 65 11
1104 ORDER 1105 77 33 3 15 0
1105 ORDER 1106 40 53 3 3 0
1106 ORDER 1107 37 18 58 68 1
1107 ORDER 1108 15 5 16 68 1
1108 ORDER 1109 90 41 48 67 1
1109 ORDER 1110 82 11 78 67 0
1110 ORDER 1111 40 36 2 55 0
1111 ORDER 1112 77 63 11 67 0
1112 CANCEL 1078
1112 ORDER 1113 15 14 3 67 2
1113 ORDER 1114 80 8 3 58 1
1113 BLOCK 38 8
1114 UNBLOCK 21 23
1114 ORDER 1115 87 30 27 68 0
1115 ORDER 1116 17 35 1 5 0
1116 ORDER 1117 6 51 3 23 0
1117 ORDER 1118 95 62 44 68 0
1118 ORDER 1119 42 8 94 67 1
1118 BLOCK 73 67
1119 ORDER 1120 20 44 1 36 0
1120 ORDER 1121 80 15 3 56 0
1121 ORDER 1122 65 51 3 7 1
1122 UNBLOCK 78 23
1122 ORDER 1123 28 47 3 12 0
1122 BLOCK 82 67
1123 ORDER 1124 46 53 2 14 1
1124 ORDER 1125 14 38 1 19 0
1124 BLOCK 84 62
1125 UNBLOCK 62 29
1125 ORDER 1126 17 14 1 20 3
1125 BLOCK 79 60
1126 ORDER 1127 56 50 1 68 0
1127 ORDER 1128 64 45 1 44 0
1128 ORDER 1129 40 51 1 6 0
1129 UNBLOCK 54 38
1129 UNBLOCK 64 36
1129 ORDER 1130 31 6 79 67 0
1130 ORDER 1131 88 12 48 68 0
1131 ORDER 1132 69 29 2 23 1
1132 ORDER 1133 46 21 1 66 3
1132 BLOCK 15 42
1133 CANCEL 960
1133 ORDER 1134 26 62 76 67 0
1134 ORDER 1135 21 45 1 11 0
1135 ORDER 1136 42 48 19 68 3
1136 ORDER 1137 15 5 50 68 0
1137 ORDER 1138 8 57 94 67 0
1138 ORDER 1139 91 21 73 68 0
1139 ORDER 1140 62 48 2 62 0
1139 BLOCK 66 9
1140 UNBLOCK 67 54
1140 ORDER 1141 59 54 79 68 0
1140 BLOCK 9 45
1141 ORDER 1142 52 60 82 67 0
1142 ORDER 1143 14 57 2 5 3
1143 ORDER 1144 49 3 4 68 0
1144 UNBLOCK 38 8
1144 ORDER 1145 73 14 65 67 1
1145 ORDER 1146 33 50 3 49 2
1146 ORDER 1147 26 15 59 68 0
1147 CANCEL 1094
1147 ORDER 1148 80 20 43 67 0
1148 ORDER 1149 74 3 3 5 0
1149 ORDER 1150 88 24 1 29 0
1149 BLOCK 61 8
1150 ORDER 1151 77 50 3 55 1
1150 BLOCK 86 23
1151 ORDER 1152 47 9 1 64 0
1152 CANCEL 1139
1152 ORDER 1153 78 51 85 68 2
1153 ORDER 1154 17 42 1 31 0
1154 ORDER 1155 53 53 1 1 0
1155 ORDER 1156 22 20 31 67 1
1155 BLOCK 83 51
1156 ORDER 1157 89 30 58 68 0
1156 BLOCK 67 12
1157 ORDER 1158 9 30 43 67 0
1158 ORDER 1159 86 48 3 16 0
1159 ORDER 1160 46 48 1 66 2
1160 ORDER 1161 70 6 25 67 0
1160 BLOCK 25 23
1161 ORDER 1162 34 30 1 18 1
1162 ORDER 1163 30 33 17 68 1
1163 UNBLOCK 94 13
1163 ORDER 1164 75 56 1 11 0
1164 ORDER 1165 64 35 3 32 2
1165 ORDER 1166 30 27 65 68 1
1166 UNBLOCK 60 30
1166 ORDER 1167 78 9 3 31 0
1166 BLOCK 74 39
1167 ORDER 1168 38 54 2 40 3
1168 ORDER 1169 68 56 10 67 0
1169 ORDER 1170 80 27 38 68 0
1170 ORDER 1171 11 44 4 67 0
1170 BLOCK 76 29
1171 ORDER 1172 7 11 1 39 1
1172 CANCEL 993
1172 ORDER 1173 81 35 2 22 0
1173 UNBLOCK 9 45
1173 ORDER 1174 38 51 1 51 0
1174 UNBLOCK 25 23
1174 ORDER 1175 27 18 3 22 0
1175 ORDER 1176 72 24 3 63 0
1175 BLOCK 62 39
1176 ORDER 1177 51 32 1 49 0
1176 BLOCK 90 33
1177 ORDER 1178 8 3 25 67 2
1178 ORDER 1179 20 5 2 16 1
1179 ORDER 1180 91 14 4 68 1
1180 ORDER 1181 17 33 82 67 0
1181 UNBLOCK 15 42
1181 ORDER 1182 14 32 1 62 0
1182 ORDER 1183 45 59 75 68 0
1183 ORDER 1184 62 39 19 67 0
1184 UNBLOCK 82 67
1184 ORDER 1185 86 21 3 33 0
1184 BLOCK 76 41
1185 CANCEL 1075
1185 ORDER 1186 6 51 1 24 2
1186 CANCEL 1122
1186 ORDER 1187 81 20 1 4 0
1187 ORDER 1188 19 21 69 68 0
1188 UNBLOCK 66 9
1188 ORDER 1189 53 27 77 68 0
1189 ORDER 1190 12 29 47 68 3
1190 ORDER 1191 42 35 61 67 0
1191 ORDER 1192 75 62 91 68 0
1191 BLOCK 79 66
1192 UNBLOCK 86 23
1192 ORDER 1193 17 18 18 67 1
1193 UNBLOCK 90 33
1193 ORDER 1194 94 8 73 67 0
1194 ORDER 1195 91 35 2 57 3
1194 BLOCK 61 63
1195 ORDER 1196 41 30 3 21 0
1196 ORDER 1197 41 23 1 49 2
1197 UNBLOCK 84 62
1197 ORDER 1198 19 33 1 25 0
1198 ORDER 1199 35 33 30 67 0
1198 BLOCK 77 23
1199 ORDER 1200 84 32 36 67 0
1200 ORDER 1201 71 11 35 67 0
1200 BLOCK 70 17
1201 ORDER 1202 26 6 58 68 0
1201 BLOCK 63 21
1202 ORDER 1203 51 8 7 68 1
1203 ORDER 1204 50 47 1 18 3
1204 ORDER 1205 70 18 17 67 0
1205 ORDER 1206 19 23 66 68 0
1205 BLOCK 93 51
1206 ORDER 1207 18 14 37 68 2
1207 ORDER 1208 42 43 1 31 0
1207 BLOCK 54 45
1208 ORDER 1209 83 8 3 53 0
1209 ORDER 1210 16 62 2 57 0
1209 BLOCK 56 2
1210 ORDER 1211 57 23 1 35 0
1211 ORDER 1212 87 42 1 27 0
1212 ORDER 1213 71 30 37 68 1
1213 ORDER 1214 79 14 3 1 0
1214 CANCEL 1161
1214 ORDER 1215 49 15 37 68 0
1215 UNBLOCK 73 67
1215 ORDER 1216 92 11 1 26 0
1216 ORDER 1217 8 12 50 68 1
1216 BLOCK 76 3
1217 ORDER 1218 17 18 36 68 0
1218 ORDER 1219 30 56 62 67 0
1218 BLOCK 21 23
1219 ORDER 1220 45 14 1 48 1
1220 UNBLOCK 61 8
1220 ORDER 1221 81 63 3 53 1
1221 ORDER 1222 8 36 3 54 0
1221 BLOCK 72 6
1222 ORDER 1223 30 42 2 3 0
1222 BLOCK 15 66
1223 UNBLOCK 79 60
1223 UNBLOCK 56 2
1223 ORDER 1224 83 9 31 68 2
1224 UNBLOCK 67 12
1224 ORDER 1225 17 38 2 34 2
1225 UNBLOCK 79 66
1225 ORDER 1226 20 38 50 68 0
1226 UNBLOCK 74 39
1226 ORDER 1227 11 32 53 68 1
1226 BLOCK 51 60
1227 ORDER 1228 60 54 3 9 0
1228 ORDER 1229 13 39 2 44 0
1228 BLOCK 74 67
1229 ORDER 1230 91 17 1 27 0
1230 ORDER 1231 46 44 1 19 0
1231 ORDER 1232 63 27 19 67 0
1232 ORDER 1233 14 5 3 22 0
1233 UNBLOCK 70 17
1233 ORDER 1234 70 17 19 68 0
1234 ORDER 1235 49 26 1 54 0
1234 BLOCK 75 38
1235 ORDER 1236 31 17 28 68 0
1235 BLOCK 17 20
1236 ORDER 1237 78 36 1 12 1
1237 ORDER 1238 14 45 3 44 0
1237 CANCEL 101238
1238 UNBLOCK 63 21
1238 ORDER 1239 20 39 53 68 0
1238 BLOCK 61 34
1239 UNBLOCK 83 51
1239 ORDER 1240 89 32 3 67 2
1240 ORDER 1241 78 9 64 67 0
1241 UNBLOCK 76 29
1241 ORDER 1242 77 42 87 68 0
1241 BLOCK 81 36
1242 ORDER 1243 85 29 34 68 0
1242 BLOCK 40 63
1243 ORDER 1244 81 6 3 66 0
1244 ORDER 1245 77 53 2 30 0
1245 UNBLOCK 62 39
1245 ORDER 1246 77 63 1 31 1
1245 BLOCK 14 63
1246 ORDER 1247 48 17 2 19 0
1246 BLOCK 11 47
1247 ORDER 1248 29 6 66 68 1
1248 ORDER 1249 8 57 79 67 0
1249 ORDER 1250 65 8 2 68 0
1249 BLOCK 15 40
1250 ORDER 1251 45 30 3 49 2
1251 ORDER 1252 44 36 32 68 0
1251 BLOCK 26 3
1252 CANCEL 1239
1252 ORDER 1253 68 24 2 37 0
1253 ORDER 1254 76 17 70 68 2
1254 ORDER 1255 33 26 23 68 0
1255 UNBLOCK 61 34
1255 ORDER 1256 22 33 2 17 0
1256 ORDER 1257 60 20 1 55 0
1256 BLOCK 40 24
1257 ORDER 1258 6 45 2 7 1
1258 ORDER 1259 15 14 1 42 0
1259 ORDER 1260 44 36 2 25 0
1260 ORDER 1261 10 38 1 68 0
1260 BLOCK 74 10
1261 ORDER 1262 34 15 1 49 0
1262 ORDER 1263 77 48 77 68 1
1263 UNBLOCK 77 23
1263 ORDER 1264 61 36 1 23 1
1264 ORDER 1265 79 5 2 31 1
1265 ORDER 1266 62 8 87 67 1
1266 UNBLOCK 76 3
1266 ORDER 1267 28 62 58 67 0
1267 UNBLOCK 54 45
1267 ORDER 1268 8 32 1 21 2
1268 ORDER 1269 46 60 2 48 2
1269 UNBLOCK 15 66
1269 UNBLOCK 51 60
1269 ORDER 1270 29 32 3 45 0
1270 ORDER 1271 57 20 50 67 3
1270 BLOCK 34 38
1271 ORDER 1272 74 62 51 67 1
1272 ORDER 1273 9 8 1 25 0
1273 ORDER 1274 19 23 80 67 0
1274 UNBLOCK 74 67
1274 ORDER 1275 79 9 81 68 1
1274 BLOCK 68 59
1275 CANCEL 1204
1275 ORDER 1276 30 50 74 68 2
1276 UNBLOCK 76 41
1276 ORDER 1277 15 14 63 68 0
1276 BLOCK 66 12
1277 UNBLOCK 72 6
1277 ORDER 1278 20 42 3 52 1
1278 ORDER 1279 64 53 1 34 1
1278 BLOCK 27 66
1279 ORDER 1280 68 9 31 68 0
1280 ORDER 1281 25 15 2 50 0
1281 UNBLOCK 15 40
1281 ORDER 1282 89 3 1 33 3
1282 ORDER 1283 84 26 3 50 0
1282 BLOCK 78 35
1283 CANCEL 1202
1283 UNBLOCK 11 47
1283 UNBLOCK 40 24
1283 ORDER 1284 41 17 1 54 1
1284 ORDER 1285 51 32 26 67 0
1285 ORDER 1286 83 41 1 27 0
1286 ORDER 1287 44 41 61 67 0
1287 UNBLOCK 61 63
1287 ORDER 1288 90 24 54 67 0
1287 BLOCK 55 10
1288 ORDER 1289 83 29 27 68 1
1288 BLOCK 20 48
1289 ORDER 1290 74 32 2 4 0
1289 BLOCK 18 17
1290 UNBLOCK 81 36
1290 ORDER 1291 34 12 19 67 1
1291 UNBLOCK 21 23
1291 ORDER 1292 49 24 2 28 1
1292 ORDER 1293 43 63 55 68 2
1293 ORDER 1294 66 39 3 10 0
1294 ORDER 1295 44 42 1 29 0
1295 ORDER 1296 19 6 17 68 0
1296 UNBLOCK 40 63
1296 UNBLOCK 78 35
1296 ORDER 1297 65 5 48 67 0
1297 UNBLOCK 75 38
1297 ORDER 1298 61 27 6 68 1
1298 UNBLOCK 55 10
1298 ORDER 1299 71 6 1 39 0
1299 ORDER 1300 38 63 50 67 2
1300 UNBLOCK 93 51
1300 ORDER 1301 35 21 1 3 2
1301 ORDER 1302 44 32 40 68 2
1301 BLOCK 42 2
1302 UNBLOCK 66 12
1302 ORDER 1303 35 59 2 3 1
1303 UNBLOCK 34 38
1303 ORDER 1304 38 27 45 67 1
1304 ORDER 1305 53 23 72 67 0
1305 ORDER 1306 35 32 62 67 1
1306 ORDER 1307 29 3 69 67 3
1307 ORDER 1308 67 24 41 67 1
1308 ORDER 1309 15 42 1 31 0
1309 ORDER 1310 79 62 41 68 0
1309 BLOCK 23 37
1310 UNBLOCK 68 59
1310 ORDER 1311 66 54 75 67 0
1311 ORDER 1312 59 57 74 68 0
1312 ORDER 1313 25 62 2 42 0
1313 ORDER 1314 91 53 2 27 1
1314 ORDER 1315 29 47 53 68 1
1315 ORDER 1316 21 18 50 67 2
1316 UNBLOCK 17 20
1316 ORDER 1317 80 50 2 47 3
1316 BLOCK 88 60
1317 ORDER 1318 90 32 6 67 0
1318 ORDER 1319 35 3 1 65 0
1319 ORDER 1320 91 32 2 67 1
1320 ORDER 1321 51 39 3 20 0
1320 BLOCK 24 37
1321 ORDER 1322 32 56 2 53 0
1322 ORDER 1323 82 57 67 68 0
1322 CANCEL 101323
1323 UNBLOCK 23 37
1323 ORDER 1324 67 14 3 26 2
1324 UNBLOCK 27 66
1324 ORDER 1325 45 17 2 65 1
1325 ORDER 1326 79 26 8 68 0
1326 ORDER 1327 85 35 50 67 0
1327 ORDER 1328 60 15 1 34 2
1328 UNBLOCK 42 2
1328 UNBLOCK 88 60
1328 ORDER 1329 50 38 1 5 2
1329 ORDER 1330 11 3 22 68 0
1330 ORDER 1331 56 30 39 67 0
1331 ORDER 1332 32 24 2 57 0
1332 ORDER 1333 33 30 3 12 0
1333 ORDER 1334 30 11 1 66 1
1333 BLOCK 84 32
1334 UNBLOCK 74 10
1334 ORDER 1335 16 48 2 6 0
1334 BLOCK 67 8
1335 ORDER 1336 10 26 96 68 0
1336 UNBLOCK 18 17
1336 ORDER 1337 22 14 63 67 0
1337 ORDER 1338 29 50 2 33 1
1338 ORDER 1339 49 20 74 68 0
1339 ORDER 1340 87 45 1 4 1
1339 BLOCK 87 6
1340 ORDER 1341 93 30 1 12 1
1341 ORDER 1342 6 47 2 56 1
1342 ORDER 1343 81 18 49 68 2
1343 UNBLOCK 14 63
1343 UNBLOCK 26 3
1343 ORDER 1344 39 3 1 4 0
1343 BLOCK 58 42
1344 ORDER 1345 76 53 76 67 1
1345 ORDER 1346 43 35 56 68 1
1346 ORDER 1347 91 51 48 68 1
1347 ORDER 1348 83 9 1 48 1
1348 ORDER 1349 26 29 1 29 0
1349 ORDER 1350 89 15 59 67 0
1350 ORDER 1351 26 35 2 62 0
1350 BLOCK 58 35
1351 ORDER 1352 85 3 90 68 0
1351 CANCEL 101352
1352 ORDER 1353 70 39 1 52 0
1353 ORDER 1354 95 44 1 60 1
1354 ORDER 1355 50 62 58 68 1
1354 BLOCK 81 57
1355 ORDER 1356 90 6 1 63 0
1356 ORDER 1357 38 32 3 11 2
1357 ORDER 1358 6 48 1 51 1
1357 BLOCK 44 23
1358 ORDER 1359 68 9 2 29 0
1358 BLOCK 52 6
1359 CANCEL 1356
1359 ORDER 1360 63 5 2 29 0
1360 ORDER 1361 16 34 38 68 3
1361 ORDER 1362 28 32 87 67 1
1361 BLOCK 77 38
1362 ORDER 1363 17 59 9 68 0
1363 ORDER 1364 50 54 2 53 0
1364 ORDER 1365 13 65 2 21 0
1365 ORDER 1366 48 47 29 68 0
1365 BLOCK 55 66
1366 ORDER 1367 77 56 2 48 0
1367 ORDER 1368 57 60 2 57 0
1367 BLOCK 83 44
1368 ORDER 1369 10 35 3 62 0
1369 ORDER 1370 89 62 67 68 0
1369 BLOCK 69 54
1370 UNBLOCK 20 48
1370 ORDER 1371 50 64 41 67 0
1371 ORDER 1372 83 36 1 25 0
1372 ORDER 1373 8 56 43 67 0
1373 CANCEL 1188
1373 ORDER 1374 27 56 60 67 1
1374 CANCEL 1359
1374 ORDER 1375 75 42 2 62 0
1375 ORDER 1376 20 23 2 48 0
1376 ORDER 1377 83 57 3 43 0
1377 ORDER 1378 10 30 31 68 0
1378 ORDER 1379 26 20 3 40 0
1379 ORDER 1380 80 12 69 67 0
1380 ORDER 1381 58 36 3 26 3
1381 ORDER 1382 29 39 2 63 0
1382 ORDER 1383 87 8 16 68 1
1382 BLOCK 49 24
1383 UNBLOCK 58 42
1383 UNBLOCK 55 66
1383 ORDER 1384 94 24 3 21 1
1384 UNBLOCK 24 37
1384 ORDER 1385 10 56 45 68 3
1384 BLOCK 31 54
1385 ORDER 1386 15 5 2 65 0
1385 BLOCK 32 58
1386 ORDER 1387 76 11 3 65 0
1386 BLOCK 71 29
1387 CANCEL 1293
1387 ORDER 1388 47 50 3 18 1
1387 BLOCK 17 59
1388 UNBLOCK 58 35
1388 ORDER 1389 95 23 1 5 1
1389 UNBLOCK 87 6
1389 ORDER 1390 87 33 3 56 0
1390 ORDER 1391 76 33 1 4 0
1391 ORDER 1392 25 48 3 31 0
1392 ORDER 1393 93 3 5 67 0
1393 ORDER 1394 7 33 15 68 3
1394 ORDER 1395 91 3 84 68 1
1394 BLOCK 26 50
1395 UNBLOCK 77 38
1395 ORDER 1396 26 54 3 60 0
1396 ORDER 1397 74 56 37 68 0
1397 UNBLOCK 84 32
1397 UNBLOCK 81 57
1397 ORDER 1398 17 18 1 44 2
1398 UNBLOCK 71 29
1398 ORDER 1399 53 30 1 56 1
1398 BLOCK 65 51
1399 ORDER 1400 89 56 2 14 1
1399 BLOCK 32 41
1400 ORDER 1401 72 42 1 56 0
1401 ORDER 1402 15 44 51 67 0
1402 ORDER 1403 65 29 3 13 1
1403 CANCEL 1298
1403 ORDER 1404 27 36 24 68 1
1404 CANCEL 1307
1404 ORDER 1405 28 24 48 68 1
1405 ORDER 1406 80 3 36 68 1
1406 ORDER 1407 55 30 1 65 1
1407 ORDER 1408 46 18 79 68 2
1408 CANCEL 1358
1408 CANCEL 1405
1408 ORDER 1409 15 17 29 68 0
1409 UNBLOCK 49 24
1409 ORDER 1410 78 14 2 49 1
1410 ORDER 1411 35 44 3 41 2
1411 ORDER 1412 58 26 2 16 0
1412 ORDER 1413 33 48 47 67 1
1412 BLOCK 70 62
1413 ORDER 1414 38 20 1 59 0
1414 ORDER 1415 59 29 74 68 0
1415 ORDER 1416 50 26 34 67 3
1416 ORDER 1417 67 11 1 37 2
1417 ORDER 1418 47 36 1 6 2
1418 ORDER 1419 81 20 42 67 0
1419 ORDER 1420 12 44 2 64 2
1419 BLOCK 28 5
1420 ORDER 1421 84 42 50 68 0
1421 ORDER 1422 67 50 81 67 0
1421 BLOCK 51 35
1422 ORDER 1423 80 36 1 36 1
1422 BLOCK 43 5
1423 ORDER 1424 90 39 72 67 1
1423 CANCEL 101424
1424 ORDER 1425 12 11 85 68 1
1425 UNBLOCK 32 41
1425 ORDER 1426 80 32 3 18 2
1426 UNBLOCK 83 44
1426 UNBLOCK 17 59
1426 ORDER 1427 11 42 98 67 0
1427 ORDER 1428 77 33 26 68 0
1428 ORDER 1429 50 63 71 68 3
1429 UNBLOCK 67 8
1429 ORDER 1430 62 21 3 31 0
1430 ORDER 1431 10 50 57 67 1
1431 ORDER 1432 8 59 1 15 0
1432 ORDER 1433 58 56 1 22 0
1433 UNBLOCK 52 6
1433 ORDER 1434 17 39 56 67 1
1434 ORDER 1435 75 15 23 67 2
1435 ORDER 1436 61 20 3 10 1
1436 UNBLOCK 44 23
1436 ORDER 1437 42 45 3 18 0
1437 CANCEL 1396
1437 ORDER 1438 45 47 84 67 1
1438 ORDER 1439 20 51 2 1 0
1439 ORDER 1440 83 65 1 43 0
1440 ORDER 1441 71 59 3 53 0
1440 BLOCK 21 8
1441 ORDER 1442 60 62 7 67 0
1442 UNBLOCK 69 54
1442 ORDER 1443 85 56 13 68 0
1443 ORDER 1444 65 15 14 68 1
1444 ORDER 1445 51 50 1 31 0
1445 ORDER 1446 70 27 15 68 0
1445 BLOCK 67 12
1446 ORDER 1447 83 29 77 68 0
1447 ORDER 1448 57 15 3 30 0
1448 ORDER 1449 35 32 65 68 1
1448 BLOCK 91 51
1449 ORDER 1450 9 8 64 67 0
1450 ORDER 1451 69 36 8 68 2
1451 ORDER 1452 8 20 39 68 0
1452 ORDER 1453 67 60 15 68 1
1453 UNBLOCK 32 58
1453 ORDER 1454 92 30 3 9 1
1454 ORDER 1455 77 36 2 32 0
1455 UNBLOCK 28 5
1455 UNBLOCK 51 35
1455 ORDER 1456 92 45 39 67 0
1456 ORDER 1457 60 45 45 68 0
1457 ORDER 1458 17 60 40 67 0
1458 ORDER 1459 21 24 2 37 1
1459 ORDER 1460 40 29 52 67 0
1460 ORDER 1461 21 57 2 45 0
1461 ORDER 1462 44 60 91 67 0
1462 ORDER 1463 40 65 2 29 1
1462 BLOCK 64 16
1463 ORDER 1464 71 36 1 40 0
1464 ORDER 1465 8 56 7 67 0
1465 ORDER 1466 45 45 76 67 3
1466 ORDER 1467 51 9 3 67 0
1466 BLOCK 61 12
1467 ORDER 1468 79 65 19 68 0
1467 BLOCK 87 17
1468 ORDER 1469 73 45 24 68 0
1469 UNBLOCK 31 54
1469 ORDER 1470 52 30 1 17 0
1470 UNBLOCK 70 62
1470 ORDER 1471 14 60 2 17 1
1471 ORDER 1472 50 21 3 25 0
1472 ORDER 1473 75 32 1 53 2
1473 ORDER 1474 83 8 3 21 3
1474 ORDER 1475 22 9 85 67 0
1475 ORDER 1476 81 50 1 59 3
1476 ORDER 1477 87 9 37 67 0
1477 CANCEL 1474
1477 ORDER 1478 40 56 3 57 1
1478 ORDER 1479 92 27 1 27 3
1479 ORDER 1480 31 15 2 20 0
1480 ORDER 1481 64 11 2 4 0
1481 ORDER 1482 53 6 36 67 0
1482 UNBLOCK 64 16
1482 ORDER 1483 88 20 3 37 2
1482 BLOCK 85 41
1483 ORDER 1484 77 59 77 67 0
1484 ORDER 1485 79 6 1 63 3
1485 ORDER 1486 12 21 1 61 0
1486 ORDER 1487 52 6 3 8 0
1486 BLOCK 71 67
1487 ORDER 1488 57 35 3 22 1
1488 UNBLOCK 26 50
1488 UNBLOCK 67 12
1488 ORDER 1489 53 50 1 50 0
1489 ORDER 1490 50 41 42 67 0
1489 BLOCK 37 65
1490 ORDER 1491 83 63 30 67 2
1491 ORDER 1492 24 41 87 68 1
1492 UNBLOCK 65 51
1492 ORDER 1493 9 26 93 68 0
1493 ORDER 1494 21 39 78 67 1
1494 ORDER 1495 25 27 2 42 0
1495 ORDER 1496 91 26 39 68 0
1496 ORDER 1497 79 30 20 67 0
1497 ORDER 1498 72 27 1 29 0
1497 BLOCK 44 14
1498 ORDER 1499 60 18 3 9 0
1498 BLOCK 71 47
1499 ORDER 1500 14 30 15 67 0
1500 UNBLOCK 43 5
1500 ORDER 1501 54 59 2 21 0
1501 ORDER 1502 52 5 72 68 0
1502 ORDER 1503 67 56 93 67 0
1503 ORDER 1504 38 57 3 18 0
1504 ORDER 1505 28 33 2 52 0
1505 UNBLOCK 85 41
1505 ORDER 1506 6 3 3 1 1
1506 ORDER 1507 40 45 37 68 0
1507 ORDER 1508 22 11 79 67 1
1508 CANCEL 1450
1508 ORDER 1509 36 21 43 68 1
1509 ORDER 1510 80 20 2 59 0
1510 ORDER 1511 60 51 40 67 2
1511 ORDER 1512 81 45 1 61 0
1511 BLOCK 90 20
1512 ORDER 1513 75 15 96 68 0
1513 ORDER 1514 7 24 67 68 0
1514 ORDER 1515 28 56 1 32 0
1515 ORDER 1516 10 50 2 32 0
1516 ORDER 1517 67 23 38 67 1
1517 ORDER 1518 6 3 94 68 0
1518 ORDER 1519 24 12 61 68 1
1519 ORDER 1520 41 23 8 68 0
1520 ORDER 1521 13 21 96 68 3
1521 CANCEL 1437
1521 ORDER 1522 77 59 5 68 0
1522 ORDER 1523 50 21 96 68 1
1523 ORDER 1524 60 62 2 45 0
1524 UNBLOCK 91 51
1524 ORDER 1525 84 53 1 63 0
1525 ORDER 1526 49 12 2 30 0
1526 CANCEL 1423
1526 ORDER 1527 54 28 3 25 0
1526 BLOCK 71 23
1527 ORDER 1528 52 3 69 68 1
1527 BLOCK 85 58
1528 UNBLOCK 21 8
1528 ORDER 1529 65 35 1 38 0
1529 ORDER 1530 71 57 73 67 3
1530 ORDER 1531 22 51 64 68 0
1531 ORDER 1532 58 56 3 27 0
1532 ORDER 1533 31 8 44 67 1
1532 BLOCK 31 20
1533 ORDER 1534 56 35 1 41 1
1534 ORDER 1535 29 51 75 67 0
1535 UNBLOCK 44 14
1535 ORDER 1536 94 6 3 58 0
1536 ORDER 1537 7 44 1 46 1
1536 BLOCK 54 27
1537 CANCEL 1514
1537 ORDER 1538 6 24 35 67 1
1538 ORDER 1539 91 12 2 25 0
1539 ORDER 1540 93 48 3 11 1
1539 BLOCK 14 65
1540 ORDER 1541 26 5 1 62 0
1541 ORDER 1542 37 5 26 67 2
1542 UNBLOCK 37 65
1542 ORDER 1543 27 41 2 64 1
1543 ORDER 1544 42 9 2 68 2
1543 BLOCK 61 66
1544 UNBLOCK 87 17
1544 ORDER 1545 10 6 1 13 0
1545 ORDER 1546 48 20 40 67 0
1546 ORDER 1547 89 47 30 68 1
1547 ORDER 1548 82 32 2 28 0
1548 ORDER 1549 71 23 45 67 0
1548 BLOCK 29 33
1549 UNBLOCK 61 12
1549 ORDER 1550 27 47 1 23 0
1550 ORDER 1551 62 65 81 68 1
1551 ORDER 1552 82 11 89 68 0
1552 UNBLOCK 71 47
1552 ORDER 1553 91 32 51 67 3
1552 BLOCK 24 15
1553 ORDER 1554 20 5 2 47 2
1554 ORDER 1555 37 35 2 61 1
1555 ORDER 1556 87 35 97 67 2
1555 BLOCK 38 6
1556 UNBLOCK 71 67
1556 ORDER 1557 13 20 1 36 0
1557 ORDER 1558 41 12 89 68 0
1558 ORDER 1559 74 3 3 48 0
1559 UNBLOCK 29 33
1559 ORDER 1560 32 54 1 10 1
1559 BLOCK 68 53
1560 ORDER 1561 28 20 39 67 1
1561 ORDER 1562 54 29 6 67 0
1561 BLOCK 15 64
1562 ORDER 1563 21 20 3 22 1
1563 ORDER 1564 10 26 1 35 1
1564 ORDER 1565 85 5 2 25 0
1564 BLOCK 86 54
1565 ORDER 1566 94 20 1 46 0
1566 ORDER 1567 93 42 64 67 2
1566 CANCEL 101567
1567 ORDER 1568 93 32 15 67 0
1567 BLOCK 70 17
1568 ORDER 1569 10 15 87 67 0
1569 UNBLOCK 90 20
1569 ORDER 1570 33 44 69 67 2
1570 ORDER 1571 81 20 1 6 3
1571 ORDER 1572 77 35 2 6 0
1572 ORDER 1573 87 15 82 68 0
1573 ORDER 1574 62 47 61 68 0
1573 BLOCK 42 59
1574 ORDER 1575 60 65 37 68 0
1575 ORDER 1576 57 14 1 18 0
1575 BLOCK 79 65
1576 ORDER 1577 65 47 64 67 0
1577 UNBLOCK 86 54
1577 ORDER 1578 30 63 69 68 0
1578 ORDER 1579 89 3 3 59 1
1579 ORDER 1580 7 3 41 68 0
1580 CANCEL 1395
1580 ORDER 1581 38 8 17 68 0
1581 ORDER 1582 54 47 25 67 1
1581 BLOCK 13 30
1582 ORDER 1583 13 32 3 39 0
1583 ORDER 1584 32 48 38 67 0
1583 BLOCK 18 38
1584 ORDER 1585 86 3 43 67 1
1585 ORDER 1586 45 42 65 68 0
1585 BLOCK 35 47
1586 UNBLOCK 71 23
1586 ORDER 1587 18 15 51 67 0
1586 BLOCK 41 30
1587 ORDER 1588 82 11 3 60 1
1588 ORDER 1589 74 51 2 29 0
1588 BLOCK 59 8
1589 UNBLOCK 54 27
1589 UNBLOCK 61 66
1589 ORDER 1590 63 26 77 68 1
1590 ORDER 1591 84 24 3 9 1
1591 ORDER 1592 35 30 40 68 0
1591 BLOCK 80 9
1592 ORDER 1593 51 48 35 68 0
1593 ORDER 1594 62 60 1 15 0
1594 ORDER 1595 24 62 13 67 2
1595 ORDER 1596 11 45 40 68 0
1596 ORDER 1597 33 48 98 67 0
1596 BLOCK 87 2
1597 ORDER 1598 26 18 2 50 0
1598 UNBLOCK 15 64
1598 ORDER 1599 29 11 1 30 3
1599 ORDER 1600 17 38 3 44 0
1600 ORDER 1601 32 53 2 36 1
1600 BLOCK 30 56
1601 ORDER 1602 9 23 75 67 3
1602 UNBLOCK 70 17
1602 ORDER 1603 9 11 2 7 1
1603 ORDER 1604 27 41 59 68 2
1604 ORDER 1605 51 51 3 2 1
1605 UNBLOCK 31 20
1605 UNBLOCK 14 65
1605 UNBLOCK 18 38
1605 ORDER 1606 75 15 2 58 2
1605 BLOCK 20 56
1606 ORDER 1607 78 33 92 67 0
1607 ORDER 1608 36 27 48 67 0
1608 ORDER 1609 42 35 2 9 2
1609 ORDER 1610 61 57 1 50 1
1609 BLOCK 40 47
1610 CANCEL 1539
1610 UNBLOCK 24 15
1610 ORDER 1611 47 44 3 54 0
1611 CANCEL 1416
1611 ORDER 1612 52 42 23 68 0
1612 ORDER 1613 61 48 96 68 0
1613 ORDER 1614 90 26 2 12 0
1614 ORDER 1615 50 59 1 54 1
1615 CANCEL 1463
1615 CANCEL 1467
1615 ORDER 1616 32 47 5 68 1
1615 BLOCK 30 47
1616 ORDER 1617 50 18 2 7 0
1617 CANCEL 1543
1617 ORDER 1618 43 6 36 68 0
1618 ORDER 1619 58 17 2 61 0
1619 ORDER 1620 19 20 65 68 1
1620 ORDER 1621 21 6 2 30 1
1621 ORDER 1622 39 24 30 67 0
1622 ORDER 1623 80 47 65 67 2
1622 BLOCK 51 33
1623 UNBLOCK 85 58
1623 ORDER 1624 19 12 3 32 0
1623 BLOCK 80 55
1624 UNBLOCK 59 8
1624 CANCEL 1591
1624 ORDER 1625 22 59 1 27 0
1625 ORDER 1626 82 32 19 68 0
1626 ORDER 1627 16 5 72 67 0
1627 UNBLOCK 20 56
1627 ORDER 1628 6 15 70 68 0
1628 ORDER 1629 56 3 3 50 0
1629 UNBLOCK 42 59
1629 ORDER 1630 63 57 80 67 0
1630 ORDER 1631 87 12 78 68 0
1631 ORDER 1632 10 21 80 67 0
1632 UNBLOCK 38 6
1632 UNBLOCK 30 56
1632 ORDER 1633 8 63 2 2 1
1633 ORDER 1634 54 44 3 29 3
1634 ORDER 1635 45 6 3 58 0
1635 ORDER 1636 19 30 28 68 0
1635 BLOCK 58 2
1636 ORDER 1637 53 29 3 11 1
1637 ORDER 1638 6 47 20 67 2
1638 ORDER 1639 65 17 70 67 0
1638 BLOCK 26 48
1639 ORDER 1640 17 65 52 67 3
1640 UNBLOCK 41 30
1640 ORDER 1641 10 50 2 13 0
1641 ORDER 1642 53 6 88 68 0
1642 ORDER 1643 19 3 85 67 0
1643 ORDER 1644 13 41 2 55 0
1644 ORDER 1645 55 8 62 68 0
1645 ORDER 1646 30 11 39 67 2
1646 ORDER 1647 12 27 2 47 0
1647 ORDER 1648 44 45 3 51 1
1648 UNBLOCK 68 53
1648 ORDER 1649 43 65 2 42 2
1649 ORDER 1650 26 59 3 2 0
1650 ORDER 1651 17 53 77 68 0
1651 UNBLOCK 30 47
1651 ORDER 1652 17 41 70 68 2
1652 ORDER 1653 61 59 2 44 1
1653 ORDER 1654 9 30 3 17 0
1654 ORDER 1655 77 53 9 67 1
1655 ORDER 1656 28 41 88 67 0
1656 ORDER 1657 69 15 1 13 0
1657 ORDER 1658 61 8 50 67 0
1657 BLOCK 65 14
1658 ORDER 1659 89 21 2 54 0
1659 ORDER 1660 68 61 3 28 0
1660 UNBLOCK 35 47
1660 ORDER 1661 9 24 2 13 0
1661 ORDER 1662 51 43 1 6 0
1662 UNBLOCK 80 55
1662 ORDER 1663 78 54 29 68 3
1663 ORDER 1664 68 45 2 10 1
1664 CANCEL 1641
1664 ORDER 1665 46 32 3 54 0
1665 CANCEL 1633
1665 ORDER 1666 37 5 85 68 2
1666 ORDER 1667 67 65 95 67 3
1667 ORDER 1668 6 56 86 67 0
1668 UNBLOCK 79 65
1668 ORDER 1669 83 32 2 48 1
1668 BLOCK 16 57
1669 UNBLOCK 13 30
1669 ORDER 1670 91 39 7 67 2
1669 BLOCK 43 30
1670 ORDER 1671 73 45 3 15 1
1671 CANCEL 1647
1671 ORDER 1672 26 27 3 1 0
1671 BLOCK 34 48
1672 ORDER 1673 30 29 2 55 0
1673 ORDER 1674 29 59 66 67 1
1674 ORDER 1675 90 27 43 68 0
1675 ORDER 1676 78 50 90 67 0
1676 ORDER 1677 12 11 1 5 3
1677 ORDER 1678 61 9 48 67 0
1678 ORDER 1679 40 9 2 66 1
1678 BLOCK 70 17
1679 ORDER 1680 26 12 1 2 0
1680 ORDER 1681 65 8 1 19 0
1681 ORDER 1682 24 60 3 56 0
1681 BLOCK 25 10
1682 UNBLOCK 87 2
1682 ORDER 1683 14 62 3 26 2
1683 ORDER 1684 22 36 75 68 1
1684 ORDER 1685 20 27 90 68 1
1685 ORDER 1686 80 11 3 43 0
1685 BLOCK 11 59
1686 UNBLOCK 80 9
1686 ORDER 1687 94 51 2 41 0
1687 ORDER 1688 28 30 19 67 0
1688 ORDER 1689 70 32 90 67 0
1689 ORDER 1690 21 59 2 1 0
1690 ORDER 1691 77 63 32 67 2
1691 ORDER 1692 39 54 79 68 0
1692 ORDER 1693 21 36 32 68 0
1692 BLOCK 57 41
1693 ORDER 1694 9 51 3 61 3
1694 ORDER 1695 89 21 3 20 2
1695 ORDER 1696 62 12 54 67 0
1695 BLOCK 93 19
1696 UNBLOCK 40 47
1696 ORDER 1697 50 21 3 55 0
1697 UNBLOCK 65 14
1697 ORDER 1698 38 6 8 67 0
1697 BLOCK 40 58
1698 ORDER 1699 80 57 2 18 0
1699 ORDER 1700 47 33 75 67 1
1700 ORDER 1701 54 18 43 68 0
1701 ORDER 1702 83 36 2 47 1
1702 ORDER 1703 62 45 2 30 1
1703 ORDER 1704 52 53 3 35 1
1704 UNBLOCK 58 2
1704 ORDER 1705 38 59 2 19 0
1704 BLOCK 69 7
1705 ORDER 1706 8 47 2 5 0
1706 ORDER 1707 26 11 21 68 0
1707 CANCEL 1678
1707 ORDER 1708 72 42 2 19 0
1707 BLOCK 64 12
1708 ORDER 1709 87 56 91 67 0
1709 ORDER 1710 10 38 3 41 0
1710 UNBLOCK 51 33
1710 ORDER 1711 42 6 1 47 0
1711 UNBLOCK 16 57
1711 ORDER 1712 26 6 28 68 0
1711 BLOCK 77 48
1712 ORDER 1713 34 32 1 62 0
1713 ORDER 1714 52 26 1 32 0
1713 BLOCK 86 38
1714 ORDER 1715 78 62 2 57 0
1714 BLOCK 75 47
1715 ORDER 1716 20 21 1 39 1
1716 ORDER 1717 12 21 52 67 0
1717 ORDER 1718 41 17 2 4 3
1718 UNBLOCK 26 48
1718 ORDER 1719 16 5 57 67 0
1719 ORDER 1720 56 54 2 67 0
1719 BLOCK 7 66
1720 UNBLOCK 34 48
1720 ORDER 1721 94 18 97 67 0
1721 UNBLOCK 25 10
1721 ORDER 1722 22 59 3 21 0
1721 BLOCK 83 12
1722 ORDER 1723 69 30 58 68 1
1723 ORDER 1724 87 45 2 59 3
1724 ORDER 1725 50 47 45 67 1
1725 UNBLOCK 93 19
1725 ORDER 1726 71 24 3 40 1
1726 ORDER 1727 33 57 1 23 1
1727 ORDER 1728 84 26 92 67 0
1728 ORDER 1729 65 32 2 60 2
1729 ORDER 1730 80 39 2 57 2
1730 ORDER 1731 30 9 27 67 0
1731 ORDER 1732 82 9 1 10 0
1731 BLOCK 14 33
1732 ORDER 1733 58 56 3 19 1
1732 BLOCK 50 53
1733 UNBLOCK 64 12
1733 ORDER 1734 57 20 96 68 0
1734 CANCEL 1597
1734 UNBLOCK 57 41
1734 ORDER 1735 19 11 21 68 1
1734 BLOCK 23 39
1735 ORDER 1736 24 3 57 67 0
1736 CANCEL 1677
1736 ORDER 1737 72 30 2 54 0
1736 BLOCK 27 20
1737 ORDER 1738 20 5 1 8 0
1738 ORDER 1739 95 21 39 67 0
1739 ORDER 1740 88 47 15 68 0
1740 ORDER 1741 82 26 2 68 0
1741 UNBLOCK 86 38
1741 ORDER 1742 25 38 1 39 0
1741 BLOCK 15 37
1742 ORDER 1743 66 8 3 13 0
1742 BLOCK 55 19
1743 ORDER 1744 84 35 62 68 2
1743 BLOCK 52 15
1744 ORDER 1745 34 47 3 32 2
1745 ORDER 1746 8 63 24 68 1
1746 ORDER 1747 79 45 60 68 0
1747 ORDER 1748 66 21 2 46 1
1748 ORDER 1749 78 24 2 9 2
1749 ORDER 1750 77 17 3 14 0
1750 ORDER 1751 50 63 10 67 0
1750 BLOCK 44 22
1751 ORDER 1752 9 46 2 51 0
1751 BLOCK 90 18
1752 ORDER 1753 82 15 3 35 2
1753 ORDER 1754 13 36 2 51 0
1753 BLOCK 27 15
1754 UNBLOCK 43 30
1754 ORDER 1755 48 11 70 68 1
1755 UNBLOCK 55 19
1755 ORDER 1756 95 22 2 43 1
1756 ORDER 1757 87 62 2 32 1
1756 BLOCK 77 22
1757 ORDER 1758 38 44 2 45 0
1758 UNBLOCK 11 59
1758 ORDER 1759 30 54 2 24 0
1758 BLOCK 9 23
1759 ORDER 1760 71 45 2 49 0
1760 CANCEL 1697
1760 UNBLOCK 27 20
1760 UNBLOCK 15 37
1760 ORDER 1761 41 30 2 16 1
1761 ORDER 1762 47 9 3 18 0
1762 ORDER 1763 34 38 2 5 1
1763 ORDER 1764 14 12 28 68 0
1764 ORDER 1765 9 5 33 68 0
1765 ORDER 1766 19 9 1 19 0
1765 BLOCK 84 12
1766 UNBLOCK 7 66
1766 ORDER 1767 81 5 83 68 0
1767 ORDER 1768 70 62 66 68 0
1767 BLOCK 64 6
1768 ORDER 1769 68 59 50 67 0
1769 ORDER 1770 82 41 73 68 0
1770 ORDER 1771 30 20 72 67 0
1771 ORDER 1772 78 10 23 68 2
1771 BLOCK 21 39
1772 ORDER 1773 59 57 98 68 0
1773 UNBLOCK 70 17
1773 ORDER 1774 45 45 2 5 1
1774 ORDER 1775 88 15 1 45 0
1775 ORDER 1776 10 41 1 47 1
1776 CANCEL 1650
1776 ORDER 1777 91 17 16 67 0
1777 ORDER 1778 8 23 77 67 0
1778 ORDER 1779 35 57 1 63 0
1779 UNBLOCK 40 58
1779 ORDER 1780 8 57 93 67 1
1780 ORDER 1781 54 21 50 68 1
1781 ORDER 1782 47 8 42 68 1
1781 BLOCK 41 66
1782 ORDER 1783 88 62 57 68 0
1782 BLOCK 86 59
1783 ORDER 1784 7 8 1 48 1
1784 ORDER 1785 37 15 50 68 1
1785 ORDER 1786 46 32 1 13 1
1786 ORDER 1787 89 9 1 19 0
1787 UNBLOCK 14 33
1787 ORDER 1788 92 50 2 21 0
1787 BLOCK 68 35
1788 ORDER 1789 71 3 31 67 0
1789 ORDER 1790 67 56 73 68 0
1790 ORDER 1791 42 59 2 16 0
1791 ORDER 1792 29 11 3 33 0
1792 CANCEL 1686
1792 UNBLOCK 69 7
1792 ORDER 1793 41 27 29 68 2
1793 CANCEL 1727
1793 UNBLOCK 23 39
1793 UNBLOCK 86 59
1793 ORDER 1794 25 45 1 33 0
1794 ORDER 1795 47 21 88 67 3
1794 BLOCK 36 39
1795 ORDER 1796 52 48 62 67 0
1796 CANCEL 1747
1796 ORDER 1797 68 9 2 37 0
1797 UNBLOCK 83 12
1797 ORDER 1798 17 50 66 67 0
1798 UNBLOCK 44 22
1798 ORDER 1799 8 7 2 27 0
1799 CANCEL 1615
1799 ORDER 1800 73 24 3 57 0
1799 BLOCK 56 67
1800 ORDER 1801 20 62 73 68 2
1801 ORDER 1802 10 5 95 68 0
1802 UNBLOCK 27 15
1802 ORDER 1803 91 57 8 67 0
1803 ORDER 1804 20 18 27 67 0
1804 UNBLOCK 77 22
1804 UNBLOCK 68 35
1804 ORDER 1805 67 63 3 9 0
1805 UNBLOCK 9 23
1805 ORDER 1806 93 5 83 68 2
1806 ORDER 1807 32 12 3 68 1
1807 ORDER 1808 64 42 2 38 0
1808 ORDER 1809 31 20 28 67 0
1809 ORDER 1810 42 53 1 66 1
1810 UNBLOCK 77 48
1810 UNBLOCK 84 12
1810 ORDER 1811 79 24 62 68 1
1811 ORDER 1812 88 24 2 37 0
1812 UNBLOCK 21 39
1812 ORDER 1813 69 11 66 67 0
1813 ORDER 1814 7 24 34 67 1
1814 UNBLOCK 75 47
1814 ORDER 1815 33 50 1 19 0
1815 ORDER 1816 70 29 87 68 0
1816 ORDER 1817 49 11 3 19 0
1816 BLOCK 42 18
1817 ORDER 1818 18 26 3 59 1
1818 ORDER 1819 30 48 3 4 0
1819 ORDER 1820 54 35 1 52 0
1819 BLOCK 57 41
1820 ORDER 1821 21 57 76 67 1
1821 ORDER 1822 71 15 1 37 0
1822 ORDER 1823 28 33 2 1 0
1823 UNBLOCK 41 66
1823 ORDER 1824 39 50 1 3 1
1824 ORDER 1825 79 48 3 20 0
1825 ORDER 1826 93 12 41 67 0
1826 ORDER 1827 42 9 2 64 0
1827 UNBLOCK 50 53
1827 ORDER 1828 85 62 80 67 0
1828 UNBLOCK 52 15
1828 ORDER 1829 22 38 1 64 0
1829 ORDER 1830 43 47 72 67 1
1830 ORDER 1831 11 53 1 12 0
1831 ORDER 1832 54 8 1 7 0
1831 BLOCK 56 17
1832 ORDER 1833 75 39 2 5 0
1833 UNBLOCK 90 18
1833 ORDER 1834 52 42 1 55 0
1833 BLOCK 93 35
1834 ORDER 1835 55 30 3 4 0
1835 ORDER 1836 37 50 58 67 1
1836 ORDER 1837 50 65 68 67 0
1836 BLOCK 61 50
1837 ORDER 1838 77 44 46 67 1
1838 ORDER 1839 10 17 31 67 0
1839 ORDER 1840 42 35 3 29 0
1840 ORDER 1841 11 33 88 67 2
1841 ORDER 1842 11 61 2 48 2
1842 UNBLOCK 64 6
1842 ORDER 1843 53 53 2 51 0
1843 ORDER 1844 41 45 67 68 0
1844 ORDER 1845 83 38 1 58 0
1845 ORDER 1846 82 8 2 39 0
1846 UNBLOCK 61 50
1846 ORDER 1847 90 8 1 62 2
1846 BLOCK 38 11
1847 ORDER 1848 75 15 43 67 1
1848 ORDER 1849 18 26 85 67 1
1849 ORDER 1850 8 36 74 68 1
1850 ORDER 1851 65 56 54 68 0
1851 ORDER 1852 45 65 75 68 0
1852 ORDER 1853 71 57 2 14 0
1853 ORDER 1854 29 53 1 51 1
1854 ORDER 1855 19 53 5 67 0
1855 ORDER 1856 62 8 1 26 2
1855 BLOCK 91 2
1856 ORDER 1857 38 42 29 68 0
1857 ORDER 1858 87 63 14 68 0
1858 ORDER 1859 39 48 82 67 0
1859 ORDER 1860 28 54 1 66 1
1859 BLOCK 5 7
1860 ORDER 1861 68 48 84 67 0
1861 CANCEL 1703
1861 ORDER 1862 59 56 1 33 1
1862 ORDER 1863 9 24 25 67 0
1863 ORDER 1864 48 63 30 67 0
1863 BLOCK 54 12
1864 ORDER 1865 53 11 48 67 1
1865 ORDER 1866 53 56 21 68 0
1866 UNBLOCK 56 67
1866 ORDER 1867 95 35 26 68 0
1867 ORDER 1868 6 33 96 67 0
1867 BLOCK 91 45
1868 ORDER 1869 64 32 59 67 0
1869 ORDER 1870 43 14 1 51 2
1870 ORDER 1871 26 42 1 48 0
1871 ORDER 1872 61 11 1 54 0
1872 ORDER 1873 61 48 91 68 0
1872 BLOCK 9 3
1873 ORDER 1874 84 5 2 45 0
1874 ORDER 1875 80 20 1 39 0
1875 ORDER 1876 73 60 15 67 0
1876 ORDER 1877 72 14 2 46 0
1876 BLOCK 82 27
1877 ORDER 1878 88 32 24 67 2
1878 ORDER 1879 67 11 54 68 0
1878 BLOCK 82 9
1879 CANCEL 1768
1879 ORDER 1880 6 32 2 4 2
1880 ORDER 1881 21 29 2 44 2
1881 ORDER 1882 28 63 1 25 0
1882 UNBLOCK 9 3
1882 ORDER 1883 33 45 1 63 1
1883 ORDER 1884 40 38 25 67 1
1883 BLOCK 64 33
1884 ORDER 1885 25 44 36 68 1
1885 ORDER 1886 77 56 3 50 0
1886 CANCEL 1722
1886 ORDER 1887 49 26 91 68 0
1887 ORDER 1888 56 33 94 67 0
1888 UNBLOCK 36 39
1888 ORDER 1889 44 8 2 68 1
1888 BLOCK 15 30
1889 ORDER 1890 40 27 3 57 0
1889 BLOCK 40 11
1890 ORDER 1891 67 6 54 67 0
1891 ORDER 1892 9 9 3 65 2
1892 ORDER 1893 39 5 2 50 3
1893 ORDER 1894 19 14 25 67 1
1893 CANCEL 101894
1893 BLOCK 85 41
1894 UNBLOCK 56 17
1894 ORDER 1895 48 51 2 65 0
1895 ORDER 1896 59 63 2 28 1
1896 CANCEL 1849
1896 ORDER 1897 42 9 2 4 1
1897 ORDER 1898 73 6 3 47 0
1898 UNBLOCK 57 41
1898 ORDER 1899 95 17 3 9 0
1899 ORDER 1900 20 23 74 67 3
1900 ORDER 1901 39 9 2 17 2
1901 UNBLOCK 91 45
1901 ORDER 1902 83 63 1 18 0
1902 UNBLOCK 93 35
1902 ORDER 1903 72 36 5 67 1
1902 BLOCK 68 8
1903 UNBLOCK 64 33
1903 ORDER 1904 54 23 3 21 0
1904 ORDER 1905 20 24 47 68 0
1905 CANCEL 1903
1905 ORDER 1906 40 17 3 12 2
1906 ORDER 1907 53 53 3 7 0
1907 ORDER 1908 49 23 24 67 0
1908 ORDER 1909 7 18 2 34 1
1908 BLOCK 8 51
1909 UNBLOCK 38 11
1909 ORDER 1910 65 35 26 68 1
1910 ORDER 1911 27 50 2 68 1
1910 BLOCK 43 57
1911 ORDER 1912 61 39 3 67 0
1912 ORDER 1913 41 29 3 61 0
1913 ORDER 1914 62 29 3 33 1
1914 ORDER 1915 62 41 2 21 1
1915 ORDER 1916 79 44 1 12 1
1916 UNBLOCK 42 18
1916 ORDER 1917 20 53 41 67 0
1917 ORDER 1918 83 44 34 68 0
1918 ORDER 1919 79 17 9 68 1
1919 ORDER 1920 87 6 93 67 0
1920 ORDER 1921 40 39 2 64 0
1921 ORDER 1922 66 3 13 68 0
1922 ORDER 1923 69 3 2 54 1
1923 UNBLOCK 82 9
1923 ORDER 1924 60 57 1 54 0
1924 ORDER 1925 11 5 2 42 2
1925 UNBLOCK 40 11
1925 UNBLOCK 68 8
1925 ORDER 1926 41 30 2 45 2
1926 CANCEL 1745
1926 UNBLOCK 54 12
1926 ORDER 1927 32 48 3 63 3
1927 ORDER 1928 18 9 98 67 0
1928 ORDER 1929 86 57 2 47 0
1928 BLOCK 18 35
1929 ORDER 1930 74 30 43 68 0
1930 ORDER 1931 31 65 67 67 2
1930 BLOCK 34 14
1931 ORDER 1932 44 44 1 7 0
1932 ORDER 1933 27 36 1 54 0
1933 ORDER 1934 6 27 12 67 1
1934 ORDER 1935 89 21 2 7 0
1935 ORDER 1936 9 32 3 63 2
1936 UNBLOCK 91 2
1936 ORDER 1937 18 11 27 67 3
1937 ORDER 1938 66 21 1 41 0
1938 ORDER 1939 52 12 4 67 3
1939 ORDER 1940 7 41 70 67 0
1940 CANCEL 1938
1940 ORDER 1941 77 35 83 67 1
1941 ORDER 1942 7 6 1 5 1
1942 ORDER 1943 58 60 1 47 0
1942 BLOCK 95 67
1943 UNBLOCK 8 51
1943 ORDER 1944 59 18 10 68 0
1944 ORDER 1945 37 56 42 68 0
1945 CANCEL 1823
1945 UNBLOCK 5 7
1945 ORDER 1946 60 51 1 29 0
1946 CANCEL 1882
1946 ORDER 1947 25 45 55 67 0
1947 ORDER 1948 46 11 75 68 0
1948 CANCEL 1838
1948 UNBLOCK 85 41
1948 ORDER 1949 46 62 98 67 0
1949 ORDER 1950 37 14 18 67 3
1950 ORDER 1951 32 11 3 50 0
1951 ORDER 1952 54 18 3 56 0
1951 BLOCK 91 29
1952 ORDER 1953 16 54 3 17 0
1953 ORDER 1954 27 23 2 65 1
1954 ORDER 1955 54 57 2 30 0
1955 ORDER 1956 20 21 2 23 0
1956 ORDER 1957 53 21 27 67 0
1957 ORDER 1958 6 35 70 67 0
1958 ORDER 1959 8 24 1 64 3
1959 ORDER 1960 71 30 35 67 0
1960 ORDER 1961 81 26 2 19 1
1961 UNBLOCK 82 27
1961 ORDER 1962 57 29 19 67 0
1961 BLOCK 9 35
1962 ORDER 1963 70 63 45 68 0
1963 ORDER 1964 8 9 79 68 0
1964 CANCEL 1902
1964 UNBLOCK 95 67
1964 ORDER 1965 50 18 1 15 2
1964 BLOCK 21 30
1965 ORDER 1966 32 18 1 17 0
1965 BLOCK 20 15
1966 ORDER 1967 89 20 1 52 0
1967 ORDER 1968 47 23 1 65 2
1968 UNBLOCK 43 57
1968 ORDER 1969 80 9 1 16 2
1969 ORDER 1970 91 9 3 8 0
1970 UNBLOCK 15 30
1970 ORDER 1971 7 24 79 67 0
1971 ORDER 1972 91 12 3 37 0
1972 ORDER 1973 7 45 91 68 1
1972 BLOCK 84 27
1973 ORDER 1974 59 47 2 37 0
1974 ORDER 1975 85 15 3 6 2
1975 ORDER 1976 53 21 3 3 0
1976 ORDER 1977 49 60 60 68 0
1977 ORDER 1978 17 39 29 68 1
1978 ORDER 1979 62 39 50 68 1
1979 ORDER 1980 32 54 1 67 0
1980 ORDER 1981 86 27 13 67 0
1981 ORDER 1982 6 33 2 65 0
1982 ORDER 1983 85 53 1 46 0
1982 BLOCK 24 11
1983 ORDER 1984 24 17 37 68 0
1984 ORDER 1985 41 23 1 4 2
1985 ORDER 1986 76 44 90 68 0
1986 ORDER 1987 8 20 37 68 0
1987 ORDER 1988 39 62 79 67 0
1988 ORDER 1989 20 60 3 49 0
1989 ORDER 1990 94 60 81 68 1
1990 UNBLOCK 84 27
1990 ORDER 1991 86 63 1 60 0
1991 ORDER 1992 7 3 2 4 1
1991 BLOCK 84 18
1992 ORDER 1993 92 35 1 28 0
1993 ORDER 1994 32 45 1 13 0
1994 UNBLOCK 34 14
1994 ORDER 1995 79 47 3 67 1
1995 ORDER 1996 67 11 3 17 1
1995 BLOCK 12 63
1996 ORDER 1997 20 15 95 67 0
1997 ORDER 1998 78 35 6 67 0
1997 BLOCK 70 47
1998 ORDER 1999 90 35 2 24 1
1999 UNBLOCK 20 15
1999 ORDER 2000 22 54 12 68 0
2000 ORDER 2001 93 36 7 67 1
2000 BLOCK 92 1
2001 ORDER 2002 88 6 88 68 0
2002 CANCEL 1805
2002 ORDER 2003 91 59 1 61 0
2003 ORDER 2004 32 50 62 68 2
2003 BLOCK 21 17
2004 ORDER 2005 53 41 58 68 0
2005 ORDER 2006 12 6 2 30 2
2006 ORDER 2007 6 36 71 67 0
2007 ORDER 2008 9 33 14 67 2
2008 UNBLOCK 18 35
2008 UNBLOCK 84 18
2008 ORDER 2009 91 15 2 7 1
2009 ORDER 2010 72 50 23 68 0
2009 BLOCK 56 56
2010 ORDER 2011 60 54 2 30 1
2011 ORDER 2012 37 33 1 1 0
2012 ORDER 2013 73 41 98 67 0
2013 ORDER 2014 80 17 1 67 0
2014 ORDER 2015 77 51 59 67 0
2015 ORDER 2016 59 15 2 29 0
2015 BLOCK 8 44
2016 ORDER 2017 10 20 73 67 2
2016 BLOCK 54 14
2017 UNBLOCK 91 29
2017 ORDER 2018 48 50 3 64 0
2018 ORDER 2019 94 15 2 51 2
2019 ORDER 2020 73 45 2 65 0
2020 ORDER 2021 52 20 3 49 0
2021 ORDER 2022 24 32 2 49 1
2021 BLOCK 19 54
2022 ORDER 2023 26 42 2 59 0
2023 ORDER 2024 30 57 2 7 0
2024 ORDER 2025 48 6 68 67 1
2025 ORDER 2026 57 26 29 68 0
2026 ORDER 2027 89 65 3 26 1
2027 ORDER 2028 93 36 96 68 0
2028 UNBLOCK 21 17
2028 ORDER 2029 8 51 24 67 0
2029 ORDER 2030 80 6 1 63 1
2030 CANCEL 2012
2030 UNBLOCK 54 14
2030 ORDER 2031 93 42 3 47 1
2031 ORDER 2032 77 53 3 25 0
2032 ORDER 2033 63 18 87 68 3
2033 ORDER 2034 7 29 2 18 0
2034 UNBLOCK 9 35
2034 ORDER 2035 19 65 42 67 0
2035 ORDER 2036 11 11 17 68 2
2036 CANCEL 1922
2036 ORDER 2037 88 48 19 67 0
2037 UNBLOCK 12 63
2037 ORDER 2038 85 17 8 67 1
2038 ORDER 2039 88 51 70 68 1
2038 BLOCK 31 57
2039 ORDER 2040 28 45 2 6 0
2040 ORDER 2041 73 36 2 46 2
2041 UNBLOCK 56 56
2041 ORDER 2042 38 32 1 20 1
2042 ORDER 2043 94 6 3 22 0
2043 ORDER 2044 6 23 64 67 2
2043 BLOCK 71 29
2044 ORDER 2045 92 9 85 67 0
2045 UNBLOCK 21 30
2045 ORDER 2046 90 38 82 67 1
2045 BLOCK 40 50
2046 UNBLOCK 24 11
2046 ORDER 2047 86 5 3 28 3
2047 ORDER 2048 34 65 2 65 0
2048 ORDER 2049 19 60 1 33 0
2049 ORDER 2050 42 51 55 68 1
2050 ORDER 2051 95 21 91 67 0
2051 ORDER 2052 84 35 3 24 0
2052 ORDER 2053 89 12 43 68 0
2053 ORDER 2054 34 30 57 68 3
2054 ORDER 2055 10 44 1 49 0
2055 ORDER 2056 85 51 12 68 0
2056 ORDER 2057 38 51 73 67 1
2056 BLOCK 47 36
2057 ORDER 2058 73 42 2 36 2
2057 BLOCK 21 43
2058 CANCEL 1874
2058 ORDER 2059 84 41 69 68 1
2059 ORDER 2060 24 17 1 52 0
2060 ORDER 2061 80 45 3 9 0
2061 ORDER 2062 92 57 1 17 1
2062 ORDER 2063 65 45 2 67 1
2063 ORDER 2064 88 24 1 43 2
2064 ORDER 2065 43 24 3 24 2
2064 BLOCK 76 62
2065 ORDER 2066 41 35 1 49 1
2066 ORDER 2067 49 3 86 67 2
2066 BLOCK 38 68
2067 ORDER 2068 12 48 1 33 0
2068 ORDER 2069 25 59 2 15 1
2069 UNBLOCK 47 36
2069 ORDER 2070 54 6 71 68 1
2070 ORDER 2071 10 26 29 68 1
2071 ORDER 2072 25 8 12 67 1
2072 UNBLOCK 70 47
2072 CANCEL 2026
2072 ORDER 2073 49 35 27 67 0
2072 BLOCK 85 24
2073 ORDER 2074 17 15 76 67 0
2074 CANCEL 1891
2074 ORDER 2075 82 47 3 10 1
2075 ORDER 2076 57 29 3 64 0
2076 UNBLOCK 92 1
2076 ORDER 2077 62 60 3 31 0
2077 ORDER 2078 7 27 62 67 0
2077 BLOCK 41 57
2078 ORDER 2079 57 51 2 45 0
2079 ORDER 2080 71 14 1 2 0
2080 CANCEL 1966
2080 ORDER 2081 23 63 11 67 0
2081 ORDER 2082 7 57 1 26 0
2081 BLOCK 48 66
2082 ORDER 2083 6 39 1 10 2
2083 ORDER 2084 29 41 39 68 1
2084 ORDER 2085 75 54 24 68 0
2085 ORDER 2086 87 8 3 27 2
2086 ORDER 2087 50 23 44 68 0
2086 BLOCK 18 45
2087 ORDER 2088 47 15 3 16 3
2088 ORDER 2089 11 10 2 36 0
2089 ORDER 2090 40 36 36 67 0
2090 ORDER 2091 27 29 82 67 2
2091 UNBLOCK 76 62
2091 ORDER 2092 92 50 10 67 1
2092 ORDER 2093 50 57 92 68 0
2093 ORDER 2094 29 9 61 68 0
2093 BLOCK 68 21
2094 UNBLOCK 31 57
2094 ORDER 2095 69 33 67 68 0
2095 ORDER 2096 46 18 34 68 0
2096 ORDER 2097 47 6 48 67 1
2097 ORDER 2098 28 38 2 51 1
2098 ORDER 2099 40 27 43 68 0
2099 ORDER 2100 87 30 12 67 0
2100 ORDER 2101 48 5 88 68 2
2101 ORDER 2102 43 32 30 67 1
2102 CANCEL 2057
2102 ORDER 2103 66 14 1 53 1
2103 ORDER 2104 7 63 1 4 0
2104 UNBLOCK 8 44
2104 ORDER 2105 13 65 2 38 1
2105 ORDER 2106 16 9 2 18 0
2106 ORDER 2107 9 53 3 26 0
2107 ORDER 2108 85 44 1 44 0
2108 ORDER 2109 9 29 2 30 0
2109 UNBLOCK 71 29
2109 ORDER 2110 45 41 78 67 1
2110 ORDER 2111 77 20 65 67 0
2111 ORDER 2112 37 51 3 12 1
2112 ORDER 2113 18 23 25 67 0
2113 ORDER 2114 42 5 91 67 1
2113 BLOCK 58 32
2114 UNBLOCK 18 45
2114 ORDER 2115 56 60 22 67 0
2115 ORDER 2116 89 26 1 19 0
2116 ORDER 2117 63 59 96 67 2
2117 ORDER 2118 61 44 2 61 0
2118 ORDER 2119 30 8 88 67 0
2119 ORDER 2120 44 29 27 67 0
2120 UNBLOCK 19 54
2120 ORDER 2121 27 12 26 67 0
2121 ORDER 2122 46 36 35 67 1
2122 ORDER 2123 74 8 44 68 0
2123 ORDER 2124 15 42 1 53 1
2124 ORDER 2125 73 38 1 25 0
2125 ORDER 2126 6 50 1 18 0
2126 ORDER 2127 10 53 40 67 0
2127 ORDER 2128 62 5 44 67 0
2128 ORDER 2129 62 3 1 16 0
2129 CANCEL 2086
2129 ORDER 2130 86 15 85 67 0
2130 ORDER 2131 51 18 1 7 1
2131 ORDER 2132 87 50 2 8 1
2132 UNBLOCK 38 68
2132 UNBLOCK 48 66
2132 ORDER 2133 71 11 1 48 0
2133 UNBLOCK 58 32
2133 ORDER 2134 89 56 29 67 0
2134 ORDER 2135 12 65 81 67 0
2135 ORDER 2136 26 44 77 67 0
2136 ORDER 2137 65 62 1 38 1
2137 ORDER 2138 31 27 1 3 0
2138 ORDER 2139 46 51 2 37 0
2139 ORDER 2140 52 18 1 57 3
2140 UNBLOCK 40 50
2140 ORDER 2141 72 24 59 67 2
2141 ORDER 2142 56 65 1 54 0
2141 BLOCK 88 35
2142 ORDER 2143 83 62 2 63 0
2143 ORDER 2144 14 26 1 21 2
2144 ORDER 2145 20 53 1 40 0
2145 ORDER 2146 70 6 2 15 0
2146 ORDER 2147 85 60 1 59 0
2147 ORDER 2148 82 27 2 40 0
2148 ORDER 2149 51 8 34 68 0
2149 ORDER 2150 63 32 44 67 0
2150 ORDER 2151 66 41 21 68 0
2151 ORDER 2152 80 63 82 67 1
2151 BLOCK 39 24
2152 ORDER 2153 9 24 82 68 0
2153 UNBLOCK 21 43
2153 ORDER 2154 89 65 2 28 0
2154 ORDER 2155 8 15 52 68 0
2155 UNBLOCK 85 24
2155 ORDER 2156 7 18 3 2 0
2156 ORDER 2157 32 30 7 68 0
2157 ORDER 2158 92 54 7 67 0
2158 ORDER 2159 55 42 81 67 0
2158 BLOCK 20 21
2159 ORDER 2160 52 26 76 68 0
2160 ORDER 2161 93 21 85 68 1
2160 BLOCK 49 32
2161 ORDER 2162 75 35 59 68 0
2162 ORDER 2163 17 8 2 44 0
2163 ORDER 2164 89 6 30 68 1
2164 ORDER 2165 25 48 54 68 2
2165 ORDER 2166 33 62 22 67 0
2166 ORDER 2167 58 44 22 67 0
2167 ORDER 2168 57 29 1 26 0
2168 UNBLOCK 41 57
2168 ORDER 2169 70 48 2 7 0
2169 ORDER 2170 31 19 85 67 1
2169 BLOCK 62 47
2170 ORDER 2171 29 59 22 68 0
2171 ORDER 2172 66 38 21 67 0
2172 ORDER 2173 87 24 3 30 0
2173 CANCEL 2123
2173 ORDER 2174 91 51 4 68 1
2174 ORDER 2175 47 6 1 36 0
2175 UNBLOCK 88 35
2175 ORDER 2176 39 51 97 68 2
2175 BLOCK 9 3
2176 ORDER 2177 86 48 82 67 0
2177 ORDER 2178 49 11 1 5 0
2178 ORDER 2179 72 42 1 32 2
2179 ORDER 2180 23 18 61 68 1
2180 ORDER 2181 12 33 91 68 1
2181 ORDER 2182 83 27 38 68 0
2182 ORDER 2183 87 62 3 66 1
2183 ORDER 2184 45 65 28 68 0
2183 BLOCK 6 3
2184 ORDER 2185 23 32 2 53 3
2185 ORDER 2186 9 23 74 68 0
2186 ORDER 2187 86 63 58 68 0
2187 UNBLOCK 68 21
2187 ORDER 2188 86 62 3 51 0
2188 ORDER 2189 30 38 51 68 1
2189 ORDER 2190 28 41 1 46 3
2190 ORDER 2191 38 27 49 68 0
2191 ORDER 2192 56 26 1 16 0
2192 ORDER 2193 91 53 76 68 2
2193 ORDER 2194 75 44 38 67 0
2194 ORDER 2195 70 39 1 12 3
2194 BLOCK 61 62
2195 ORDER 2196 21 54 34 68 0
2195 BLOCK 8 33
2196 ORDER 2197 72 50 3 13 1
2196 BLOCK 65 24
2197 ORDER 2198 10 40 1 62 0
2198 ORDER 2199 39 24 3 47 1
2199 ORDER 2200 46 18 85 67 0
2199 BLOCK 91 59
2200 ORDER 2201 23 24 3 55 0
2201 ORDER 2202 92 35 2 60 0
2202 ORDER 2203 20 27 47 67 0
2202 BLOCK 58 45
2203 ORDER 2204 17 11 3 24 1
2204 UNBLOCK 6 3
2204 ORDER 2205 19 35 2 38 0
2204 BLOCK 61 56
2205 UNBLOCK 49 32
2205 ORDER 2206 77 17 12 68 0
2205 BLOCK 44 3
2206 ORDER 2207 27 33 3 22 0
2206 BLOCK 49 7
2207 ORDER 2208 70 29 3 48 0
2208 ORDER 2209 38 15 1 2 0
2208 BLOCK 79 57
2209 ORDER 2210 14 47 96 67 1
2210 ORDER 2211 28 27 3 37 0
2211 ORDER 2212 7 17 3 11 0
2212 UNBLOCK 39 24
2212 ORDER 2213 80 33 3 47 0
2213 ORDER 2214 65 23 34 67 0
2214 ORDER 2215 48 62 20 67 1
2214 BLOCK 55 54
2215 ORDER 2216 68 26 2 32 1
2215 BLOCK 75 9
2216 ORDER 2217 57 50 1 48 0
2217 UNBLOCK 62 47
2217 ORDER 2218 17 32 2 7 0
2218 ORDER 2219 24 3 19 68 0
2219 ORDER 2220 39 51 54 67 0
2219 BLOCK 85 39
2220 ORDER 2221 6 59 92 67 0
2220 BLOCK 55 47
2221 ORDER 2222 18 3 47 67 0
2222 ORDER 2223 90 23 3 8 1
2223 ORDER 2224 37 15 1 47 0
2224 ORDER 2225 49 45 2 34 0
2225 UNBLOCK 20 21
2225 ORDER 2226 57 35 1 26 0
2226 UNBLOCK 8 33
2226 ORDER 2227 90 65 87 68 3
2227 ORDER 2228 33 5 73 67 2
2227 CANCEL 102228
2228 ORDER 2229 41 63 33 68 0
2228 BLOCK 42 18
2229 ORDER 2230 7 38 43 68 0
2229 BLOCK 17 45
2230 ORDER 2231 62 8 2 61 1
2231 ORDER 2232 95 6 63 68 1
2232 ORDER 2233 32 33 3 63 0
2233 UNBLOCK 55 47
2233 ORDER 2234 62 47 53 67 1
2234 UNBLOCK 58 45
2234 ORDER 2235 18 24 34 67 0
2235 ORDER 2236 39 65 1 43 0
2236 ORDER 2237 11 12 2 59 0
2237 ORDER 2238 19 23 23 67 0
2238 ORDER 2239 32 41 1 4 3
2239 ORDER 2240 27 47 2 37 3
2240 ORDER 2241 91 51 1 49 0
2241 ORDER 2242 47 24 74 67 0
2242 ORDER 2243 70 60 88 68 0
2243 ORDER 2244 57 11 3 58 0
2244 ORDER 2245 73 27 2 44 1
2245 ORDER 2246 88 42 3 17 1
2246 ORDER 2247 20 45 58 68 1
2247 CANCEL 2157
2247 UNBLOCK 79 57
2247 ORDER 2248 58 53 56 68 0
2248 ORDER 2249 67 9 1 42 2
2249 ORDER 2250 20 54 3 18 2
2250 ORDER 2251 67 36 51 68 0
2251 ORDER 2252 11 38 80 68 0
2252 ORDER 2253 46 54 87 68 0
2252 BLOCK 77 27
2253 ORDER 2254 23 12 2 29 1
2253 BLOCK 15 53
2254 ORDER 2255 31 29 61 68 0
2255 UNBLOCK 61 62
2255 ORDER 2256 50 60 2 37 0
2256 UNBLOCK 61 56
2256 ORDER 2257 7 45 48 67 0
2257 ORDER 2258 45 53 3 16 0
2258 UNBLOCK 85 39
2258 ORDER 2259 65 39 1 20 0
2259 ORDER 2260 30 54 3 41 1
2259 CANCEL 102260
2260 ORDER 2261 90 36 1 53 0
2260 CANCEL 102261
2261 UNBLOCK 42 18
2261 ORDER 2262 32 30 7 67 0
2262 ORDER 2263 29 48 2 5 0
2263 CANCEL 2078
2263 ORDER 2264 72 42 52 68 0
2264 ORDER 2265 84 23 17 67 0
2265 ORDER 2266 69 30 34 67 0
2266 UNBLOCK 65 24
2266 ORDER 2267 52 48 93 68 1
2267 ORDER 2268 62 27 4 67 2
2267 BLOCK 69 11
2268 UNBLOCK 77 27
2268 ORDER 2269 81 27 17 68 1
2269 UNBLOCK 55 54
2269 ORDER 2270 23 11 1 35 0
2270 ORDER 2271 11 45 20 68 0
2270 BLOCK 48 36
2271 ORDER 2272 52 63 2 14 0
2272 ORDER 2273 85 51 71 67 0
2273 ORDER 2274 46 38 31 68 1
2274 UNBLOCK 9 3
2274 ORDER 2275 70 57 1 55 0
2275 ORDER 2276 91 50 3 40 2
2276 ORDER 2277 86 47 66 68 0
2277 ORDER 2278 90 39 31 67 1
2278 CANCEL 2168
2278 ORDER 2279 52 15 82 67 2
2279 ORDER 2280 11 9 1 36 0
2280 ORDER 2281 65 54 81 67 0
2280 BLOCK 56 2
2281 ORDER 2282 8 60 2 53 0
2282 ORDER 2283 66 42 9 67 1
2283 ORDER 2284 18 30 43 67 0
2284 ORDER 2285 62 23 1 55 3
2285 ORDER 2286 90 17 3 2 1
2285 BLOCK 56 15
2286 ORDER 2287 51 15 55 67 0
2287 ORDER 2288 68 65 1 52 0
2287 BLOCK 72 34
2288 ORDER 2289 63 35 63 68 1
2289 ORDER 2290 94 53 22 67 0
2290 UNBLOCK 49 7
2290 ORDER 2291 11 42 3 23 0
2291 UNBLOCK 91 59
2291 UNBLOCK 44 3
2291 ORDER 2292 35 33 1 59 0
2292 ORDER 2293 81 20 3 58 0
2293 ORDER 2294 87 45 3 65 0
2294 UNBLOCK 56 2
2294 ORDER 2295 93 38 27 67 0
2295 ORDER 2296 55 56 1 44 3
2295 BLOCK 18 1
2296 ORDER 2297 22 38 2 36 0
2297 UNBLOCK 17 45
2297 ORDER 2298 35 12 3 21 0
2298 ORDER 2299 66 18 36 67 3
2299 ORDER 2300 35 17 3 66 0
2300 ORDER 2301 95 60 59 67 1
2301 ORDER 2302 20 47 3 54 1
2302 ORDER 2303 54 57 3 1 2
2303 ORDER 2304 8 21 2 2 0
2304 ORDER 2305 84 53 83 67 0
2305 UNBLOCK 75 9
2305 ORDER 2306 32 23 57 68 1
2306 ORDER 2307 37 50 3 14 0
2307 ORDER 2308 89 26 1 22 2
2307 BLOCK 23 1
2308 ORDER 2309 92 9 2 1 3
2309 ORDER 2310 25 60 2 47 3
2310 ORDER 2311 37 17 2 55 0
2311 ORDER 2312 44 14 2 32 1
2312 CANCEL 2264
2312 ORDER 2313 29 33 98 68 0
2313 ORDER 2314 83 48 2 52 1
2314 ORDER 2315 6 24 1 2 0
2315 ORDER 2316 90 24 2 3 0
2316 ORDER 2317 86 9 64 68 0
2317 ORDER 2318 92 39 35 68 0
2318 ORDER 2319 85 35 1 20 0
2319 ORDER 2320 15 3 50 68 0
2319 BLOCK 73 26
2320 ORDER 2321 79 36 44 68 0
2321 ORDER 2322 10 47 1 30 0
2322 ORDER 2323 55 45 95 68 0
2322 BLOCK 86 44
2323 ORDER 2324 79 60 18 67 0
2324 ORDER 2325 72 30 29 67 1
2325 ORDER 2326 48 26 68 67 0
2326 CANCEL 2213
2326 ORDER 2327 56 6 3 30 0
2327 ORDER 2328 43 57 2 61 1
2328 ORDER 2329 61 15 2 29 0
2329 ORDER 2330 64 29 3 13 0
2330 ORDER 2331 79 8 35 68 0
2331 ORDER 2332 52 60 73 68 0
2331 BLOCK 18 12
2332 ORDER 2333 87 11 14 67 0
2333 ORDER 2334 67 42 80 67 1
2334 ORDER 2335 42 30 53 68 0
2335 ORDER 2336 73 20 50 67 0
2336 ORDER 2337 90 16 62 67 0
2337 ORDER 2338 66 60 3 67 1
2338 ORDER 2339 37 59 2 8 0
2338 BLOCK 51 47
2339 UNBLOCK 48 36
2339 ORDER 2340 78 27 1 64 0
2339 BLOCK 56 26
2340 ORDER 2341 20 24 3 62 1
2341 ORDER 2342 70 20 3 55 0
2341 BLOCK 9 15
2342 ORDER 2343 83 42 2 59 0
2343 ORDER 2344 49 30 1 64 0
2344 UNBLOCK 72 34
2344 ORDER 2345 18 8 2 26 0
2345 ORDER 2346 47 53 1 64 0
2346 ORDER 2347 26 23 38 68 0
2347 ORDER 2348 40 27 11 67 0
2348 ORDER 2349 67 9 1 44 2
2348 BLOCK 59 47
2349 ORDER 2350 32 20 7 67 2
2350 UNBLOCK 56 26
2350 ORDER 2351 47 18 3 32 0
2351 UNBLOCK 15 53
2351 ORDER 2352 57 3 3 57 1
2352 ORDER 2353 83 62 3 35 2
2353 ORDER 2354 70 5 1 44 0
2354 UNBLOCK 56 15
2354 ORDER 2355 36 60 1 43 0
2354 BLOCK 8 38
2355 ORDER 2356 77 12 7 67 0
2356 UNBLOCK 18 1
2356 ORDER 2357 67 57 1 41 1
2356 BLOCK 47 68
2357 CANCEL 2290
2357 ORDER 2358 67 12 2 7 0
2358 ORDER 2359 27 33 75 68 1
2359 CANCEL 2277
2359 ORDER 2360 62 30 85 67 0
2360 ORDER 2361 36 24 1 64 0
2361 ORDER 2362 87 11 2 41 1
2362 CANCEL 2262
2362 ORDER 2363 29 20 77 68 0
2363 ORDER 2364 39 5 18 67 1
2364 UNBLOCK 69 11
2364 UNBLOCK 51 47
2364 CANCEL 2355
2364 ORDER 2365 84 38 64 67 1
2365 ORDER 2366 65 47 38 67 1
2366 ORDER 2367 57 14 3 24 0
2366 BLOCK 35 3
2367 ORDER 2368 6 30 60 68 0
2368 UNBLOCK 9 15
2368 ORDER 2369 56 3 35 67 0
2369 ORDER 2370 29 51 2 25 1
2370 UNBLOCK 8 38
2370 ORDER 2371 61 38 21 67 1
2370 BLOCK 84 51
2371 ORDER 2372 52 50 54 68 0
2372 ORDER 2373 60 50 1 19 0
2373 ORDER 2374 61 36 31 68 1
2374 ORDER 2375 25 15 79 67 1
2375 ORDER 2376 66 44 3 68 1
2376 ORDER 2377 45 3 66 68 3
2377 ORDER 2378 91 8 89 68 1
2377 BLOCK 22 33
2378 ORDER 2379 81 9 1 12 0
2379 UNBLOCK 86 44
2379 ORDER 2380 54 4 2 3 1
2380 ORDER 2381 47 51 85 67 1
2381 ORDER 2382 73 47 7 68 0
2382 ORDER 2383 51 26 47 67 0
2383 ORDER 2384 24 3 84 67 0
2384 ORDER 2385 7 63 73 68 0
2385 UNBLOCK 84 51
2385 ORDER 2386 37 8 1 31 0
2386 ORDER 2387 67 9 22 67 1
2387 ORDER 2388 33 39 3 8 0
2388 UNBLOCK 23 1
2388 ORDER 2389 6 17 2 22 1
2389 ORDER 2390 49 26 2 1 0
2390 ORDER 2391 71 48 1 39 0
2391 ORDER 2392 70 24 1 23 1
2391 BLOCK 76 21
2392 ORDER 2393 84 21 91 68 0
2392 BLOCK 5 62
2393 ORDER 2394 82 17 3 13 0
2394 CANCEL 2230
2394 ORDER 2395 8 29 1 39 2
2395 ORDER 2396 74 47 2 37 0
2396 UNBLOCK 73 26
2396 ORDER 2397 58 23 61 67 0
2396 BLOCK 16 54
2397 ORDER 2398 75 15 29 67 1
2398 ORDER 2399 31 53 95 68 1
2399 ORDER 2400 90 48 54 67 2
2400 ORDER 2401 48 47 13 68 0
2401 ORDER 2402 19 11 51 67 1
2402 ORDER 2403 94 24 3 15 0
2403 ORDER 2404 73 20 44 67 0
2404 ORDER 2405 42 9 24 68 1
2405 ORDER 2406 32 56 1 19 0
2406 ORDER 2407 23 14 2 57 0
2407 ORDER 2408 10 62 98 67 1
2408 ORDER 2409 49 35 27 68 1
2409 ORDER 2410 62 45 24 67 1
2410 UNBLOCK 59 47
2410 ORDER 2411 13 23 2 64 0
2411 ORDER 2412 11 26 35 68 1
2412 ORDER 2413 42 35 25 68 0
2413 ORDER 2414 47 26 2 13 0
2414 ORDER 2415 90 36 13 67 1
2415 ORDER 2416 92 51 46 68 1
2416 ORDER 2417 13 30 1 60 0
2416 BLOCK 57 67
2417 ORDER 2418 71 24 63 68 0
2418 ORDER 2419 37 44 2 38 0
2419 ORDER 2420 36 15 3 47 0
2420 ORDER 2421 12 18 30 68 1
2421 ORDER 2422 82 29 59 67 3
2422 ORDER 2423 73 6 3 9 0
2422 BLOCK 49 51
2423 ORDER 2424 78 27 2 66 0
2424 ORDER 2425 79 14 61 68 0
2425 ORDER 2426 20 62 1 2 0
2426 UNBLOCK 18 12
2426 ORDER 2427 44 27 1 27 3
2427 ORDER 2428 71 38 2 67 2
2428 ORDER 2429 68 44 2 44 0
2429 ORDER 2430 20 44 1 24 1
2430 ORDER 2431 21 26 30 67 2
2431 UNBLOCK 57 67
2431 ORDER 2432 26 35 76 67 0
2432 ORDER 2433 82 15 76 67 2
2433 ORDER 2434 70 24 28 68 0
2434 ORDER 2435 64 41 3 48 1
2435 ORDER 2436 19 21 1 4 1
2436 ORDER 2437 28 51 13 68 2
2437 ORDER 2438 64 3 2 18 0
2437 BLOCK 6 9
2438 ORDER 2439 43 57 14 68 0
2438 BLOCK 38 44
2439 ORDER 2440 57 50 97 68 0
2440 UNBLOCK 5 62
2440 ORDER 2441 91 57 3 4 1
2441 CANCEL 2388
2441 ORDER 2442 80 36 74 67 2
2442 CANCEL 2281
2442 UNBLOCK 49 51
2442 ORDER 2443 20 9 1 5 2
2443 ORDER 2444 7 50 47 68 0
2444 UNBLOCK 47 68
2444 ORDER 2445 75 33 12 67 0
2445 ORDER 2446 92 23 3 23 0
2446 ORDER 2447 12 41 48 67 0
2447 CANCEL 2416
2447 ORDER 2448 20 11 3 44 0
2448 ORDER 2449 80 29 13 68 0
2449 ORDER 2450 33 42 1 49 3
2450 ORDER 2451 30 54 2 53 2
2451 ORDER 2452 92 14 2 19 0
2452 ORDER 2453 19 45 1 9 0
2453 ORDER 2454 58 56 57 67 3
2454 ORDER 2455 94 29 1 65 0
2454 BLOCK 94 34
2455 ORDER 2456 74 45 2 14 0
2455 BLOCK 84 32
2456 ORDER 2457 35 41 17 67 0
2457 ORDER 2458 90 59 2 28 3
2458 ORDER 2459 33 9 3 64 0
2459 ORDER 2460 14 3 5 68 0
2460 ORDER 2461 86 62 1 66 2
2461 ORDER 2462 73 12 1 65 0
2462 ORDER 2463 31 15 45 67 1
2462 BLOCK 59 67
2463 UNBLOCK 16 54
2463 ORDER 2464 19 41 2 29 1
2464 ORDER 2465 29 60 1 51 0
2465 ORDER 2466 27 20 1 66 2
2466 UNBLOCK 35 3
2466 ORDER 2467 6 65 1 51 0
2467 ORDER 2468 63 38 11 68 1
2468 UNBLOCK 38 44
2468 ORDER 2469 92 9 15 68 3
2469 ORDER 2470 38 5 2 30 0
2470 ORDER 2471 18 18 26 67 0
2471 CANCEL 2336
2471 ORDER 2472 19 45 44 67 1
2472 UNBLOCK 22 33
2472 UNBLOCK 76 21
2472 ORDER 2473 56 42 94 68 0
2473 ORDER 2474 70 9 20 67 0
2473 BLOCK 30 21
2474 ORDER 2475 86 17 2 63 1
2475 ORDER 2476 87 18 29 68 1
2476 ORDER 2477 31 30 61 67 0
2477 ORDER 2478 9 39 3 39 0
2478 ORDER 2479 57 44 73 68 1
2479 ORDER 2480 93 44 49 67 1
2480 ORDER 2481 89 57 2 7 1
2480 BLOCK 32 51
2481 ORDER 2482 95 8 7 68 0
2482 ORDER 2483 9 6 3 46 0
2483 ORDER 2484 81 21 16 68 0
2484 UNBLOCK 6 9
2484 ORDER 2485 40 30 58 68 0
2485 ORDER 2486 57 50 65 67 0
2486 ORDER 2487 24 5 97 68 2
2487 ORDER 2488 71 29 1 64 0
2488 ORDER 2489 45 30 41 68 2
2489 ORDER 2490 87 59 47 67 0
2490 ORDER 2491 80 60 1 37 0
2491 ORDER 2492 52 8 1 24 1
2492 ORDER 2493 67 65 36 67 2
2493 ORDER 2494 73 38 1 59 1
2494 ORDER 2495 10 27 93 68 0
2494 BLOCK 29 45
2495 ORDER 2496 53 53 16 68 0
2495 BLOCK 26 3
2496 ORDER 2497 16 42 2 35 1
2497 ORDER 2498 8 20 2 13 0
2498 ORDER 2499 42 3 68 68 1
2498 BLOCK 89 62
2499 ORDER 2500 27 23 1 37 0
2499 BLOCK 90 32
