50 40 1500
##################################################
#.....C.C.C.C.C.C.C.C.C.C.C.C.C.C................#
#................................................#
#................................................#
#.....######..#########..#######..#######..###...#
#................................................#
#................................................#
#.....#######..########..#########..######..##...#
#................................................#
#................................................#
#.....#########..######..#######..#########..#...#
#................................................#
#................................................#
#.....#######..#######..#######..#######..####...#
#................................................#
#................................................#
#.....########..#######..########..#######..##...#
#................................................#
#................................................#
#.....#######..#######..######..#######..#####...#
#................................................#
#................................................#
#.....#######..#######..######..#######..#####...#
#................................................#
#................................................#
#.....#########..######..########..########..#...#
#................................................#
#................................................#
#.....######..########..########..######..####...#
#................................................#
#................................................#
#.....########..#######..########..######..###...#
#................................................#
#................................................#
#.....########..#######..#######..######..####...#
#................................................#
#................................................#
#................................................#
#................................................#
##################################################
PARAMS 720 36 180 30 50 3 150 3
ROBOTS 80
10 9
33 9
13 27
11 38
24 35
24 25
14 5
25 15
18 23
8 14
14 37
2 38
27 18
45 35
47 7
16 9
27 15
29 32
11 2
46 10
11 21
29 8
33 24
46 3
38 18
39 17
29 29
40 15
36 38
28 20
24 18
20 26
39 22
41 35
26 33
27 38
32 12
1 2
35 18
9 18
40 33
22 35
17 35
7 27
27 14
15 31
35 15
8 30
11 32
33 28
2 22
5 21
42 32
18 30
46 20
1 25
25 37
9 5
36 3
28 21
17 14
2 31
15 32
38 24
10 35
27 37
1 28
9 12
27 30
21 12
31 14
32 33
43 14
26 21
13 23
39 14
10 30
39 6
19 14
48 2
EVENTS 1345
0 ORDER 1 29 18 3 13 0
1 ORDER 2 33 12 43 38 0
2 ORDER 3 18 23 3 6 0
3 ORDER 4 35 33 10 37 1
4 ORDER 5 10 32 44 37 2
5 ORDER 6 35 9 15 37 1
6 ORDER 7 41 26 3 8 0
7 ORDER 8 14 26 14 38 0
8 ORDER 9 27 3 2 26 1
9 ORDER 10 20 11 45 38 3
11 ORDER 11 29 29 18 38 0
12 ORDER 12 27 14 3 32 1
13 ORDER 13 8 17 34 37 0
14 ORDER 14 19 24 46 38 1
17 ORDER 15 19 27 31 38 0
18 ORDER 16 41 18 3 24 2
19 ORDER 17 29 35 32 37 2
21 ORDER 18 6 12 26 38 0
22 ORDER 19 38 9 26 38 1
23 ORDER 20 36 34 6 37 2
24 ORDER 21 8 5 24 38 0
25 ORDER 22 35 20 1 8 0
26 ORDER 23 28 9 1 6 1
27 ORDER 24 38 30 47 38 0
28 ORDER 25 13 26 2 30 1
29 ORDER 26 20 3 31 37 0
30 ORDER 27 22 15 1 14 1
31 ORDER 28 17 26 3 22 2
32 ORDER 29 15 27 1 2 0
33 ORDER 30 7 11 3 11 0
34 ORDER 31 28 29 1 8 3
36 ORDER 32 28 27 41 37 3
37 ORDER 33 26 35 3 34 1
38 ORDER 34 36 6 10 37 1
39 ORDER 35 25 8 3 21 0
40 ORDER 36 39 8 1 18 0
41 ORDER 37 42 26 3 13 0
42 ORDER 38 18 29 12 37 1
45 ORDER 39 36 32 33 38 0
47 ORDER 40 29 12 17 37 0
48 ORDER 41 34 3 1 13 0
49 ORDER 42 17 29 2 1 1
50 ORDER 43 9 11 11 38 1
51 ORDER 44 11 18 20 37 0
52 ORDER 45 45 3 13 37 1
53 ORDER 46 14 5 2 17 0
54 ORDER 47 12 8 2 38 0
55 ORDER 48 30 17 8 38 2
56 ORDER 49 13 9 1 18 1
57 ORDER 50 19 17 2 9 0
58 ORDER 51 17 27 47 37 1
59 ORDER 52 41 9 7 37 3
60 ORDER 53 6 17 3 25 0
61 ORDER 54 17 24 3 13 1
62 ORDER 55 12 11 2 19 0
63 ORDER 56 10 30 45 37 0
65 ORDER 57 22 30 32 38 0
66 ORDER 58 28 12 14 37 0
67 ORDER 59 29 11 3 8 0
68 ORDER 60 14 3 10 37 0
69 ORDER 61 36 32 41 37 0
70 ORDER 62 11 8 42 38 0
71 ORDER 63 26 6 1 8 0
72 ORDER 64 22 8 2 20 0
73 ORDER 65 41 6 31 37 0
74 ORDER 66 25 20 3 18 0
75 ORDER 67 36 30 47 38 0
76 ORDER 68 10 14 1 23 0
77 ORDER 69 22 8 2 34 0
78 ORDER 70 45 3 47 37 0
79 ORDER 71 44 30 18 37 0
80 ORDER 72 37 14 24 38 1
81 ORDER 73 8 24 2 32 0
82 ORDER 74 31 15 1 32 0
85 ORDER 75 36 30 2 17 0
87 ORDER 76 22 11 25 38 0
88 ORDER 77 7 8 7 38 0
89 ORDER 78 35 3 24 38 1
90 ORDER 79 21 33 3 13 0
91 ORDER 80 26 33 2 17 1
92 ORDER 81 38 29 44 38 1
93 ORDER 82 43 32 4 37 2
95 ORDER 83 18 17 29 38 0
97 ORDER 84 8 27 22 38 1
98 ORDER 85 44 30 48 37 0
99 ORDER 86 8 30 9 38 3
100 ORDER 87 12 14 1 22 0
101 ORDER 88 31 29 27 37 0
102 ORDER 89 15 23 2 34 0
103 ORDER 90 34 21 1 15 0
104 ORDER 91 29 23 47 38 2
106 ORDER 92 10 6 43 38 0
107 ORDER 93 26 29 45 37 0
108 ORDER 94 36 20 32 38 0
109 ORDER 95 30 29 1 17 2
111 ORDER 96 32 26 42 37 0
112 ORDER 97 10 24 29 37 0
113 ORDER 98 21 3 1 29 0
114 ORDER 99 25 9 1 10 3
115 ORDER 100 42 14 11 38 0
117 ORDER 101 12 12 3 38 2
118 ORDER 102 44 14 43 37 0
119 ORDER 103 26 35 3 37 1
120 ORDER 104 28 8 3 31 2
121 ORDER 105 7 17 1 30 3
122 ORDER 106 45 32 2 31 0
123 ORDER 107 18 20 30 37 3
125 ORDER 108 37 29 33 37 0
126 ORDER 109 45 27 33 37 0
127 ORDER 110 16 32 31 37 0
128 CANCEL 65
128 ORDER 111 29 26 3 5 1
129 ORDER 112 21 33 2 6 1
130 ORDER 113 36 29 25 38 2
131 ORDER 114 13 15 3 8 1
132 ORDER 115 20 11 3 26 1
133 ORDER 116 35 30 1 6 2
134 ORDER 117 40 17 1 6 0
135 ORDER 118 25 12 25 37 0
136 ORDER 119 15 12 1 15 0
137 ORDER 120 30 8 36 38 1
138 ORDER 121 30 27 11 38 0
139 ORDER 122 12 32 45 37 0
140 ORDER 123 11 8 2 35 0
142 ORDER 124 37 24 32 37 0
143 ORDER 125 45 32 35 37 0
144 ORDER 126 11 3 3 38 1
144 BLOCK 5 7
145 ORDER 127 12 32 1 11 0
146 ORDER 128 35 11 2 8 0
147 ORDER 129 35 35 14 37 2
148 ORDER 130 20 18 13 37 0
149 ORDER 131 44 35 46 38 0
150 ORDER 132 19 3 2 26 1
151 ORDER 133 31 6 37 37 0
154 ORDER 134 44 29 2 20 1
155 ORDER 135 35 15 2 34 0
156 ORDER 136 37 3 3 28 0
157 ORDER 137 16 8 9 38 0
158 ORDER 138 7 18 1 15 0
159 ORDER 139 18 15 3 2 1
160 ORDER 140 45 9 2 1 0
162 ORDER 141 9 24 44 37 1
163 ORDER 142 39 26 2 14 0
164 ORDER 143 28 23 1 37 0
167 ORDER 144 17 23 25 38 0
168 ORDER 145 31 35 3 30 0
168 BLOCK 44 21
169 ORDER 146 7 17 2 3 0
170 ORDER 147 36 27 46 37 1
172 ORDER 148 25 15 2 22 1
173 ORDER 149 15 23 3 36 0
174 ORDER 150 16 21 1 22 0
175 ORDER 151 21 5 42 37 0
176 ORDER 152 41 8 14 37 0
177 ORDER 153 18 15 3 8 1
178 ORDER 154 25 18 1 16 0
180 ORDER 155 44 6 2 25 1
181 ORDER 156 27 6 30 37 1
182 ORDER 157 30 6 1 25 0
183 ORDER 158 39 3 1 20 0
186 ORDER 159 39 12 2 25 0
187 ORDER 160 40 11 41 38 1
187 BLOCK 41 37
188 ORDER 161 32 30 3 20 0
189 ORDER 162 17 5 26 37 2
190 ORDER 163 27 30 2 26 0
191 ORDER 164 30 27 8 38 1
192 ORDER 165 20 30 1 26 2
193 ORDER 166 7 5 3 1 0
195 ORDER 167 27 11 48 37 0
196 ORDER 168 15 27 35 38 1
197 ORDER 169 15 29 3 12 0
198 ORDER 170 40 5 7 38 0
199 ORDER 171 10 23 8 38 1
200 ORDER 172 22 32 2 29 0
201 ORDER 173 45 29 2 7 0
202 ORDER 174 45 8 14 37 0
203 ORDER 175 14 24 2 18 0
204 ORDER 176 19 18 3 21 1
205 ORDER 177 6 18 2 20 1
206 ORDER 178 42 11 3 27 0
207 ORDER 179 40 15 3 31 2
208 ORDER 180 38 30 37 38 1
209 ORDER 181 27 20 27 38 2
210 ORDER 182 29 23 20 38 0
213 CANCEL 75
213 ORDER 183 31 32 3 25 0
214 ORDER 184 32 15 3 37 2
215 ORDER 185 27 12 8 38 0
216 ORDER 186 19 5 7 38 0
217 ORDER 187 25 33 1 36 0
218 ORDER 188 28 21 1 4 0
219 ORDER 189 26 12 1 33 0
220 ORDER 190 7 5 5 37 0
221 CANCEL 44
221 ORDER 191 26 11 19 37 0
222 ORDER 192 19 23 1 4 0
223 ORDER 193 30 35 29 38 1
226 ORDER 194 16 12 1 7 1
227 ORDER 195 7 26 3 3 1
228 ORDER 196 24 14 1 27 0
229 ORDER 197 44 33 35 38 0
231 ORDER 198 28 27 1 34 0
232 ORDER 199 17 29 2 29 3
234 ORDER 200 16 12 1 4 0
235 ORDER 201 28 23 1 27 2
236 CANCEL 152
236 ORDER 202 11 5 1 5 0
237 ORDER 203 28 18 1 33 0
238 ORDER 204 6 9 1 2 0
239 ORDER 205 25 5 1 32 1
240 ORDER 206 24 27 1 7 1
241 ORDER 207 9 24 3 5 1
242 ORDER 208 42 26 2 35 0
243 ORDER 209 45 18 43 38 1
244 ORDER 210 14 5 34 37 0
245 ORDER 211 6 26 9 37 0
246 ORDER 212 45 23 3 22 0
246 BLOCK 42 38
247 ORDER 213 35 5 3 34 2
248 ORDER 214 28 33 2 13 0
250 ORDER 215 31 11 31 37 0
251 ORDER 216 36 15 5 38 0
252 ORDER 217 7 33 24 37 1
253 UNBLOCK 5 7
253 ORDER 218 11 17 1 27 2
254 ORDER 219 6 14 1 2 1
255 ORDER 220 20 32 41 38 0
256 ORDER 221 25 23 20 37 1
257 ORDER 222 24 18 44 37 0
258 ORDER 223 28 3 23 38 1
259 ORDER 224 17 17 9 37 3
259 BLOCK 17 14
260 UNBLOCK 44 21
261 ORDER 225 20 8 34 38 0
262 ORDER 226 10 21 1 5 1
263 ORDER 227 18 24 10 38 0
264 ORDER 228 25 15 16 37 2
265 CANCEL 187
265 ORDER 229 10 5 3 31 0
266 ORDER 230 28 27 2 12 1
267 ORDER 231 44 15 2 5 1
268 ORDER 232 44 27 2 3 0
269 ORDER 233 25 20 1 37 1
270 ORDER 234 17 35 3 33 3
271 ORDER 235 26 5 19 37 0
272 ORDER 236 34 20 2 26 0
273 ORDER 237 34 11 28 37 0
274 ORDER 238 24 20 3 11 1
275 UNBLOCK 41 37
275 ORDER 239 32 17 1 27 0
276 ORDER 240 6 26 3 31 1
277 ORDER 241 19 9 1 20 0
278 ORDER 242 19 5 2 5 0
279 ORDER 243 36 32 2 16 2
280 ORDER 244 34 33 8 38 1
281 ORDER 245 30 15 2 30 3
283 ORDER 246 9 19 1 24 0
285 ORDER 247 20 12 2 13 0
286 ORDER 248 9 8 41 38 1
287 ORDER 249 22 11 1 16 1
288 ORDER 250 29 6 3 24 0
289 ORDER 251 26 26 2 22 0
290 ORDER 252 22 32 33 37 0
291 ORDER 253 32 24 46 37 0
292 ORDER 254 26 17 9 37 0
293 ORDER 255 19 3 3 21 2
295 ORDER 256 44 5 3 5 0
298 ORDER 257 45 20 35 37 1
302 ORDER 258 43 12 47 37 0
303 ORDER 259 6 30 37 37 0
304 CANCEL 128
305 ORDER 260 22 24 1 25 1
307 ORDER 261 26 23 2 37 3
308 ORDER 262 45 18 3 23 1
310 ORDER 263 12 12 20 38 2
311 ORDER 264 31 35 46 37 0
312 ORDER 265 8 18 1 11 1
314 ORDER 266 37 27 22 38 2
315 ORDER 267 28 6 44 37 0
316 ORDER 268 14 29 32 37 0
317 ORDER 269 6 6 3 36 0
318 ORDER 270 24 18 1 26 0
319 ORDER 271 28 35 35 37 0
320 ORDER 272 42 18 3 15 3
321 ORDER 273 24 29 2 25 0
322 ORDER 274 18 24 1 12 0
323 ORDER 275 12 23 29 37 1
324 UNBLOCK 42 38
324 ORDER 276 15 5 5 38 2
325 ORDER 277 7 9 45 38 1
326 ORDER 278 9 6 25 38 2
327 ORDER 279 42 33 4 37 0
327 CANCEL 100279
328 ORDER 280 43 14 25 37 0
330 ORDER 281 20 11 1 23 0
331 ORDER 282 19 29 3 26 2
333 ORDER 283 34 12 20 38 2
334 ORDER 284 35 29 3 14 0
335 ORDER 285 29 29 2 33 1
337 ORDER 286 36 26 2 15 0
338 ORDER 287 8 23 18 37 0
339 ORDER 288 38 29 1 22 0
340 ORDER 289 13 17 43 37 2
341 ORDER 290 38 18 18 38 1
342 ORDER 291 30 12 8 37 0
343 ORDER 292 28 35 2 11 0
344 ORDER 293 31 5 5 38 1
345 CANCEL 164
346 ORDER 294 9 26 22 37 0
347 ORDER 295 32 6 18 38 1
348 ORDER 296 7 30 2 35 3
349 ORDER 297 7 12 1 12 0
350 ORDER 298 12 14 36 37 0
351 ORDER 299 11 35 2 28 0
352 ORDER 300 26 5 2 26 1
353 CANCEL 206
353 ORDER 301 19 12 20 38 2
354 ORDER 302 22 5 22 37 0
355 ORDER 303 30 26 3 30 3
356 ORDER 304 42 14 22 38 0
357 ORDER 305 42 33 1 9 0
358 ORDER 306 30 32 1 36 0
359 ORDER 307 16 18 18 38 0
360 ORDER 308 22 9 4 38 0
362 ORDER 309 20 12 45 38 0
363 ORDER 310 41 21 1 20 1
365 ORDER 311 45 8 2 15 1
366 UNBLOCK 17 14
366 ORDER 312 16 5 34 38 1
367 ORDER 313 21 3 3 18 3
368 ORDER 314 15 23 3 8 0
369 ORDER 315 13 30 2 28 1
370 ORDER 316 44 18 1 7 0
371 ORDER 317 17 3 3 29 0
373 ORDER 318 27 20 20 37 0
374 ORDER 319 17 11 18 38 2
375 ORDER 320 25 23 38 38 0
376 ORDER 321 13 11 1 18 0
377 ORDER 322 27 5 1 32 0
378 ORDER 323 41 6 1 26 0
379 ORDER 324 27 33 2 12 0
380 ORDER 325 30 15 22 38 0
382 ORDER 326 38 20 3 16 3
383 ORDER 327 12 6 2 3 0
384 ORDER 328 21 30 1 38 0
385 ORDER 329 18 32 3 29 0
387 ORDER 330 45 9 6 37 0
388 CANCEL 271
388 ORDER 331 6 32 3 13 0
389 ORDER 332 21 35 2 13 0
390 ORDER 333 8 18 2 28 1
391 ORDER 334 7 6 27 37 1
392 ORDER 335 7 20 1 5 0
392 BLOCK 37 21
393 ORDER 336 9 21 1 2 0
394 ORDER 337 31 6 3 36 1
395 ORDER 338 20 26 2 15 0
396 ORDER 339 12 35 1 35 1
397 ORDER 340 29 30 1 8 0
398 ORDER 341 44 33 3 17 0
399 ORDER 342 6 21 1 19 0
400 ORDER 343 36 11 1 10 0
402 ORDER 344 16 30 45 38 1
403 ORDER 345 11 20 48 38 0
405 ORDER 346 30 27 1 34 0
406 CANCEL 346
407 ORDER 347 29 30 3 22 0
408 ORDER 348 11 32 3 3 2
409 ORDER 349 12 21 11 38 1
410 ORDER 350 37 6 1 32 3
411 ORDER 351 16 14 35 37 0
412 ORDER 352 17 29 5 37 1
413 ORDER 353 28 5 2 25 1
414 ORDER 354 35 21 3 33 2
416 ORDER 355 27 24 3 29 0
417 ORDER 356 8 24 30 37 0
418 ORDER 357 42 18 6 37 0
419 ORDER 358 32 6 2 8 0
420 ORDER 359 7 11 1 34 1
422 ORDER 360 35 15 33 37 0
423 BLOCK 5 7
425 ORDER 361 19 27 22 37 0
427 ORDER 362 32 20 3 3 0
428 ORDER 363 38 23 1 33 2
430 CANCEL 297
431 CANCEL 352
431 ORDER 364 42 35 16 38 0
433 ORDER 365 45 17 42 38 0
434 ORDER 366 43 12 26 38 0
435 BLOCK 39 29
436 ORDER 367 10 15 33 37 0
438 ORDER 368 30 4 22 38 0
439 ORDER 369 33 12 6 38 0
440 ORDER 370 28 11 10 38 0
441 ORDER 371 42 18 2 4 0
442 ORDER 372 16 35 3 11 1
443 ORDER 373 25 3 33 37 0
445 ORDER 374 32 18 20 37 0
446 ORDER 375 20 26 3 3 0
449 ORDER 376 21 11 11 37 0
451 ORDER 377 45 24 40 38 0
452 ORDER 378 11 33 14 38 0
453 ORDER 379 34 33 2 18 2
454 ORDER 380 10 26 43 37 0
455 ORDER 381 34 3 1 11 0
456 ORDER 382 35 11 1 24 2
457 ORDER 383 21 27 3 7 0
458 ORDER 384 26 20 1 6 0
459 ORDER 385 25 18 3 28 0
460 ORDER 386 10 33 26 38 1
461 ORDER 387 36 27 31 38 0
462 ORDER 388 39 32 2 10 0
463 CANCEL 358
463 ORDER 389 36 18 46 37 0
466 ORDER 390 43 32 24 38 0
467 ORDER 391 32 18 30 37 0
468 UNBLOCK 5 7
468 ORDER 392 28 17 2 14 0
469 ORDER 393 45 27 7 37 1
471 ORDER 394 30 17 18 37 2
473 ORDER 395 31 3 1 9 0
475 ORDER 396 17 12 3 29 2
477 ORDER 397 6 30 6 38 0
478 ORDER 398 8 26 3 15 0
479 ORDER 399 28 8 37 37 0
480 UNBLOCK 37 21
480 ORDER 400 36 30 45 38 0
481 ORDER 401 37 33 15 37 0
482 BLOCK 34 31
483 ORDER 402 28 8 37 37 2
484 ORDER 403 37 12 3 35 0
485 ORDER 404 7 30 32 38 0
486 ORDER 405 37 24 2 22 0
487 ORDER 406 29 32 14 37 1
488 ORDER 407 22 6 3 14 0
489 ORDER 408 30 32 3 37 0
490 ORDER 409 36 24 5 38 0
491 ORDER 410 11 9 1 35 0
492 ORDER 411 35 33 1 1 3
493 ORDER 412 8 21 2 17 0
494 ORDER 413 14 24 5 37 1
495 ORDER 414 12 12 1 11 0
496 ORDER 415 14 24 1 1 0
497 ORDER 416 11 21 2 12 3
498 ORDER 417 40 30 29 38 3
499 ORDER 418 33 20 1 3 2
502 ORDER 419 20 21 34 38 0
503 ORDER 420 21 6 1 7 0
504 ORDER 421 17 5 2 7 1
505 ORDER 422 34 18 7 38 0
506 ORDER 423 8 21 1 2 0
507 ORDER 424 27 20 8 38 3
508 ORDER 425 32 24 3 20 0
510 ORDER 426 17 5 2 10 0
511 ORDER 427 6 18 3 17 0
512 ORDER 428 7 18 8 38 0
513 ORDER 429 38 8 1 37 1
515 ORDER 430 15 27 1 34 0
516 ORDER 431 42 21 19 37 0
517 ORDER 432 28 5 3 25 0
518 ORDER 433 35 3 14 38 0
519 ORDER 434 22 5 3 25 0
520 ORDER 435 43 29 41 37 1
521 ORDER 436 35 27 1 28 1
522 ORDER 437 36 27 30 38 1
523 UNBLOCK 39 29
523 ORDER 438 15 14 3 33 0
524 ORDER 439 45 12 15 37 0
526 ORDER 440 21 35 2 37 0
527 ORDER 441 21 24 44 37 0
528 ORDER 442 15 14 2 23 1
529 ORDER 443 43 3 2 21 3
530 ORDER 444 17 5 11 37 0
531 ORDER 445 18 27 25 38 1
531 BLOCK 11 30
532 ORDER 446 12 9 21 38 0
533 ORDER 447 16 6 45 38 0
534 ORDER 448 31 9 3 4 1
535 ORDER 449 36 18 7 37 1
536 ORDER 450 38 18 30 37 1
537 ORDER 451 19 23 1 5 1
539 ORDER 452 25 6 1 7 0
540 ORDER 453 8 6 1 4 0
541 ORDER 454 39 29 35 37 1
541 BLOCK 26 3
542 ORDER 455 7 14 42 37 3
543 ORDER 456 42 33 27 38 0
544 ORDER 457 6 11 28 38 0
545 ORDER 458 20 8 35 37 1
546 ORDER 459 10 24 41 37 0
547 ORDER 460 34 20 46 38 1
548 ORDER 461 21 17 1 14 1
549 ORDER 462 29 14 13 37 1
550 ORDER 463 24 23 35 37 0
551 ORDER 464 21 27 37 38 0
553 ORDER 465 37 21 3 9 1
554 CANCEL 311
554 ORDER 466 26 12 47 37 0
555 ORDER 467 35 9 3 4 0
556 ORDER 468 9 20 2 28 0
557 ORDER 469 30 15 26 38 0
558 ORDER 470 9 18 3 35 2
559 ORDER 471 25 26 47 37 0
560 ORDER 472 45 33 27 37 0
561 ORDER 473 29 8 41 38 2
562 ORDER 474 43 29 3 30 0
563 ORDER 475 18 35 20 37 0
564 ORDER 476 35 24 37 38 2
565 ORDER 477 29 24 3 33 0
566 ORDER 478 40 17 3 11 1
567 ORDER 479 15 20 1 37 0
568 ORDER 480 11 5 2 9 0
569 ORDER 481 12 21 1 38 0
570 ORDER 482 37 3 1 34 0
571 ORDER 483 21 29 27 38 2
572 ORDER 484 16 3 47 37 1
573 ORDER 485 19 15 3 6 0
574 ORDER 486 37 18 45 38 0
575 ORDER 487 44 18 2 23 1
575 BLOCK 11 37
576 ORDER 488 36 27 2 1 1
577 CANCEL 425
577 ORDER 489 28 27 1 8 2
578 ORDER 490 10 5 3 1 2
579 ORDER 491 21 33 3 14 1
580 ORDER 492 7 30 24 38 0
581 ORDER 493 9 14 2 11 0
582 ORDER 494 9 15 2 23 0
583 ORDER 495 32 20 45 38 0
586 ORDER 496 26 3 15 38 1
587 ORDER 497 10 23 14 37 0
588 ORDER 498 19 32 4 37 0
589 ORDER 499 28 35 31 38 3
591 UNBLOCK 34 31
593 ORDER 500 24 29 2 12 0
594 ORDER 501 20 15 22 38 2
595 ORDER 502 15 23 41 38 0
596 ORDER 503 30 29 35 38 1
597 ORDER 504 26 30 1 3 1
598 ORDER 505 44 30 1 2 0
599 ORDER 506 25 27 3 7 0
600 ORDER 507 14 5 16 37 2
602 ORDER 508 20 11 1 36 0
603 ORDER 509 12 17 21 38 1
604 ORDER 510 42 14 45 37 0
605 ORDER 511 9 6 1 8 0
606 ORDER 512 39 17 11 37 0
607 UNBLOCK 11 30
608 ORDER 513 32 32 1 30 0
610 ORDER 514 13 11 1 13 1
611 ORDER 515 41 26 3 6 1
612 ORDER 516 26 14 1 15 0
613 UNBLOCK 11 37
614 ORDER 517 9 6 1 17 0
615 ORDER 518 16 23 5 38 0
616 ORDER 519 36 27 2 27 0
617 ORDER 520 8 30 5 38 0
618 ORDER 521 29 29 37 38 3
619 ORDER 522 7 21 21 38 3
620 ORDER 523 44 30 3 30 0
621 ORDER 524 41 17 3 37 1
622 ORDER 525 27 33 3 25 0
622 BLOCK 7 1
623 ORDER 526 6 5 2 25 1
624 ORDER 527 21 15 42 37 0
628 ORDER 528 28 12 45 38 1
630 ORDER 529 30 24 33 38 0
631 ORDER 530 32 20 26 37 1
632 ORDER 531 10 35 2 25 2
633 ORDER 532 8 24 38 38 0
634 ORDER 533 42 27 1 14 0
635 ORDER 534 15 8 1 9 0
636 ORDER 535 34 27 1 17 1
637 ORDER 536 44 5 3 6 0
638 ORDER 537 16 27 48 37 2
639 ORDER 538 28 21 1 30 2
640 ORDER 539 25 21 3 15 2
641 ORDER 540 43 5 2 18 1
643 ORDER 541 21 15 2 33 2
645 CANCEL 423
645 ORDER 542 10 14 11 38 0
646 ORDER 543 20 17 33 37 0
647 ORDER 544 18 21 18 37 1
648 ORDER 545 27 24 15 38 1
649 ORDER 546 9 11 31 37 1
650 UNBLOCK 26 3
650 ORDER 547 36 6 1 26 0
652 ORDER 548 28 18 1 10 1
653 ORDER 549 15 8 22 37 0
654 ORDER 550 17 11 3 26 0
655 ORDER 551 40 3 1 5 1
657 CANCEL 385
657 ORDER 552 16 6 3 31 0
658 ORDER 553 38 33 3 37 0
660 ORDER 554 10 18 27 38 0
662 ORDER 555 30 24 25 37 0
662 BLOCK 27 18
663 ORDER 556 9 17 3 30 2
664 ORDER 557 7 15 1 31 3
665 ORDER 558 16 14 16 38 2
666 ORDER 559 25 9 5 37 2
668 ORDER 560 26 18 1 7 1
670 ORDER 561 29 20 3 34 1
671 UNBLOCK 7 1
671 BLOCK 23 1
672 ORDER 562 24 12 48 37 0
673 ORDER 563 14 26 2 33 0
674 ORDER 564 25 29 11 37 0
675 ORDER 565 26 11 1 33 0
676 ORDER 566 17 24 22 38 0
677 ORDER 567 42 18 37 38 1
678 ORDER 568 41 17 1 31 0
679 ORDER 569 44 30 3 2 0
680 ORDER 570 20 26 48 37 0
681 ORDER 571 19 18 1 21 1
682 ORDER 572 18 35 12 38 0
684 ORDER 573 21 30 3 11 0
687 ORDER 574 43 30 3 38 0
689 ORDER 575 34 3 2 11 0
690 ORDER 576 21 32 3 7 2
692 ORDER 577 44 27 1 26 0
693 ORDER 578 33 14 2 18 0
694 ORDER 579 29 23 19 37 1
695 ORDER 580 7 12 35 37 1
696 ORDER 581 11 3 28 38 1
697 CANCEL 560
697 ORDER 582 33 23 42 37 0
698 ORDER 583 45 26 1 3 2
699 ORDER 584 40 15 43 38 0
700 ORDER 585 7 35 3 38 1
702 ORDER 586 35 23 2 13 0
703 ORDER 587 10 24 24 37 1
703 BLOCK 37 27
704 ORDER 588 44 21 45 37 3
705 ORDER 589 38 26 2 20 0
706 ORDER 590 9 3 40 37 0
711 ORDER 591 11 33 3 28 0
712 ORDER 592 41 11 3 8 0
713 ORDER 593 21 9 2 29 1
714 ORDER 594 9 23 17 37 1
716 ORDER 595 12 32 3 1 0
717 ORDER 596 12 18 3 7 0
719 ORDER 597 37 29 32 38 1
720 ORDER 598 8 18 11 37 1
721 ORDER 599 27 9 46 38 0
722 CANCEL 470
722 ORDER 600 40 17 1 23 1
724 ORDER 601 32 6 3 37 0
725 ORDER 602 37 26 2 20 0
726 ORDER 603 22 17 42 37 0
728 ORDER 604 45 8 1 37 0
730 ORDER 605 6 8 48 38 1
731 ORDER 606 9 9 3 34 2
732 ORDER 607 8 3 34 38 1
733 ORDER 608 20 3 25 37 0
735 ORDER 609 44 8 23 38 0
736 ORDER 610 17 21 3 7 0
737 ORDER 611 27 32 1 7 0
738 ORDER 612 45 11 1 29 0
740 ORDER 613 37 17 1 3 1
741 ORDER 614 37 17 1 27 0
742 ORDER 615 44 18 31 38 3
743 ORDER 616 25 30 28 38 0
744 ORDER 617 19 33 1 1 0
745 ORDER 618 34 21 22 37 1
747 ORDER 619 45 32 1 37 0
748 ORDER 620 28 33 17 37 0
749 ORDER 621 7 21 1 33 0
750 ORDER 622 11 26 41 37 0
752 ORDER 623 13 9 2 26 1
753 ORDER 624 36 23 3 18 0
754 ORDER 625 26 14 1 22 0
755 ORDER 626 19 32 2 27 3
756 ORDER 627 21 3 30 38 0
757 CANCEL 556
757 UNBLOCK 23 1
757 ORDER 628 16 14 39 37 0
758 ORDER 629 41 18 46 37 0
760 UNBLOCK 27 18
760 ORDER 630 37 5 47 38 0
761 ORDER 631 42 18 42 38 0
762 ORDER 632 36 33 9 38 2
763 ORDER 633 22 33 1 9 0
764 ORDER 634 6 11 3 32 1
765 ORDER 635 41 9 21 38 0
766 ORDER 636 43 30 3 29 0
767 ORDER 637 30 15 3 36 0
768 ORDER 638 29 26 3 8 0
769 ORDER 639 41 26 1 31 0
770 ORDER 640 6 35 2 14 0
771 ORDER 641 37 29 3 30 1
773 ORDER 642 6 17 1 34 0
775 ORDER 643 36 12 44 37 0
776 ORDER 644 20 21 46 38 0
777 ORDER 645 27 18 3 2 0
778 ORDER 646 17 3 38 37 0
780 UNBLOCK 37 27
780 ORDER 647 39 15 2 16 0
781 ORDER 648 8 27 2 13 0
782 CANCEL 526
782 ORDER 649 6 3 36 37 0
783 ORDER 650 12 17 3 38 0
784 ORDER 651 10 21 1 1 0
785 ORDER 652 16 33 39 37 0
786 ORDER 653 44 3 2 5 1
787 ORDER 654 28 30 40 38 0
788 ORDER 655 18 35 23 37 1
789 ORDER 656 17 3 2 6 1
790 ORDER 657 9 24 2 25 0
791 ORDER 658 12 6 1 10 2
793 ORDER 659 36 5 7 38 0
794 ORDER 660 45 11 3 20 0
795 ORDER 661 41 11 1 31 0
796 ORDER 662 27 21 1 21 0
797 ORDER 663 6 12 1 7 0
798 ORDER 664 19 3 7 38 0
799 ORDER 665 41 9 13 38 1
800 ORDER 666 26 3 6 38 1
801 ORDER 667 10 11 3 4 0
802 ORDER 668 29 21 19 38 1
803 ORDER 669 35 17 25 37 2
804 ORDER 670 25 5 2 3 0
805 ORDER 671 20 29 18 37 1
807 ORDER 672 45 14 2 14 1
808 ORDER 673 25 27 26 37 3
809 ORDER 674 37 14 3 35 0
810 ORDER 675 36 11 4 37 2
811 ORDER 676 17 21 2 7 0
812 ORDER 677 35 30 16 37 0
813 ORDER 678 40 9 3 34 1
814 ORDER 679 21 8 2 34 0
815 ORDER 680 44 18 6 37 1
816 ORDER 681 32 32 1 1 0
817 ORDER 682 30 6 34 37 0
818 ORDER 683 40 26 30 37 0
819 ORDER 684 41 20 2 1 0
819 BLOCK 16 32
820 ORDER 685 6 29 27 38 0
821 ORDER 686 37 24 14 37 0
822 ORDER 687 19 24 17 38 1
822 CANCEL 100687
823 ORDER 688 8 32 1 23 0
824 ORDER 689 40 26 2 4 1
825 ORDER 690 18 17 31 38 3
826 ORDER 691 25 24 1 8 1
827 ORDER 692 45 20 1 13 0
828 ORDER 693 27 3 2 5 0
831 ORDER 694 17 26 3 19 0
832 ORDER 695 12 12 10 38 0
832 BLOCK 24 25
833 ORDER 696 36 24 2 31 2
834 ORDER 697 8 26 13 38 0
835 ORDER 698 25 15 2 6 0
836 CANCEL 656
836 ORDER 699 21 29 39 38 0
837 ORDER 700 6 24 37 38 1
838 ORDER 701 10 26 3 19 0
840 ORDER 702 26 5 31 38 0
841 ORDER 703 25 29 42 37 1
843 ORDER 704 25 20 13 37 0
844 ORDER 705 29 15 24 38 1
845 ORDER 706 40 5 3 11 1
846 ORDER 707 28 24 24 37 0
847 ORDER 708 18 6 3 26 1
848 ORDER 709 38 3 31 38 2
849 CANCEL 562
849 ORDER 710 6 5 22 38 1
850 ORDER 711 37 26 2 25 1
852 ORDER 712 13 26 1 6 0
853 ORDER 713 39 17 32 38 0
854 ORDER 714 16 32 3 38 1
855 ORDER 715 21 3 41 38 0
856 ORDER 716 10 9 3 13 1
858 ORDER 717 18 5 2 1 0
859 ORDER 718 35 20 7 38 0
860 ORDER 719 26 15 23 37 0
861 ORDER 720 31 6 1 18 0
862 ORDER 721 36 18 1 17 0
863 ORDER 722 21 27 2 32 0
864 ORDER 723 9 3 2 36 0
865 ORDER 724 17 26 6 38 1
867 ORDER 725 36 12 2 11 3
869 ORDER 726 19 24 3 36 1
869 BLOCK 18 14
871 ORDER 727 26 24 1 15 1
872 ORDER 728 15 8 45 37 0
873 ORDER 729 26 20 42 38 1
874 CANCEL 692
874 ORDER 730 39 11 3 35 0
875 ORDER 731 37 12 28 38 0
877 ORDER 732 12 9 3 34 0
878 ORDER 733 27 14 45 37 0
879 ORDER 734 25 30 41 37 0
880 ORDER 735 7 35 9 37 1
881 ORDER 736 25 33 6 38 1
886 ORDER 737 36 24 2 36 0
887 ORDER 738 32 24 1 35 1
889 ORDER 739 39 14 3 24 0
890 ORDER 740 14 3 8 37 0
891 ORDER 741 22 6 38 38 1
892 ORDER 742 26 33 2 5 0
895 ORDER 743 8 8 41 37 2
896 ORDER 744 17 21 1 21 0
897 ORDER 745 9 35 29 38 0
898 ORDER 746 38 35 1 23 2
899 ORDER 747 16 30 3 31 0
901 UNBLOCK 24 25
901 ORDER 748 41 21 2 30 1
902 ORDER 749 38 12 3 28 0
903 ORDER 750 12 20 3 25 0
905 ORDER 751 18 9 3 32 0
906 ORDER 752 9 8 1 24 2
907 ORDER 753 45 3 46 38 1
908 UNBLOCK 18 14
909 ORDER 754 44 5 12 37 0
910 UNBLOCK 16 32
910 ORDER 755 8 9 3 9 1
911 ORDER 756 18 3 1 32 0
912 ORDER 757 18 15 41 37 2
913 ORDER 758 26 24 35 37 0
914 ORDER 759 8 32 1 10 1
915 CANCEL 632
915 ORDER 760 17 3 2 32 0
917 ORDER 761 9 27 29 38 2
918 ORDER 762 36 14 37 37 1
919 ORDER 763 45 14 3 16 0
920 ORDER 764 33 23 23 38 0
921 ORDER 765 38 32 3 32 2
922 ORDER 766 45 30 4 37 1
923 ORDER 767 15 21 3 37 2
924 ORDER 768 19 9 2 20 0
925 ORDER 769 22 3 17 38 1
926 ORDER 770 44 35 40 37 0
927 ORDER 771 33 18 2 26 0
928 ORDER 772 12 23 3 32 0
929 ORDER 773 15 3 15 37 1
930 ORDER 774 38 24 9 38 0
930 BLOCK 17 1
931 ORDER 775 16 19 2 29 0
932 ORDER 776 33 23 37 38 0
933 ORDER 777 24 12 47 37 1
935 ORDER 778 8 30 34 37 0
936 ORDER 779 18 30 1 20 0
937 ORDER 780 21 17 3 37 0
938 ORDER 781 27 9 1 2 0
939 ORDER 782 20 21 3 29 0
939 BLOCK 13 30
940 ORDER 783 17 33 16 38 0
941 ORDER 784 19 9 47 38 0
942 ORDER 785 36 23 23 38 0
943 ORDER 786 31 26 21 37 0
944 ORDER 787 44 33 3 33 0
944 BLOCK 18 26
945 ORDER 788 42 14 16 38 1
946 ORDER 789 8 26 1 36 0
947 ORDER 790 41 8 44 38 3
948 ORDER 791 21 21 47 37 0
949 ORDER 792 6 35 47 37 0
950 ORDER 793 42 23 2 25 0
951 ORDER 794 32 18 15 38 1
952 ORDER 795 7 23 3 33 0
953 ORDER 796 20 23 3 7 0
954 BLOCK 31 33
955 CANCEL 745
956 ORDER 797 14 27 13 38 1
957 ORDER 798 32 24 1 38 0
958 ORDER 799 17 15 12 37 0
959 ORDER 800 19 18 17 38 1
960 ORDER 801 37 32 2 14 1
961 ORDER 802 40 9 2 14 0
962 ORDER 803 7 18 2 1 1
963 ORDER 804 17 24 3 23 1
964 ORDER 805 9 8 25 38 2
965 ORDER 806 38 9 1 8 1
967 ORDER 807 10 9 1 4 0
968 ORDER 808 13 26 3 38 1
969 ORDER 809 42 35 6 37 0
970 ORDER 810 45 15 2 8 0
971 ORDER 811 17 20 33 38 0
972 ORDER 812 20 15 42 38 0
973 ORDER 813 44 15 3 24 0
974 ORDER 814 30 5 2 1 0
975 ORDER 815 36 18 2 2 1
977 ORDER 816 36 12 4 37 1
978 UNBLOCK 13 30
978 ORDER 817 20 11 26 37 1
979 UNBLOCK 17 1
979 ORDER 818 21 18 2 31 1
980 ORDER 819 7 18 1 19 0
981 ORDER 820 19 8 3 5 0
982 ORDER 821 8 23 31 37 0
984 ORDER 822 36 5 43 37 0
985 ORDER 823 6 9 19 37 3
986 ORDER 824 39 27 3 7 0
987 ORDER 825 10 9 3 35 1
988 ORDER 826 18 18 2 25 1
990 ORDER 827 36 11 3 7 0
991 ORDER 828 42 24 3 26 0
992 ORDER 829 7 17 11 37 0
993 CANCEL 734
993 ORDER 830 6 12 2 9 1
994 ORDER 831 17 9 19 37 3
997 ORDER 832 26 3 29 38 1
1000 ORDER 833 13 11 33 37 1
1001 ORDER 834 18 26 3 22 0
1002 ORDER 835 18 32 3 20 0
1002 CANCEL 100835
1003 ORDER 836 26 30 22 37 0
1004 ORDER 837 17 9 1 31 0
1005 ORDER 838 26 18 15 37 0
1005 BLOCK 27 12
1006 ORDER 839 20 30 21 38 1
1007 ORDER 840 31 6 1 2 1
1009 ORDER 841 35 12 2 28 0
1010 CANCEL 807
1011 ORDER 842 16 12 4 37 0
1012 ORDER 843 36 15 32 38 0
1013 ORDER 844 21 9 24 38 1
1014 ORDER 845 36 18 37 38 0
1016 ORDER 846 36 21 41 38 0
1017 ORDER 847 6 32 3 29 0
1018 ORDER 848 9 18 43 37 0
1020 ORDER 849 41 17 31 38 0
1021 ORDER 850 31 6 34 38 0
1023 ORDER 851 27 5 45 37 0
1024 ORDER 852 16 27 3 32 2
1025 BLOCK 40 9
1028 ORDER 853 29 24 13 37 0
1029 ORDER 854 35 30 3 22 1
1030 ORDER 855 21 15 2 32 2
1031 ORDER 856 16 5 43 38 0
1032 CANCEL 820
1032 ORDER 857 27 26 3 6 0
1033 ORDER 858 10 15 3 12 1
1034 ORDER 859 34 35 21 38 0
1035 ORDER 860 45 24 3 20 0
1036 ORDER 861 33 18 2 26 0
1038 ORDER 862 11 5 1 28 2
1039 ORDER 863 24 27 30 37 0
1040 ORDER 864 16 18 2 26 0
1041 UNBLOCK 31 33
1041 ORDER 865 15 14 3 12 0
1042 ORDER 866 20 8 1 29 1
1043 ORDER 867 39 29 31 37 1
1044 ORDER 868 40 8 42 38 0
1045 ORDER 869 45 35 22 37 1
1047 ORDER 870 10 6 2 36 2
1048 ORDER 871 41 26 1 38 0
1049 UNBLOCK 18 26
1049 ORDER 872 27 20 2 23 1
1050 ORDER 873 26 23 2 35 1
1052 ORDER 874 19 6 1 22 0
1053 ORDER 875 18 30 24 37 0
1054 ORDER 876 11 27 3 18 0
1055 ORDER 877 27 14 1 24 0
1056 ORDER 878 28 32 8 38 2
1057 ORDER 879 21 21 8 38 0
1058 ORDER 880 7 30 28 38 0
1059 ORDER 881 37 29 20 38 0
1060 ORDER 882 10 5 1 25 2
1061 ORDER 883 17 11 1 33 1
1063 ORDER 884 12 26 3 20 1
1064 ORDER 885 28 5 48 38 1
1066 ORDER 886 10 3 3 30 1
1067 ORDER 887 20 3 3 15 0
1068 ORDER 888 15 21 1 28 0
1069 ORDER 889 44 30 31 37 3
1071 ORDER 890 17 14 2 14 2
1072 ORDER 891 15 6 17 37 0
1074 ORDER 892 37 21 2 35 0
1076 ORDER 893 18 6 2 17 0
1079 ORDER 894 31 3 3 24 0
1081 ORDER 895 8 11 2 24 1
1083 ORDER 896 36 3 3 31 0
1084 ORDER 897 45 6 2 15 2
1085 ORDER 898 34 27 2 30 2
1086 ORDER 899 17 3 1 16 3
1087 ORDER 900 15 12 2 7 0
1088 ORDER 901 20 26 2 30 2
1089 ORDER 902 24 14 34 37 0
1090 ORDER 903 43 30 1 4 1
1091 ORDER 904 8 30 6 37 0
1092 ORDER 905 21 33 1 32 0
1093 ORDER 906 7 20 1 18 2
1094 ORDER 907 27 17 2 38 0
1095 ORDER 908 18 3 3 9 0
1096 ORDER 909 19 6 1 35 0
1097 ORDER 910 8 32 1 4 0
1098 UNBLOCK 40 9
1098 ORDER 911 27 27 1 11 2
1099 ORDER 912 29 3 1 22 1
1101 ORDER 913 28 32 8 38 2
1102 UNBLOCK 27 12
1102 ORDER 914 25 27 2 12 0
1103 ORDER 915 27 32 3 31 1
1105 ORDER 916 20 17 2 3 3
1107 ORDER 917 16 5 40 37 1
1108 ORDER 918 31 24 1 32 1
1109 ORDER 919 10 15 7 37 1
1111 ORDER 920 36 15 34 38 0
1112 ORDER 921 21 20 2 7 0
1113 ORDER 922 30 24 47 38 0
1114 ORDER 923 17 8 3 1 3
1115 ORDER 924 22 33 43 37 0
1116 ORDER 925 43 20 1 4 1
1117 ORDER 926 31 27 11 37 0
1118 ORDER 927 27 20 23 38 1
1119 ORDER 928 13 15 16 37 0
1120 ORDER 929 32 17 47 37 0
1121 ORDER 930 27 29 2 21 1
1122 ORDER 931 29 15 3 32 1
1123 ORDER 932 15 27 33 37 3
1124 ORDER 933 39 11 33 37 1
1126 ORDER 934 9 26 3 6 0
1127 ORDER 935 8 6 1 23 0
1129 ORDER 936 12 9 1 1 1
1130 ORDER 937 34 11 1 6 0
1131 ORDER 938 42 20 9 38 1
1133 ORDER 939 22 17 3 9 0
1134 ORDER 940 29 32 46 37 0
1136 ORDER 941 21 20 28 37 1
1137 ORDER 942 28 12 21 38 0
1138 ORDER 943 26 29 2 13 0
1139 ORDER 944 26 6 5 37 3
1140 ORDER 945 25 30 2 34 0
1141 ORDER 946 6 35 38 37 0
1142 ORDER 947 26 18 11 38 2
1143 ORDER 948 20 14 20 38 0
1144 ORDER 949 8 8 2 9 0
1145 ORDER 950 7 15 4 37 0
1147 ORDER 951 11 30 48 38 0
1147 BLOCK 16 17
1149 ORDER 952 42 26 2 3 2
1150 ORDER 953 31 17 39 37 1
1151 ORDER 954 37 35 3 5 3
1152 ORDER 955 17 26 28 38 1
1153 ORDER 956 9 3 22 37 0
1154 ORDER 957 43 33 30 38 0
1154 BLOCK 17 15
1155 ORDER 958 9 26 22 38 0
1156 ORDER 959 16 15 3 13 0
1157 ORDER 960 11 15 3 25 1
1158 ORDER 961 20 24 3 20 0
1160 ORDER 962 25 12 3 24 1
1162 ORDER 963 39 24 10 37 0
1163 ORDER 964 12 32 3 36 3
1164 ORDER 965 8 23 1 20 2
1165 ORDER 966 34 20 14 37 1
1166 ORDER 967 9 4 10 37 0
1167 ORDER 968 37 9 29 37 0
1168 ORDER 969 7 35 1 33 0
1169 ORDER 970 34 29 2 35 3
1170 ORDER 971 25 23 3 35 0
1170 BLOCK 42 15
1172 ORDER 972 25 26 1 26 1
1173 ORDER 973 8 14 19 38 0
1174 ORDER 974 15 20 3 32 0
1175 BLOCK 11 29
1177 ORDER 975 21 5 2 28 0
1178 ORDER 976 12 30 39 37 1
1180 ORDER 977 18 8 38 38 0
1181 ORDER 978 17 6 3 23 0
1182 ORDER 979 43 20 2 31 0
1183 ORDER 980 29 35 2 15 0
1184 ORDER 981 16 18 2 3 2
1185 ORDER 982 19 23 36 38 2
1186 ORDER 983 29 30 2 11 1
1187 ORDER 984 16 6 28 38 1
1188 ORDER 985 28 11 1 31 1
1189 ORDER 986 43 14 35 37 0
1190 CANCEL 970
1190 ORDER 987 31 6 2 22 0
1191 ORDER 988 16 3 28 37 1
1192 ORDER 989 30 24 3 35 0
1193 ORDER 990 19 3 2 23 0
1194 ORDER 991 26 32 1 15 0
1195 ORDER 992 38 3 2 1 0
1195 BLOCK 12 27
1196 ORDER 993 7 33 3 20 0
1198 ORDER 994 12 6 5 37 3
1200 ORDER 995 16 3 20 37 0
1201 ORDER 996 26 15 32 38 0
1202 ORDER 997 35 12 33 38 0
1203 ORDER 998 38 35 2 13 1
1204 ORDER 999 7 26 40 38 0
1205 ORDER 1000 37 33 2 2 0
1206 ORDER 1001 6 32 1 37 2
1208 ORDER 1002 36 32 1 22 0
1209 UNBLOCK 16 17
1210 ORDER 1003 29 33 1 7 0
1211 ORDER 1004 21 5 7 37 0
1212 ORDER 1005 37 12 8 38 1
1213 ORDER 1006 12 12 2 37 0
1214 ORDER 1007 24 20 1 11 2
1216 ORDER 1008 29 24 14 37 3
1217 ORDER 1009 43 12 15 38 0
1218 ORDER 1010 11 5 11 37 1
1219 ORDER 1011 44 29 1 19 0
1220 ORDER 1012 36 23 43 38 1
1221 ORDER 1013 43 27 1 24 2
1222 ORDER 1014 37 29 6 37 1
1223 ORDER 1015 30 27 1 7 1
1224 ORDER 1016 16 14 3 11 0
1225 ORDER 1017 27 27 2 35 0
1226 ORDER 1018 19 30 22 38 1
1227 ORDER 1019 11 15 47 38 1
1228 UNBLOCK 42 15
1228 ORDER 1020 38 12 3 1 1
1229 CANCEL 1016
1229 ORDER 1021 7 26 1 37 3
1230 ORDER 1022 30 35 43 38 0
1231 CANCEL 957
1231 ORDER 1023 30 12 1 24 0
1232 ORDER 1024 27 15 6 38 2
1233 ORDER 1025 40 11 39 38 0
1235 UNBLOCK 12 27
1235 ORDER 1026 6 9 2 21 1
1237 ORDER 1027 18 17 36 37 2
1238 CANCEL 923
1238 ORDER 1028 25 30 5 37 0
1240 UNBLOCK 11 29
1240 ORDER 1029 7 23 29 38 0
1241 ORDER 1030 41 26 34 37 1
1242 ORDER 1031 21 21 2 14 0
1244 ORDER 1032 25 8 3 32 1
1245 ORDER 1033 8 14 3 21 1
1246 ORDER 1034 41 15 1 7 1
1247 ORDER 1035 20 17 2 36 0
1247 BLOCK 23 28
1248 ORDER 1036 42 18 3 17 0
1249 ORDER 1037 7 9 30 37 0
1250 ORDER 1038 8 27 2 15 2
1251 CANCEL 1036
1251 ORDER 1039 36 18 1 6 0
1252 ORDER 1040 28 26 2 21 0
1253 ORDER 1041 38 33 15 37 2
1254 ORDER 1042 41 18 39 38 0
1255 ORDER 1043 9 30 4 37 1
1256 ORDER 1044 37 12 2 11 0
1257 ORDER 1045 25 29 1 21 1
1261 ORDER 1046 9 26 2 25 0
1262 ORDER 1047 25 8 21 37 1
1263 ORDER 1048 31 9 16 38 1
1264 UNBLOCK 17 15
1264 ORDER 1049 36 22 15 37 0
1265 ORDER 1050 8 8 35 37 0
1267 ORDER 1051 11 32 4 38 0
1268 ORDER 1052 25 29 34 37 0
1270 ORDER 1053 12 9 2 21 0
1271 ORDER 1054 24 23 2 19 0
1272 ORDER 1055 45 6 2 2 0
1274 ORDER 1056 14 5 28 37 2
1274 BLOCK 32 26
1276 ORDER 1057 12 30 1 28 0
1277 ORDER 1058 36 8 3 31 0
1278 ORDER 1059 29 15 41 37 1
1279 ORDER 1060 27 15 30 38 1
1279 BLOCK 14 13
1280 ORDER 1061 19 12 36 37 0
1281 ORDER 1062 6 35 2 17 0
1282 ORDER 1063 37 23 5 38 1
1283 ORDER 1064 36 23 14 38 1
1284 ORDER 1065 11 21 2 10 0
1285 ORDER 1066 32 17 5 38 0
1286 ORDER 1067 29 33 2 16 0
1288 ORDER 1068 36 26 48 37 0
1289 ORDER 1069 40 17 2 15 0
1291 ORDER 1070 33 8 41 37 1
1292 ORDER 1071 16 30 6 37 0
1294 ORDER 1072 30 12 5 38 0
1295 ORDER 1073 41 17 1 7 1
1296 ORDER 1074 19 29 3 36 1
1297 ORDER 1075 12 17 43 37 0
1298 ORDER 1076 44 27 3 11 1
1299 ORDER 1077 38 27 31 37 0
1300 ORDER 1078 29 6 1 18 0
1301 ORDER 1079 32 17 33 38 0
1302 ORDER 1080 37 6 10 37 1
1303 ORDER 1081 21 24 3 10 0
1304 ORDER 1082 21 6 1 10 1
1306 CANCEL 999
1306 ORDER 1083 37 8 17 37 0
1309 ORDER 1084 14 24 3 28 1
1310 ORDER 1085 41 24 2 27 2
1311 ORDER 1086 10 17 3 24 0
1312 ORDER 1087 10 30 1 11 0
1313 ORDER 1088 39 32 22 37 0
1314 ORDER 1089 15 27 2 13 0
1315 ORDER 1090 10 27 36 38 0
1316 UNBLOCK 32 26
1316 ORDER 1091 14 11 23 38 0
1317 ORDER 1092 34 9 2 27 1
1319 ORDER 1093 19 35 44 38 1
1320 ORDER 1094 40 32 40 37 0
1321 ORDER 1095 41 18 44 37 0
1322 ORDER 1096 20 20 1 4 0
1324 ORDER 1097 18 29 2 5 0
1325 ORDER 1098 11 29 24 38 0
1326 ORDER 1099 11 8 8 38 2
1327 ORDER 1100 43 3 22 37 2
1329 ORDER 1101 32 21 3 25 0
1332 ORDER 1102 30 15 2 18 0
1333 ORDER 1103 38 30 3 38 0
1337 ORDER 1104 10 21 31 38 2
1338 ORDER 1105 13 17 28 38 1
1339 ORDER 1106 6 3 1 21 0
1340 ORDER 1107 30 6 46 37 0
1341 ORDER 1108 15 20 26 37 0
1342 ORDER 1109 13 24 2 3 0
1343 UNBLOCK 14 13
1343 ORDER 1110 35 26 2 17 2
1344 ORDER 1111 20 24 3 2 0
1345 ORDER 1112 36 8 3 20 0
1346 ORDER 1113 25 17 1 19 0
1347 ORDER 1114 40 24 3 2 0
1349 ORDER 1115 32 26 3 37 0
1350 ORDER 1116 21 21 3 37 2
1351 UNBLOCK 23 28
1351 ORDER 1117 12 30 1 1 0
1352 ORDER 1118 19 18 2 37 2
1353 BLOCK 18 17
1354 ORDER 1119 20 33 1 33 0
1356 CANCEL 961
1356 ORDER 1120 18 20 3 5 2
1359 ORDER 1121 21 12 2 13 0
1360 ORDER 1122 19 18 15 38 2
1361 ORDER 1123 6 9 3 31 0
1362 ORDER 1124 10 18 20 38 0
1363 ORDER 1125 45 14 3 9 0
1364 ORDER 1126 26 30 30 37 0
1365 ORDER 1127 40 30 5 38 0
1366 ORDER 1128 6 23 38 37 0
1367 ORDER 1129 22 11 29 38 3
1368 ORDER 1130 7 32 35 37 0
1369 ORDER 1131 15 20 8 38 1
1370 ORDER 1132 18 33 2 34 0
1371 ORDER 1133 45 17 2 13 0
1372 ORDER 1134 21 20 1 30 2
1373 ORDER 1135 26 24 35 37 1
1375 ORDER 1136 13 9 1 1 0
1376 ORDER 1137 19 29 2 30 0
1379 ORDER 1138 37 3 2 34 0
1380 ORDER 1139 11 35 2 1 0
1381 ORDER 1140 38 35 1 20 1
1382 ORDER 1141 44 12 38 37 2
1383 ORDER 1142 36 35 45 38 0
1384 ORDER 1143 22 33 2 4 0
1385 ORDER 1144 44 33 14 38 1
1386 ORDER 1145 28 29 3 2 1
1387 ORDER 1146 37 17 3 19 2
1388 ORDER 1147 14 5 3 32 2
1391 ORDER 1148 11 21 3 32 1
1392 ORDER 1149 6 18 35 37 1
1394 ORDER 1150 8 9 11 38 0
1395 ORDER 1151 39 8 2 15 1
1396 ORDER 1152 45 24 2 22 0
1398 ORDER 1153 36 18 3 19 0
1400 ORDER 1154 8 14 1 21 0
1401 UNBLOCK 18 17
1401 ORDER 1155 28 8 1 27 1
1403 ORDER 1156 26 35 3 15 0
1404 ORDER 1157 18 24 19 37 0
1404 BLOCK 31 17
1406 ORDER 1158 10 17 21 37 0
1407 ORDER 1159 6 3 3 28 0
1408 ORDER 1160 20 18 3 5 0
1409 ORDER 1161 30 29 2 5 0
1411 ORDER 1162 24 14 2 37 0
1414 ORDER 1163 28 33 3 22 1
1415 ORDER 1164 36 5 23 37 0
1416 ORDER 1165 31 26 4 37 0
1418 ORDER 1166 27 11 19 37 0
1419 ORDER 1167 36 14 2 31 0
1420 ORDER 1168 11 17 3 26 0
1422 ORDER 1169 7 8 2 18 0
1423 ORDER 1170 37 5 1 38 0
1424 ORDER 1171 22 15 13 38 0
1425 ORDER 1172 17 30 2 6 1
1427 ORDER 1173 28 27 1 3 0
1428 ORDER 1174 31 3 5 38 0
1429 ORDER 1175 8 18 25 38 0
1430 ORDER 1176 37 27 1 21 3
1431 ORDER 1177 18 9 36 37 1
1432 ORDER 1178 14 27 15 38 0
1433 ORDER 1179 27 12 25 38 0
1434 ORDER 1180 39 8 34 38 0
1435 ORDER 1181 19 26 3 8 3
1437 ORDER 1182 24 14 16 37 3
1438 ORDER 1183 20 23 2 10 2
1439 ORDER 1184 19 35 3 1 0
1440 CANCEL 1068
1441 ORDER 1185 31 9 1 19 0
1442 ORDER 1186 22 11 36 37 0
1443 ORDER 1187 25 11 37 38 2
1446 ORDER 1188 15 12 17 38 1
1447 ORDER 1189 7 35 15 38 1
1448 ORDER 1190 12 32 1 15 1
1450 ORDER 1191 39 12 3 26 0
1451 ORDER 1192 13 9 1 19 0
1452 ORDER 1193 7 12 3 27 0
1453 ORDER 1194 10 9 3 21 0
1454 ORDER 1195 26 17 14 38 1
1456 ORDER 1196 7 18 1 13 0
1457 ORDER 1197 29 29 17 37 0
1458 UNBLOCK 31 17
1458 ORDER 1198 18 17 1 24 1
1459 ORDER 1199 45 14 27 38 1
1460 ORDER 1200 11 29 2 27 3
1461 ORDER 1201 32 6 34 38 2
1462 ORDER 1202 24 18 3 20 1
1463 ORDER 1203 22 15 2 21 0
1464 ORDER 1204 18 35 3 34 0
1465 ORDER 1205 26 27 1 11 0
1466 CANCEL 1077
1467 ORDER 1206 34 27 3 22 0
1469 ORDER 1207 32 15 3 33 1
1470 ORDER 1208 7 29 2 36 0
1471 ORDER 1209 38 9 45 37 2
1472 ORDER 1210 28 21 1 25 0
1473 ORDER 1211 22 6 18 37 0
1474 ORDER 1212 40 5 42 37 0
1475 ORDER 1213 45 31 47 38 0
1476 ORDER 1214 22 9 35 38 1
1477 ORDER 1215 19 27 46 38 2
1478 ORDER 1216 20 33 15 38 2
1480 ORDER 1217 42 20 3 18 1
1481 ORDER 1218 20 35 47 38 2
1482 ORDER 1219 34 14 3 38 0
1483 ORDER 1220 27 9 20 38 2
1484 ORDER 1221 26 12 20 38 0
1485 ORDER 1222 16 27 3 23 1
1486 ORDER 1223 26 11 3 22 0
1488 ORDER 1224 36 32 3 38 0
1491 ORDER 1225 17 12 1 19 1
1492 ORDER 1226 13 35 1 26 3
1493 CANCEL 1197
1493 ORDER 1227 30 8 31 37 0
1494 ORDER 1228 44 18 3 26 1
1495 ORDER 1229 31 32 11 37 3
1496 ORDER 1230 26 32 1 3 1
1497 BLOCK 42 31
1498 ORDER 1231 38 29 2 37 0
1499 ORDER 1232 32 20 16 37 0
