50 37 1500
##################################################
#.....C.........C.........C.........C............#
#................................................#
#................................................#
#.....########..#########..#########..######.....#
#................................................#
#................................................#
#.....######..########..#########..######..###...#
#................................................#
#................................................#
#.....########..#######..#######..######..####...#
#................................................#
#................................................#
#.....########..#######..#########..######..##...#
#................................................#
#................................................#
#.....#########..########..#######..#######..#...#
#................................................#
#................................................#
#.....#########..########..######..########..#...#
#................................................#
#................................................#
#.....########..#######..########..######..###...#
#................................................#
#................................................#
#.....#########..#######..#######..########..#...#
#................................................#
#................................................#
#.....#########..######..########..#######..##...#
#................................................#
#................................................#
#.....######..#########..######..#########..##...#
#................................................#
#................................................#
#................................................#
#................................................#
##################################################
PARAMS 696 34 174 30 50 3 60 2
ROBOTS 30
23 6
32 27
46 35
34 6
29 14
9 21
48 15
26 17
14 15
41 22
5 23
24 25
31 1
14 35
43 29
42 32
41 34
8 20
9 23
18 26
7 15
10 35
10 5
17 11
2 8
23 24
33 6
26 21
48 2
46 21
EVENTS 2667
0 ORDER 1 9 11 2 12 0
1 ORDER 2 38 8 8 35 0
1 ORDER 3 29 12 2 25 0
2 ORDER 4 22 30 6 34 1
2 ORDER 5 32 12 19 34 0
3 ORDER 6 29 26 1 31 1
4 ORDER 7 39 7 40 34 1
4 ORDER 8 17 6 38 35 2
5 ORDER 9 9 11 12 35 0
5 ORDER 10 8 29 37 35 0
6 ORDER 11 7 24 33 35 0
7 ORDER 12 30 30 28 35 1
7 ORDER 13 8 11 14 34 0
8 ORDER 14 18 20 3 24 1
8 ORDER 15 39 15 3 18 0
9 ORDER 16 39 29 2 6 0
9 ORDER 17 32 3 38 35 0
10 ORDER 18 6 14 48 34 0
11 ORDER 19 22 14 3 31 0
11 ORDER 20 18 15 31 35 0
12 ORDER 21 30 27 46 34 0
12 ORDER 22 18 23 19 34 1
13 ORDER 23 11 8 36 34 0
13 ORDER 24 27 5 1 9 1
14 ORDER 25 29 24 23 35 0
14 ORDER 26 9 17 2 34 1
15 ORDER 27 17 30 2 4 0
15 ORDER 28 13 9 36 34 1
16 ORDER 29 45 32 2 1 0
16 ORDER 30 27 18 16 34 2
17 ORDER 31 18 11 32 35 0
18 ORDER 32 37 8 3 33 0
19 CANCEL 19
19 ORDER 33 38 11 1 34 2
19 ORDER 34 29 20 1 29 0
20 ORDER 35 44 32 2 4 0
20 ORDER 36 16 9 27 34 0
21 ORDER 37 31 20 25 34 0
22 ORDER 38 22 15 35 35 0
22 ORDER 39 10 18 1 28 0
23 ORDER 40 31 27 48 35 3
23 ORDER 41 17 5 34 34 0
24 ORDER 42 32 17 2 3 0
25 ORDER 43 31 12 2 19 2
26 ORDER 44 34 5 1 4 0
26 ORDER 45 45 26 1 19 0
27 ORDER 46 18 11 1 19 0
27 ORDER 47 42 9 11 34 2
28 ORDER 48 17 26 3 25 1
29 ORDER 49 42 3 17 34 2
30 CANCEL 29
30 ORDER 50 22 21 6 35 2
31 ORDER 51 40 20 26 34 0
31 ORDER 52 29 29 2 19 1
32 ORDER 53 13 3 36 34 1
33 CANCEL 4
33 ORDER 54 29 24 2 9 0
33 ORDER 55 19 17 3 20 0
34 ORDER 56 35 9 4 34 1
35 ORDER 57 7 6 10 34 1
35 ORDER 58 19 3 1 35 0
36 ORDER 59 35 21 17 34 1
36 ORDER 60 41 30 2 15 0
37 ORDER 61 21 8 39 34 0
37 ORDER 62 13 9 2 4 2
38 ORDER 63 13 11 38 35 0
38 ORDER 64 40 3 38 35 0
39 CANCEL 28
39 ORDER 65 27 9 3 1 1
39 ORDER 66 22 15 2 23 2
40 ORDER 67 43 3 3 13 1
40 ORDER 68 42 26 1 18 3
41 ORDER 69 28 11 2 14 0
41 ORDER 70 36 9 1 8 0
42 ORDER 71 33 15 2 3 0
42 ORDER 72 22 17 36 34 0
43 ORDER 73 26 12 1 28 1
44 ORDER 74 14 32 27 35 1
45 ORDER 75 11 15 3 8 0
46 ORDER 76 35 3 3 30 0
47 ORDER 77 33 5 2 32 3
48 ORDER 78 6 3 1 9 1
48 ORDER 79 10 15 1 4 2
49 ORDER 80 12 27 2 16 0
50 ORDER 81 8 30 43 34 0
50 ORDER 82 27 27 26 35 0
50 BLOCK 16 15
51 ORDER 83 8 3 2 24 1
51 ORDER 84 36 18 2 16 0
52 ORDER 85 13 15 1 10 0
53 ORDER 86 11 9 24 34 2
54 ORDER 87 29 26 46 35 2
55 ORDER 88 6 24 16 34 0
55 ORDER 89 6 21 24 34 0
56 ORDER 90 44 30 34 34 1
56 ORDER 91 38 3 31 34 1
57 ORDER 92 35 27 2 21 0
57 ORDER 93 44 30 1 14 0
58 ORDER 94 41 30 3 15 0
58 ORDER 95 20 6 2 30 0
59 ORDER 96 28 32 8 35 0
59 ORDER 97 35 9 1 31 0
60 ORDER 98 28 32 21 34 0
61 ORDER 99 16 23 17 35 1
62 ORDER 100 17 17 3 10 1
63 ORDER 101 8 8 2 7 0
63 ORDER 102 41 20 3 2 0
64 ORDER 103 44 8 1 24 0
65 ORDER 104 12 27 32 34 0
66 ORDER 105 29 21 1 22 0
66 ORDER 106 29 3 42 35 2
67 ORDER 107 16 3 2 17 1
67 ORDER 108 35 11 44 35 0
68 ORDER 109 28 3 38 34 2
69 ORDER 110 38 17 26 35 0
69 ORDER 111 9 24 28 34 1
70 ORDER 112 42 24 9 35 1
71 ORDER 113 21 20 1 34 3
71 ORDER 114 26 6 21 34 0
72 ORDER 115 20 18 3 4 1
72 ORDER 116 12 12 1 5 0
73 ORDER 117 38 15 22 35 1
74 ORDER 118 23 24 4 34 1
74 ORDER 119 39 17 3 3 0
75 ORDER 120 21 24 39 34 0
76 ORDER 121 22 29 38 35 2
77 ORDER 122 17 8 30 34 1
78 ORDER 123 15 30 2 14 0
79 CANCEL 40
79 ORDER 124 31 18 7 35 0
79 ORDER 125 7 27 11 35 1
80 ORDER 126 24 3 3 27 0
80 ORDER 127 36 27 32 35 1
81 ORDER 128 23 26 2 27 3
81 ORDER 129 45 23 1 8 0
82 ORDER 130 27 6 1 19 0
82 ORDER 131 39 6 31 34 0
83 ORDER 132 17 26 37 35 1
83 ORDER 133 28 20 2 6 1
84 ORDER 134 19 17 22 34 1
85 ORDER 135 7 18 3 22 1
86 ORDER 136 11 6 46 34 0
86 ORDER 137 40 8 20 34 1
87 ORDER 138 21 5 6 34 0
88 ORDER 139 28 26 2 27 2
89 ORDER 140 13 14 3 30 1
90 ORDER 141 6 20 3 32 2
91 ORDER 142 14 20 1 5 0
92 ORDER 143 9 32 23 34 0
93 ORDER 144 14 30 1 20 1
93 ORDER 145 19 17 28 35 0
94 ORDER 146 17 21 1 22 0
94 ORDER 147 10 8 2 8 0
95 ORDER 148 32 20 3 25 0
96 ORDER 149 8 14 2 14 0
97 ORDER 150 18 11 1 2 1
98 ORDER 151 40 8 25 34 1
99 ORDER 152 8 8 42 35 0
100 ORDER 153 8 30 1 11 0
101 ORDER 154 40 26 22 34 0
101 ORDER 155 44 6 26 35 0
102 ORDER 156 41 32 30 35 0
103 ORDER 157 34 3 2 11 0
104 ORDER 158 28 18 3 33 0
104 ORDER 159 11 24 2 31 2
105 ORDER 160 31 12 24 34 1
106 ORDER 161 45 26 20 34 1
106 ORDER 162 42 26 48 34 2
107 ORDER 163 14 27 36 34 0
107 ORDER 164 18 18 29 35 0
108 ORDER 165 41 29 1 16 0
108 ORDER 166 22 24 37 34 1
109 ORDER 167 29 17 1 19 0
109 ORDER 168 38 29 3 4 0
110 ORDER 169 6 23 3 5 1
111 ORDER 170 29 23 20 34 0
111 ORDER 171 39 32 27 35 1
112 ORDER 172 27 20 3 5 0
113 ORDER 173 30 32 40 35 0
113 ORDER 174 12 14 2 31 3
114 ORDER 175 6 29 3 25 3
115 ORDER 176 39 26 2 1 0
115 ORDER 177 9 32 10 35 1
116 ORDER 178 19 14 2 27 0
116 ORDER 179 32 18 28 35 3
117 ORDER 180 35 26 3 9 1
117 ORDER 181 45 27 1 27 0
118 ORDER 182 32 17 1 24 2
118 ORDER 183 35 5 3 1 0
119 CANCEL 104
119 ORDER 184 23 5 1 15 0
120 ORDER 185 41 15 1 4 0
120 ORDER 186 7 32 2 12 1
121 ORDER 187 11 27 1 27 0
121 ORDER 188 41 26 2 33 0
122 ORDER 189 21 3 32 34 0
122 ORDER 190 30 21 9 34 1
123 ORDER 191 17 24 37 35 0
123 ORDER 192 29 32 2 3 0
124 ORDER 193 17 15 3 4 0
125 ORDER 194 27 17 3 27 1
125 ORDER 195 37 18 18 34 0
126 ORDER 196 29 15 1 2 0
127 ORDER 197 7 5 1 7 1
128 ORDER 198 32 12 25 34 1
128 ORDER 199 21 20 3 14 1
129 ORDER 200 19 9 1 33 0
130 ORDER 201 30 24 2 22 0
131 ORDER 202 29 26 3 15 0
131 ORDER 203 38 15 3 16 0
132 ORDER 204 27 17 1 22 0
132 ORDER 205 34 32 1 9 0
133 ORDER 206 31 3 2 12 0
133 ORDER 207 9 20 44 34 0
134 ORDER 208 31 17 2 9 0
135 ORDER 209 38 11 2 28 3
135 ORDER 210 45 12 26 34 1
136 ORDER 211 28 5 48 35 1
136 ORDER 212 8 11 1 35 0
137 ORDER 213 31 9 3 8 0
137 ORDER 214 33 14 5 34 0
138 ORDER 215 27 24 3 2 0
138 ORDER 216 22 17 1 24 1
139 CANCEL 144
139 ORDER 217 16 11 24 34 3
139 ORDER 218 19 9 2 34 0
140 ORDER 219 19 8 36 34 1
140 ORDER 220 17 18 2 8 0
141 ORDER 221 42 18 8 34 1
141 ORDER 222 45 29 2 21 3
142 CANCEL 213
142 ORDER 223 19 8 27 34 0
142 ORDER 224 6 6 31 35 0
143 ORDER 225 35 24 42 34 0
143 ORDER 226 40 6 35 34 2
144 ORDER 227 14 17 3 2 1
144 ORDER 228 44 21 2 7 0
145 ORDER 229 27 17 2 25 2
145 ORDER 230 29 20 1 26 0
146 ORDER 231 8 18 3 26 2
147 ORDER 232 9 29 2 34 1
147 ORDER 233 7 3 24 34 0
148 ORDER 234 42 26 1 21 1
148 ORDER 235 41 15 3 27 0
149 ORDER 236 40 18 37 34 1
150 ORDER 237 32 8 3 13 1
150 ORDER 238 31 17 34 34 3
151 ORDER 239 21 14 14 34 0
151 ORDER 240 8 8 41 34 0
152 ORDER 241 45 24 43 34 3
152 ORDER 242 12 17 1 33 0
153 ORDER 243 38 5 23 34 1
153 ORDER 244 45 24 43 35 0
154 CANCEL 240
154 ORDER 245 20 27 2 21 0
154 ORDER 246 31 24 44 34 0
155 ORDER 247 44 6 3 20 0
155 ORDER 248 28 12 2 4 1
156 ORDER 249 28 6 1 18 0
156 ORDER 250 39 32 19 34 0
157 ORDER 251 17 27 3 1 0
158 ORDER 252 45 27 6 34 0
158 ORDER 253 9 17 31 34 2
159 ORDER 254 40 32 1 35 0
160 ORDER 255 17 6 19 35 1
161 ORDER 256 28 27 3 16 3
161 ORDER 257 7 20 1 15 0
162 ORDER 258 39 27 2 12 1
162 ORDER 259 28 20 2 26 0
163 CANCEL 16
163 ORDER 260 16 30 2 9 1
164 CANCEL 142
164 ORDER 261 40 27 1 1 1
165 UNBLOCK 16 15
165 ORDER 262 31 27 1 26 0
166 ORDER 263 34 5 23 34 0
166 ORDER 264 25 8 2 10 1
167 ORDER 265 36 15 1 16 0
167 ORDER 266 11 3 3 31 0
167 BLOCK 12 32
168 ORDER 267 39 20 2 2 1
168 ORDER 268 12 23 6 34 0
169 ORDER 269 25 12 13 35 1
169 ORDER 270 33 32 25 35 0
170 ORDER 271 45 32 2 32 1
171 ORDER 272 21 15 2 35 1
171 ORDER 273 44 11 1 1 0
172 CANCEL 72
172 ORDER 274 41 3 19 34 0
173 ORDER 275 6 12 3 21 0
174 ORDER 276 41 32 41 35 0
174 ORDER 277 25 12 1 32 0
175 ORDER 278 34 9 32 34 3
176 ORDER 279 27 9 1 19 0
176 ORDER 280 45 32 14 34 0
177 ORDER 281 44 8 26 35 2
177 ORDER 282 13 26 22 34 1
178 ORDER 283 20 11 1 10 0
178 ORDER 284 10 3 1 34 3
179 ORDER 285 30 3 1 18 0
180 ORDER 286 20 15 1 26 0
180 ORDER 287 33 3 3 9 1
181 ORDER 288 45 14 2 28 1
182 ORDER 289 26 30 3 10 1
183 ORDER 290 8 17 14 34 0
183 ORDER 291 33 3 2 19 1
184 ORDER 292 16 14 32 34 1
184 ORDER 293 7 21 14 34 0
185 ORDER 294 22 26 46 35 0
186 ORDER 295 27 24 40 34 0
186 ORDER 296 39 12 13 34 0
187 ORDER 297 35 32 2 12 0
188 ORDER 298 31 8 3 7 0
188 ORDER 299 17 12 28 35 0
189 ORDER 300 30 30 19 35 0
189 ORDER 301 17 30 2 2 1
190 CANCEL 236
190 ORDER 302 22 15 31 34 2
191 ORDER 303 27 11 8 34 1
191 ORDER 304 40 23 1 13 0
192 ORDER 305 31 14 3 34 0
192 ORDER 306 9 21 23 34 2
193 ORDER 307 11 9 2 32 1
194 CANCEL 25
194 ORDER 308 28 18 31 35 3
195 ORDER 309 7 5 2 14 0
195 ORDER 310 11 11 4 35 0
196 ORDER 311 21 13 6 35 2
196 ORDER 312 14 24 3 22 1
197 ORDER 313 31 17 5 34 0
198 ORDER 314 22 11 2 7 3
198 ORDER 315 18 15 35 35 0
199 ORDER 316 8 18 1 29 1
199 ORDER 317 26 6 15 34 0
200 ORDER 318 30 8 24 35 0
201 ORDER 319 27 6 13 34 0
201 ORDER 320 14 8 3 24 2
202 UNBLOCK 12 32
202 ORDER 321 17 3 43 34 2
202 ORDER 322 7 29 2 12 0
203 ORDER 323 6 3 3 14 0
203 ORDER 324 7 15 21 34 0
204 ORDER 325 20 27 38 34 0
205 ORDER 326 13 5 29 34 2
205 CANCEL 100326
206 ORDER 327 29 29 21 34 0
207 ORDER 328 13 27 2 16 0
207 ORDER 329 13 26 8 35 2
208 CANCEL 90
208 ORDER 330 38 24 2 27 0
208 ORDER 331 30 30 3 29 2
209 ORDER 332 11 6 3 28 0
209 ORDER 333 28 20 34 34 0
210 CANCEL 180
210 ORDER 334 6 26 1 4 0
210 ORDER 335 22 5 1 30 0
211 ORDER 336 12 21 38 35 0
211 ORDER 337 29 20 31 34 0
212 ORDER 338 23 24 3 7 0
213 ORDER 339 10 21 3 32 1
214 ORDER 340 24 20 1 8 0
215 ORDER 341 19 11 2 33 0
216 ORDER 342 38 26 2 12 0
217 CANCEL 36
217 ORDER 343 21 15 21 34 1
217 ORDER 344 38 26 3 26 0
218 ORDER 345 41 24 8 35 1
218 ORDER 346 45 30 36 34 1
219 ORDER 347 12 18 7 35 0
220 CANCEL 126
220 ORDER 348 9 3 1 11 0
220 ORDER 349 39 4 40 34 0
221 ORDER 350 35 9 42 35 3
221 ORDER 351 45 14 3 25 0
222 ORDER 352 22 11 37 34 1
223 ORDER 353 29 24 1 31 0
223 ORDER 354 37 21 1 3 0
224 ORDER 355 15 7 7 35 0
224 ORDER 356 23 26 2 22 0
225 ORDER 357 25 32 1 14 1
225 ORDER 358 14 17 2 3 2
226 CANCEL 89
226 ORDER 359 20 21 19 35 1
227 ORDER 360 10 23 34 34 0
228 ORDER 361 8 11 2 11 0
228 ORDER 362 7 17 5 35 2
229 ORDER 363 30 20 39 34 1
230 ORDER 364 9 6 1 9 2
231 ORDER 365 40 30 1 27 0
231 ORDER 366 20 14 2 31 0
232 ORDER 367 18 5 33 35 0
233 ORDER 368 26 23 45 34 2
234 ORDER 369 18 20 20 34 0
234 ORDER 370 10 5 1 17 3
235 CANCEL 235
235 ORDER 371 36 9 48 34 3
236 ORDER 372 36 24 3 3 0
237 ORDER 373 10 17 9 34 0
238 ORDER 374 14 17 2 13 2
238 ORDER 375 8 3 3 33 2
239 ORDER 376 25 23 14 34 1
239 ORDER 377 39 29 1 29 1
240 ORDER 378 32 20 46 35 0
240 ORDER 379 11 32 35 35 0
241 ORDER 380 13 11 26 34 0
241 ORDER 381 45 21 7 34 0
242 ORDER 382 19 21 1 2 1
242 ORDER 383 13 21 24 34 0
243 ORDER 384 37 23 18 35 0
244 ORDER 385 33 17 19 35 3
244 ORDER 386 8 26 3 16 0
245 ORDER 387 31 6 4 34 0
245 ORDER 388 30 18 6 34 0
246 ORDER 389 31 27 3 29 0
247 ORDER 390 17 6 8 34 1
248 ORDER 391 17 17 33 34 0
249 CANCEL 155
249 CANCEL 315
249 ORDER 392 40 14 1 27 1
249 ORDER 393 19 30 2 9 3
250 ORDER 394 39 20 2 23 1
250 ORDER 395 33 15 41 34 0
251 ORDER 396 29 5 2 18 0
251 ORDER 397 20 6 2 4 2
252 ORDER 398 20 18 6 35 1
252 ORDER 399 7 24 38 34 0
253 CANCEL 364
253 ORDER 400 32 3 2 24 1
254 ORDER 401 14 8 2 17 0
254 ORDER 402 34 3 19 34 0
255 ORDER 403 22 31 1 4 3
255 ORDER 404 13 29 27 34 1
256 ORDER 405 17 15 2 5 0
257 ORDER 406 35 8 1 21 3
258 ORDER 407 6 27 14 35 1
259 ORDER 408 7 21 3 19 0
259 ORDER 409 18 5 2 5 2
260 CANCEL 98
260 ORDER 410 39 26 3 31 2
260 ORDER 411 7 27 1 23 0
261 ORDER 412 43 4 2 18 0
262 ORDER 413 45 26 2 5 0
262 ORDER 414 10 29 12 35 0
263 ORDER 415 6 30 16 34 1
263 ORDER 416 28 27 3 22 1
264 ORDER 417 39 8 25 34 2
264 ORDER 418 19 26 18 35 1
265 ORDER 419 20 24 8 34 1
266 ORDER 420 26 21 1 27 0
267 ORDER 421 8 27 3 15 1
267 ORDER 422 19 32 3 15 1
268 ORDER 423 39 21 38 35 0
269 ORDER 424 33 3 2 7 0
269 ORDER 425 45 14 1 8 0
270 ORDER 426 12 20 3 14 0
271 ORDER 427 8 26 2 5 0
271 ORDER 428 26 26 3 14 0
272 ORDER 429 20 32 3 8 1
272 ORDER 430 10 6 2 31 1
273 ORDER 431 24 17 2 28 0
274 ORDER 432 38 20 15 34 0
275 ORDER 433 11 9 2 20 0
275 ORDER 434 6 12 2 5 1
276 CANCEL 281
276 ORDER 435 17 23 2 14 0
276 ORDER 436 39 9 34 34 0
277 ORDER 437 34 11 3 14 0
278 ORDER 438 11 27 34 35 1
278 ORDER 439 40 12 44 34 1
279 ORDER 440 32 20 3 31 0
280 ORDER 441 27 9 1 2 0
281 ORDER 442 41 12 13 35 3
281 ORDER 443 9 6 2 1 0
282 CANCEL 200
282 ORDER 444 39 3 2 23 0
283 ORDER 445 28 12 48 35 0
284 ORDER 446 8 8 32 34 1
285 CANCEL 330
285 ORDER 447 17 21 2 10 0
285 ORDER 448 26 12 1 32 3
286 CANCEL 191
286 CANCEL 353
286 ORDER 449 45 27 3 11 0
287 ORDER 450 27 26 26 34 0
287 ORDER 451 13 24 1 26 2
288 ORDER 452 35 26 21 35 1
288 ORDER 453 35 18 27 34 1
289 ORDER 454 27 21 27 34 3
290 ORDER 455 37 15 17 34 0
290 ORDER 456 15 32 3 25 1
291 ORDER 457 11 30 1 7 2
292 ORDER 458 19 9 33 34 0
292 ORDER 459 8 7 48 35 2
293 ORDER 460 40 27 45 34 0
293 ORDER 461 26 30 23 34 1
294 ORDER 462 6 3 1 26 0
294 ORDER 463 23 18 16 35 0
295 ORDER 464 29 18 1 28 0
295 ORDER 465 32 26 17 34 1
296 ORDER 466 35 21 44 34 0
296 ORDER 467 35 29 1 5 0
297 ORDER 468 30 24 45 34 0
297 ORDER 469 19 29 2 27 0
298 ORDER 470 7 23 2 5 1
298 ORDER 471 13 18 48 34 1
299 CANCEL 325
299 ORDER 472 17 5 3 15 0
299 ORDER 473 35 30 2 29 0
300 ORDER 474 43 11 35 34 0
300 ORDER 475 22 18 11 35 0
301 ORDER 476 36 24 3 21 2
302 CANCEL 192
302 ORDER 477 36 12 38 34 0
302 ORDER 478 15 6 44 35 0
303 ORDER 479 30 18 2 29 0
304 ORDER 480 18 12 44 35 1
304 ORDER 481 29 24 3 10 0
305 ORDER 482 23 17 2 5 1
306 ORDER 483 6 5 22 35 0
306 ORDER 484 6 14 26 34 1
307 ORDER 485 10 14 2 15 1
308 ORDER 486 39 6 5 34 1
308 ORDER 487 16 9 3 31 0
309 ORDER 488 37 15 30 34 1
309 ORDER 489 19 5 1 17 3
310 ORDER 490 28 15 2 8 0
310 ORDER 491 36 14 3 34 0
311 ORDER 492 16 3 3 32 2
312 ORDER 493 21 5 23 35 0
313 ORDER 494 32 26 1 18 0
313 ORDER 495 42 26 36 34 0
314 ORDER 496 15 8 5 34 2
314 ORDER 497 35 26 10 34 2
315 ORDER 498 12 29 1 2 0
316 ORDER 499 15 32 1 26 1
316 ORDER 500 14 32 3 11 0
317 ORDER 501 35 29 6 34 1
318 ORDER 502 29 18 2 23 1
319 ORDER 503 11 14 10 34 2
319 ORDER 504 21 23 8 34 0
320 ORDER 505 20 18 40 35 0
320 ORDER 506 19 9 3 7 0
321 ORDER 507 21 29 34 34 1
322 CANCEL 302
322 ORDER 508 28 26 1 35 3
322 ORDER 509 39 9 1 26 1
323 ORDER 510 18 24 11 34 3
323 ORDER 511 31 24 1 14 0
324 ORDER 512 38 18 31 34 0
324 ORDER 513 30 21 2 16 0
325 ORDER 514 38 14 11 34 0
325 ORDER 515 38 14 48 35 0
326 ORDER 516 10 5 6 34 0
326 ORDER 517 17 20 42 35 0
327 ORDER 518 27 20 22 34 1
327 ORDER 519 42 3 3 12 0
328 CANCEL 339
328 ORDER 520 32 14 4 35 2
329 ORDER 521 27 29 3 15 0
330 ORDER 522 37 12 2 28 0
331 ORDER 523 27 12 33 35 0
331 ORDER 524 29 21 1 27 1
332 ORDER 525 29 17 3 35 0
333 CANCEL 356
333 ORDER 526 19 15 3 4 1
334 ORDER 527 17 3 1 26 1
334 ORDER 528 36 26 2 6 0
335 ORDER 529 41 20 27 35 1
335 ORDER 530 32 15 3 34 1
336 ORDER 531 14 24 5 35 1
337 CANCEL 465
337 ORDER 532 17 17 16 35 1
338 ORDER 533 23 15 2 17 0
339 ORDER 534 32 3 3 8 0
339 ORDER 535 31 6 3 18 2
340 ORDER 536 8 12 48 35 2
341 ORDER 537 39 14 13 34 1
341 ORDER 538 39 8 44 34 0
342 ORDER 539 31 12 22 35 2
342 ORDER 540 30 32 2 33 0
343 ORDER 541 8 14 3 8 0
344 ORDER 542 36 29 2 33 0
345 ORDER 543 43 23 29 34 0
346 ORDER 544 7 12 1 30 1
347 ORDER 545 33 15 5 35 1
347 ORDER 546 7 14 2 18 1
348 ORDER 547 17 5 31 34 0
349 ORDER 548 35 26 3 35 0
349 ORDER 549 44 27 1 35 0
350 ORDER 550 13 29 3 20 0
350 ORDER 551 33 17 30 35 3
351 ORDER 552 43 5 17 35 0
351 ORDER 553 13 9 17 34 0
352 ORDER 554 45 20 2 23 0
352 ORDER 555 18 21 21 35 1
353 ORDER 556 17 3 1 3 0
353 BLOCK 39 24
354 CANCEL 381
354 ORDER 557 14 17 2 27 0
354 ORDER 558 10 20 16 34 0
355 ORDER 559 22 20 3 27 1
355 ORDER 560 16 11 31 34 0
356 ORDER 561 44 12 1 21 3
357 ORDER 562 7 32 2 28 0
358 ORDER 563 44 27 1 28 1
358 ORDER 564 39 27 29 35 0
359 ORDER 565 6 9 11 34 1
359 ORDER 566 36 12 2 16 1
359 BLOCK 17 6
360 ORDER 567 36 24 7 35 0
360 ORDER 568 40 20 28 35 2
361 ORDER 569 19 32 1 6 0
361 ORDER 570 33 17 27 35 0
362 ORDER 571 9 9 24 34 0
362 ORDER 572 36 24 1 24 0
363 ORDER 573 7 9 14 34 1
363 ORDER 574 43 11 45 34 0
364 CANCEL 351
364 CANCEL 365
364 ORDER 575 37 14 2 32 1
364 ORDER 576 28 29 3 15 1
365 ORDER 577 17 21 7 34 0
366 ORDER 578 28 5 12 35 0
366 ORDER 579 24 18 3 4 0
367 CANCEL 375
367 ORDER 580 10 11 16 35 1
367 ORDER 581 7 23 2 19 2
368 ORDER 582 16 5 41 34 1
368 ORDER 583 45 14 2 34 2
369 ORDER 584 40 17 42 35 0
370 ORDER 585 7 26 2 33 0
370 ORDER 586 27 11 47 35 0
371 CANCEL 477
371 ORDER 587 22 32 22 34 0
372 ORDER 588 6 29 1 27 3
373 ORDER 589 31 29 1 2 0
373 ORDER 590 14 30 8 35 0
374 ORDER 591 41 32 9 35 0
375 ORDER 592 19 30 42 35 2
375 ORDER 593 40 12 35 35 0
376 ORDER 594 10 20 1 25 0
376 ORDER 595 26 27 41 35 2
377 CANCEL 430
377 ORDER 596 7 9 27 35 0
378 ORDER 597 21 24 17 35 0
378 ORDER 598 21 26 15 34 2
379 ORDER 599 31 17 3 10 2
380 ORDER 600 31 23 7 34 0
380 ORDER 601 11 9 33 34 0
381 ORDER 602 38 14 39 34 0
381 ORDER 603 21 20 10 34 1
382 ORDER 604 36 15 48 35 2
382 ORDER 605 20 9 3 19 0
383 ORDER 606 6 11 3 31 1
383 ORDER 607 28 21 26 35 0
384 ORDER 608 16 8 19 35 1
384 ORDER 609 20 5 15 35 1
385 ORDER 610 28 18 3 7 1
386 ORDER 611 37 32 2 7 0
387 ORDER 612 44 21 1 30 1
387 ORDER 613 19 8 1 31 0
388 ORDER 614 24 3 3 25 0
388 ORDER 615 9 29 2 24 1
389 ORDER 616 8 9 3 9 0
389 ORDER 617 16 5 44 35 3
390 ORDER 618 11 24 42 35 0
390 ORDER 619 20 12 23 34 1
391 CANCEL 538
391 ORDER 620 7 3 34 34 3
391 ORDER 621 35 5 28 34 1
392 ORDER 622 35 24 1 3 0
392 ORDER 623 8 29 1 28 0
393 CANCEL 338
393 ORDER 624 26 23 2 11 2
393 ORDER 625 9 27 1 12 0
394 CANCEL 485
394 ORDER 626 39 24 1 23 1
394 ORDER 627 35 11 2 6 0
395 ORDER 628 38 15 2 28 0
396 ORDER 629 35 5 3 18 1
396 ORDER 630 10 6 2 18 0
397 ORDER 631 25 8 2 2 0
397 ORDER 632 11 20 29 34 0
398 ORDER 633 35 21 1 13 0
399 ORDER 634 40 23 1 16 0
400 ORDER 635 31 18 28 34 1
400 ORDER 636 22 23 3 25 0
401 ORDER 637 41 3 2 10 1
401 ORDER 638 40 5 19 34 0
402 CANCEL 534
402 ORDER 639 38 21 3 20 2
402 ORDER 640 8 14 12 34 0
403 ORDER 641 27 12 3 2 0
403 ORDER 642 30 3 1 22 1
404 ORDER 643 29 27 45 35 0
404 ORDER 644 38 3 30 34 0
405 ORDER 645 18 30 22 35 0
405 ORDER 646 10 8 2 22 0
406 ORDER 647 19 5 31 35 0
406 ORDER 648 37 24 2 7 1
407 CANCEL 531
407 ORDER 649 10 27 2 26 0
408 ORDER 650 11 20 3 17 0
408 ORDER 651 44 11 3 33 1
409 CANCEL 411
409 ORDER 652 25 9 3 21 0
410 ORDER 653 27 12 45 34 0
410 ORDER 654 14 15 1 34 0
411 ORDER 655 30 18 37 34 2
411 ORDER 656 30 8 3 32 0
412 ORDER 657 21 11 3 11 0
412 ORDER 658 43 11 1 32 0
413 ORDER 659 11 32 2 18 0
413 ORDER 660 36 30 1 16 1
414 ORDER 661 11 8 3 25 3
415 ORDER 662 26 12 1 11 2
416 ORDER 663 11 24 34 35 0
417 ORDER 664 9 21 1 5 0
417 ORDER 665 21 15 2 9 0
418 ORDER 666 44 29 34 34 1
418 ORDER 667 30 6 36 35 0
419 ORDER 668 11 14 1 2 0
419 ORDER 669 22 14 2 14 1
420 ORDER 670 45 17 3 5 0
420 ORDER 671 8 25 15 34 1
421 ORDER 672 9 21 3 6 1
422 CANCEL 475
422 ORDER 673 12 17 3 25 0
423 ORDER 674 40 5 26 34 3
423 ORDER 675 17 17 12 35 1
424 CANCEL 479
424 ORDER 676 41 17 12 35 0
425 ORDER 677 44 29 24 34 0
425 ORDER 678 8 8 3 12 3
426 ORDER 679 31 20 23 34 0
427 ORDER 680 18 6 13 35 0
427 ORDER 681 8 14 2 16 1
428 ORDER 682 26 32 2 16 1
429 ORDER 683 21 27 1 18 3
429 ORDER 684 19 11 26 34 0
430 ORDER 685 42 18 32 34 2
430 ORDER 686 37 19 47 35 0
431 ORDER 687 36 17 1 25 0
431 ORDER 688 37 26 17 34 0
432 ORDER 689 31 6 3 15 2
432 ORDER 690 32 15 3 29 2
433 ORDER 691 9 18 8 35 2
433 ORDER 692 29 3 1 11 3
434 ORDER 693 18 9 25 35 3
434 ORDER 694 39 27 1 26 1
435 ORDER 695 7 27 2 13 1
435 ORDER 696 7 30 2 11 0
436 ORDER 697 14 26 1 8 3
436 ORDER 698 42 24 31 34 1
437 CANCEL 603
437 ORDER 699 16 14 2 20 1
438 CANCEL 497
438 ORDER 700 33 32 1 21 1
438 ORDER 701 24 15 19 35 2
439 CANCEL 455
439 ORDER 702 39 18 45 35 0
439 ORDER 703 23 3 3 30 1
440 ORDER 704 35 29 3 14 0
440 ORDER 705 7 23 48 35 0
441 ORDER 706 41 18 29 35 1
441 ORDER 707 39 5 2 12 0
442 CANCEL 387
442 ORDER 708 24 3 28 34 1
443 ORDER 709 6 3 1 11 1
443 ORDER 710 21 31 1 1 1
444 ORDER 711 38 27 38 34 0
444 ORDER 712 29 29 2 18 1
445 ORDER 713 8 15 48 35 0
445 ORDER 714 16 21 1 5 0
445 BLOCK 16 6
446 ORDER 715 43 11 27 34 0
446 ORDER 716 33 5 3 21 2
447 ORDER 717 23 17 41 35 1
447 ORDER 718 40 8 1 33 0
448 ORDER 719 13 27 9 35 0
449 ORDER 720 40 30 44 35 1
449 ORDER 721 13 15 35 35 0
450 ORDER 722 8 27 3 20 3
451 ORDER 723 8 5 2 26 1
451 ORDER 724 39 26 19 35 0
452 ORDER 725 38 14 3 5 0
452 ORDER 726 24 8 1 19 0
453 CANCEL 610
453 ORDER 727 39 23 30 34 0
453 ORDER 728 28 18 2 2 1
454 ORDER 729 9 15 2 22 0
454 ORDER 730 14 24 29 34 1
455 ORDER 731 40 5 1 34 0
456 ORDER 732 16 32 45 35 0
456 ORDER 733 10 30 1 6 0
457 ORDER 734 43 6 34 34 1
458 ORDER 735 13 21 2 33 0
458 BLOCK 44 30
459 ORDER 736 23 26 30 34 0
459 ORDER 737 27 14 45 35 1
460 ORDER 738 22 12 2 10 0
460 ORDER 739 30 27 2 25 0
461 CANCEL 681
461 ORDER 740 20 26 3 27 0
461 ORDER 741 22 18 2 16 0
462 ORDER 742 20 21 3 10 0
462 BLOCK 18 15
463 ORDER 743 29 27 1 32 3
463 ORDER 744 37 20 3 12 0
464 UNBLOCK 39 24
464 ORDER 745 19 27 2 26 1
465 ORDER 746 26 6 2 18 0
466 ORDER 747 18 17 38 35 1
467 ORDER 748 18 27 3 13 1
468 ORDER 749 7 6 1 1 0
469 ORDER 750 27 23 5 34 0
470 ORDER 751 28 14 30 35 0
471 ORDER 752 8 14 2 30 0
472 ORDER 753 22 20 1 8 0
473 ORDER 754 20 23 2 3 0
474 CANCEL 659
474 ORDER 755 18 18 2 35 0
474 ORDER 756 40 15 28 35 2
475 CANCEL 722
475 ORDER 757 32 23 1 18 0
476 ORDER 758 15 6 30 34 0
477 ORDER 759 7 9 3 23 2
477 ORDER 760 21 9 9 35 3
478 ORDER 761 38 20 31 35 0
479 CANCEL 677
479 ORDER 762 17 8 1 12 2
479 ORDER 763 8 8 1 14 0
480 CANCEL 720
480 ORDER 764 13 21 16 35 0
480 ORDER 765 43 11 33 34 0
481 CANCEL 619
481 ORDER 766 11 29 47 34 1
481 ORDER 767 20 8 1 8 3
482 ORDER 768 18 24 2 25 0
483 ORDER 769 40 6 1 14 0
484 ORDER 770 30 18 28 34 0
484 ORDER 771 43 11 33 34 1
485 UNBLOCK 16 6
485 ORDER 772 18 32 1 6 2
486 ORDER 773 16 21 3 6 2
486 ORDER 774 40 15 5 35 2
487 ORDER 775 41 27 21 34 2
487 ORDER 776 28 18 25 35 0
488 ORDER 777 22 20 4 34 0
489 ORDER 778 31 9 1 28 1
489 ORDER 779 45 20 3 8 0
490 ORDER 780 45 17 22 34 0
491 ORDER 781 38 18 1 2 0
491 ORDER 782 9 12 35 35 1
492 ORDER 783 39 15 2 29 1
493 ORDER 784 12 24 4 34 0
494 UNBLOCK 17 6
494 ORDER 785 6 18 3 10 0
494 ORDER 786 21 11 47 35 0
495 ORDER 787 18 9 1 29 0
495 ORDER 788 42 17 2 25 1
496 ORDER 789 44 27 3 14 1
497 ORDER 790 37 30 42 35 0
497 ORDER 791 23 18 2 11 0
498 ORDER 792 11 15 35 35 0
498 ORDER 793 23 20 2 24 1
499 ORDER 794 27 12 1 27 0
500 ORDER 795 13 24 26 34 1
500 ORDER 796 34 30 3 1 1
501 CANCEL 647
501 ORDER 797 18 5 15 34 1
502 ORDER 798 29 29 9 35 0
502 ORDER 799 41 5 1 24 0
503 ORDER 800 35 21 1 35 1
504 ORDER 801 17 21 2 6 1
504 ORDER 802 32 17 20 35 0
505 ORDER 803 11 30 48 34 0
505 ORDER 804 44 14 7 34 3
506 ORDER 805 39 3 1 32 0
507 ORDER 806 13 23 12 34 1
507 ORDER 807 36 14 2 1 0
508 ORDER 808 11 18 1 21 1
509 ORDER 809 37 23 4 34 0
509 ORDER 810 13 12 2 5 0
510 CANCEL 499
510 CANCEL 701
510 ORDER 811 36 17 1 31 0
510 ORDER 812 45 17 28 35 0
511 ORDER 813 40 24 42 35 0
511 ORDER 814 9 6 2 14 0
512 ORDER 815 45 14 21 34 0
512 ORDER 816 20 23 34 34 0
513 ORDER 817 34 9 7 35 0
513 ORDER 818 6 9 3 32 0
514 ORDER 819 41 20 7 34 1
515 CANCEL 525
515 ORDER 820 42 15 3 1 0
516 ORDER 821 18 23 2 9 0
516 ORDER 822 28 9 3 11 1
517 ORDER 823 27 26 24 35 1
518 CANCEL 602
518 ORDER 824 14 29 2 27 3
518 ORDER 825 7 32 24 35 0
519 ORDER 826 40 21 25 34 0
520 ORDER 827 7 5 3 15 0
520 ORDER 828 33 30 1 17 0
521 ORDER 829 30 12 2 12 0
522 ORDER 830 17 30 12 35 1
522 ORDER 831 7 21 3 30 0
523 ORDER 832 8 20 27 35 2
524 ORDER 833 28 24 4 35 0
524 ORDER 834 8 27 19 34 2
525 ORDER 835 26 27 8 34 0
525 ORDER 836 22 20 1 11 1
526 CANCEL 731
526 ORDER 837 35 29 3 32 2
527 ORDER 838 10 23 29 35 0
527 ORDER 839 35 8 41 35 1
528 ORDER 840 31 15 27 35 0
528 ORDER 841 17 23 1 17 0
529 CANCEL 793
529 ORDER 842 30 26 7 35 2
529 ORDER 843 38 5 40 34 0
530 ORDER 844 38 23 33 35 0
530 ORDER 845 27 18 3 25 0
531 ORDER 846 11 11 20 35 0
531 ORDER 847 12 18 1 8 1
532 ORDER 848 11 6 3 13 2
532 ORDER 849 30 23 1 25 0
533 ORDER 850 14 17 23 34 1
533 ORDER 851 38 24 2 17 0
534 ORDER 852 21 14 2 14 0
535 ORDER 853 32 17 2 3 1
536 ORDER 854 36 32 47 34 1
537 CANCEL 642
537 ORDER 855 7 5 32 34 1
537 ORDER 856 20 16 28 35 0
538 CANCEL 837
538 ORDER 857 7 15 33 35 0
538 ORDER 858 39 20 18 34 0
539 CANCEL 594
539 ORDER 859 37 12 45 34 0
539 ORDER 860 44 9 6 34 2
540 ORDER 861 22 26 37 34 0
540 ORDER 862 28 29 1 27 0
541 ORDER 863 11 5 48 34 0
542 ORDER 864 25 6 41 35 1
542 ORDER 865 10 12 2 28 0
543 ORDER 866 18 6 1 27 0
544 UNBLOCK 44 30
544 ORDER 867 26 14 2 30 0
545 ORDER 868 6 26 3 17 1
546 ORDER 869 45 28 1 26 1
546 ORDER 870 27 5 2 20 0
547 ORDER 871 29 32 3 21 0
547 ORDER 872 39 15 1 23 0
548 ORDER 873 11 14 39 34 0
549 ORDER 874 11 11 3 9 0
549 ORDER 875 18 24 3 31 0
550 ORDER 876 26 6 1 6 0
551 ORDER 877 18 15 1 22 1
551 ORDER 878 10 23 31 35 0
552 ORDER 879 10 8 22 35 0
552 ORDER 880 9 24 3 9 2
553 ORDER 881 7 32 36 34 1
553 ORDER 882 26 24 2 29 0
554 ORDER 883 40 12 3 8 0
554 ORDER 884 9 17 2 34 0
555 ORDER 885 27 17 29 34 0
555 ORDER 886 8 21 9 35 0
556 ORDER 887 9 6 11 34 1
556 ORDER 888 35 21 1 34 0
557 ORDER 889 35 5 31 34 0
557 ORDER 890 36 21 2 1 1
558 ORDER 891 30 11 9 34 2
558 ORDER 892 29 18 2 6 1
559 ORDER 893 29 11 30 35 0
559 ORDER 894 30 24 1 6 0
560 ORDER 895 35 9 43 35 2
560 ORDER 896 45 24 3 3 1
561 CANCEL 657
561 ORDER 897 28 15 41 35 0
561 ORDER 898 30 18 32 35 0
562 ORDER 899 9 29 2 14 0
562 ORDER 900 29 23 2 9 0
563 ORDER 901 7 17 34 34 1
564 ORDER 902 35 3 1 31 0
564 ORDER 903 27 26 2 34 0
565 ORDER 904 23 26 26 35 2
565 ORDER 905 14 27 1 9 1
566 ORDER 906 38 14 1 11 1
566 ORDER 907 30 17 45 34 0
567 ORDER 908 29 20 19 34 1
568 ORDER 909 17 15 1 13 0
569 CANCEL 651
569 ORDER 910 25 32 2 24 2
569 ORDER 911 22 15 2 33 1
570 ORDER 912 45 12 7 35 1
571 ORDER 913 21 24 8 35 0
571 ORDER 914 9 12 3 2 0
572 ORDER 915 9 14 3 18 0
572 ORDER 916 30 5 3 24 0
573 ORDER 917 19 8 28 35 0
573 ORDER 918 32 15 41 34 0
574 ORDER 919 13 14 3 1 0
574 ORDER 920 28 3 44 34 0
575 ORDER 921 7 12 2 28 0
575 ORDER 922 21 32 1 24 0
576 ORDER 923 19 17 3 33 1
577 ORDER 924 6 30 3 26 1
577 BLOCK 39 14
578 ORDER 925 14 17 2 8 0
578 ORDER 926 44 12 44 34 0
579 CANCEL 614
579 ORDER 927 20 17 27 35 0
579 ORDER 928 33 32 3 23 2
580 CANCEL 708
580 ORDER 929 41 14 2 24 0
580 ORDER 930 35 26 29 34 0
581 CANCEL 924
581 ORDER 931 7 20 46 35 0
582 UNBLOCK 18 15
582 ORDER 932 9 26 3 17 0
582 ORDER 933 9 27 3 11 0
583 ORDER 934 24 15 16 35 1
583 ORDER 935 13 14 39 34 0
584 CANCEL 917
584 ORDER 936 16 3 17 35 1
584 ORDER 937 43 6 3 8 2
585 ORDER 938 6 12 3 11 0
586 ORDER 939 31 27 4 34 0
586 ORDER 940 12 27 3 28 1
587 ORDER 941 31 3 22 35 0
587 ORDER 942 19 11 27 35 0
588 CANCEL 646
588 ORDER 943 14 27 19 35 0
588 ORDER 944 40 6 3 2 0
589 ORDER 945 19 9 3 27 0
589 ORDER 946 37 9 47 34 0
590 ORDER 947 16 6 3 27 0
591 CANCEL 923
591 ORDER 948 7 17 27 35 0
591 ORDER 949 6 17 7 35 1
592 ORDER 950 25 32 3 29 1
592 ORDER 951 29 11 2 22 0
593 ORDER 952 27 20 2 18 0
593 ORDER 953 23 24 31 35 0
594 CANCEL 748
594 ORDER 954 17 29 3 34 0
594 ORDER 955 6 21 1 25 0
594 BLOCK 10 8
595 CANCEL 849
595 ORDER 956 39 26 2 15 0
595 ORDER 957 40 26 3 23 0
596 ORDER 958 17 11 3 11 1
597 ORDER 959 28 24 1 13 0
598 ORDER 960 10 12 1 18 0
598 ORDER 961 10 8 48 35 3
599 ORDER 962 34 30 28 35 1
599 ORDER 963 27 6 1 13 1
600 ORDER 964 27 26 39 35 1
601 ORDER 965 16 11 3 28 1
601 ORDER 966 30 14 1 12 1
602 CANCEL 965
602 ORDER 967 39 24 22 35 1
602 ORDER 968 22 26 1 23 1
603 ORDER 969 44 29 2 13 1
603 ORDER 970 9 23 36 35 1
604 ORDER 971 27 30 4 34 0
605 ORDER 972 17 29 3 14 0
606 ORDER 973 13 9 21 34 1
606 ORDER 974 38 8 3 1 0
607 ORDER 975 30 3 2 28 0
608 ORDER 976 30 14 1 5 0
609 CANCEL 756
609 ORDER 977 9 21 1 7 1
609 ORDER 978 35 5 48 34 1
610 ORDER 979 20 18 43 35 0
611 CANCEL 871
611 ORDER 980 39 21 3 9 3
612 CANCEL 975
612 ORDER 981 25 23 3 14 0
612 ORDER 982 12 9 8 35 0
613 ORDER 983 29 3 32 35 0
613 ORDER 984 21 32 35 35 0
614 CANCEL 835
614 ORDER 985 36 17 1 13 0
614 ORDER 986 38 20 1 19 0
615 ORDER 987 44 22 1 28 2
615 ORDER 988 8 15 1 20 0
616 ORDER 989 8 18 1 33 0
616 ORDER 990 29 18 41 35 0
617 ORDER 991 11 27 16 35 1
617 ORDER 992 13 11 3 2 2
618 ORDER 993 14 32 1 29 3
619 ORDER 994 44 12 1 8 0
619 ORDER 995 14 20 2 15 0
620 CANCEL 872
620 ORDER 996 17 11 3 14 0
620 ORDER 997 7 15 3 1 2
621 ORDER 998 19 5 34 35 0
621 ORDER 999 30 23 3 29 0
622 ORDER 1000 16 6 1 31 0
622 ORDER 1001 21 14 18 34 0
623 ORDER 1002 40 20 3 31 2
623 ORDER 1003 27 14 29 34 0
624 ORDER 1004 26 29 2 13 0
624 ORDER 1005 8 26 10 34 2
625 ORDER 1006 10 6 2 30 3
625 ORDER 1007 12 3 37 34 0
626 ORDER 1008 41 15 3 8 0
627 ORDER 1009 37 20 48 34 0
627 ORDER 1010 40 12 24 35 0
628 ORDER 1011 37 20 2 2 2
629 ORDER 1012 37 9 3 18 0
629 ORDER 1013 30 24 34 35 2
630 UNBLOCK 10 8
630 ORDER 1014 11 6 39 35 0
630 ORDER 1015 7 24 1 27 0
631 ORDER 1016 39 6 1 16 1
632 ORDER 1017 40 18 1 33 0
633 CANCEL 813
633 ORDER 1018 12 11 3 30 1
633 ORDER 1019 41 3 2 33 0
634 CANCEL 810
634 ORDER 1020 10 5 22 35 0
635 CANCEL 811
635 ORDER 1021 41 29 42 35 0
635 ORDER 1022 17 20 9 35 1
636 ORDER 1023 32 8 24 35 0
636 ORDER 1024 16 21 1 4 1
637 ORDER 1025 11 32 46 34 0
637 ORDER 1026 19 3 14 35 0
638 ORDER 1027 41 18 2 26 0
638 ORDER 1028 21 29 3 11 2
639 ORDER 1029 45 9 3 26 0
640 ORDER 1030 39 12 27 34 0
640 ORDER 1031 45 15 48 35 0
641 ORDER 1032 44 14 32 34 3
641 ORDER 1033 41 18 44 34 1
642 ORDER 1034 7 27 41 35 1
642 ORDER 1035 21 18 1 30 0
643 ORDER 1036 18 23 2 6 0
643 ORDER 1037 21 15 3 5 0
644 ORDER 1038 28 26 1 4 2
644 ORDER 1039 26 30 48 35 3
645 ORDER 1040 38 9 3 12 2
646 ORDER 1041 28 5 3 20 3
647 ORDER 1042 33 3 1 7 1
648 ORDER 1043 14 30 17 35 0
649 ORDER 1044 35 26 19 34 0
649 ORDER 1045 19 6 6 35 0
650 ORDER 1046 6 6 2 32 0
650 ORDER 1047 45 27 2 12 2
651 ORDER 1048 24 8 3 33 1
651 ORDER 1049 22 9 3 25 3
652 ORDER 1050 6 18 13 35 0
653 ORDER 1051 18 30 28 35 0
653 ORDER 1052 41 17 16 35 0
654 CANCEL 786
654 ORDER 1053 8 3 43 35 0
655 ORDER 1054 21 26 34 35 1
656 ORDER 1055 10 9 17 34 0
656 ORDER 1056 41 32 33 34 0
657 ORDER 1057 19 17 47 35 0
657 ORDER 1058 41 12 1 27 2
658 ORDER 1059 7 32 1 13 3
659 ORDER 1060 30 15 27 34 0
660 ORDER 1061 12 14 13 35 1
661 ORDER 1062 17 6 1 9 1
661 ORDER 1063 17 17 31 35 0
662 ORDER 1064 16 9 1 4 1
662 ORDER 1065 32 27 3 25 1
663 ORDER 1066 10 9 48 35 1
663 ORDER 1067 36 26 26 34 0
664 ORDER 1068 12 26 7 34 0
664 ORDER 1069 11 29 1 30 0
665 ORDER 1070 37 11 1 32 0
666 ORDER 1071 30 14 1 17 0
666 ORDER 1072 40 8 1 8 1
667 ORDER 1073 8 3 1 25 0
667 ORDER 1074 27 27 1 9 1
668 ORDER 1075 22 18 3 35 0
668 ORDER 1076 27 21 1 9 0
669 ORDER 1077 26 12 16 35 2
670 ORDER 1078 10 26 46 34 1
670 ORDER 1079 10 21 35 35 0
671 ORDER 1080 9 29 30 34 0
672 ORDER 1081 36 24 1 26 0
672 ORDER 1082 10 12 1 14 2
673 ORDER 1083 24 5 1 7 0
674 ORDER 1084 6 15 1 10 0
674 ORDER 1085 20 20 29 34 0
675 ORDER 1086 33 5 1 27 0
676 ORDER 1087 20 27 4 35 2
677 ORDER 1088 9 29 28 34 1
678 ORDER 1089 8 27 11 35 0
678 ORDER 1090 7 30 27 35 0
679 ORDER 1091 21 5 41 35 1
679 ORDER 1092 45 18 4 35 1
680 ORDER 1093 18 8 16 34 0
680 ORDER 1094 36 17 20 34 0
681 ORDER 1095 27 8 1 33 3
681 ORDER 1096 13 23 20 35 0
682 ORDER 1097 37 18 12 35 0
683 ORDER 1098 27 20 46 35 0
684 CANCEL 994
684 ORDER 1099 21 20 3 10 0
684 ORDER 1100 44 9 1 24 0
684 BLOCK 44 24
685 CANCEL 827
685 ORDER 1101 17 20 3 17 2
685 ORDER 1102 17 11 1 31 0
686 CANCEL 865
686 ORDER 1103 31 9 28 35 0
686 ORDER 1104 18 3 13 34 0
687 CANCEL 900
687 ORDER 1105 15 6 3 28 2
688 ORDER 1106 40 3 1 6 0
689 ORDER 1107 40 15 1 8 0
689 ORDER 1108 36 8 3 6 0
689 BLOCK 32 29
690 ORDER 1109 7 29 3 27 0
690 ORDER 1110 16 12 1 17 2
691 CANCEL 861
691 ORDER 1111 12 5 2 11 1
691 ORDER 1112 17 12 3 30 0
692 ORDER 1113 10 12 1 33 1
692 ORDER 1114 13 12 34 34 2
693 ORDER 1115 11 12 2 26 0
693 ORDER 1116 28 20 2 14 1
694 ORDER 1117 39 9 3 15 1
694 ORDER 1118 36 15 3 29 0
695 ORDER 1119 11 14 3 10 0
695 ORDER 1120 28 32 3 6 1
696 ORDER 1121 16 8 30 34 0
697 ORDER 1122 39 12 10 35 3
697 ORDER 1123 7 23 28 35 0
698 ORDER 1124 39 21 41 34 1
698 ORDER 1125 14 20 13 34 1
699 ORDER 1126 8 5 3 24 1
700 ORDER 1127 40 12 3 6 1
701 ORDER 1128 20 15 3 11 0
702 ORDER 1129 39 26 2 24 1
703 ORDER 1130 40 24 35 34 0
703 ORDER 1131 35 3 12 35 0
704 ORDER 1132 40 21 21 35 1
704 ORDER 1133 6 9 36 34 3
705 CANCEL 841
705 ORDER 1134 18 15 1 7 1
705 ORDER 1135 39 9 19 34 0
706 ORDER 1136 41 14 2 8 0
707 ORDER 1137 15 6 3 35 0
707 ORDER 1138 30 12 2 19 0
708 ORDER 1139 14 27 1 23 1
708 ORDER 1140 19 17 30 35 0
709 CANCEL 958
709 ORDER 1141 24 15 1 5 0
709 ORDER 1142 26 23 37 34 0
710 ORDER 1143 45 8 33 34 1
711 ORDER 1144 16 21 16 35 1
711 ORDER 1145 8 5 15 35 0
712 CANCEL 919
712 ORDER 1146 27 14 32 34 0
713 ORDER 1147 29 5 6 35 0
714 ORDER 1148 28 20 3 8 1
714 ORDER 1149 10 29 42 34 0
715 ORDER 1150 32 6 1 7 0
716 ORDER 1151 35 23 3 3 0
716 ORDER 1152 29 12 3 6 3
717 ORDER 1153 19 12 24 35 1
717 ORDER 1154 32 24 3 13 0
718 CANCEL 1116
718 ORDER 1155 24 20 3 17 1
719 ORDER 1156 23 26 3 2 0
719 ORDER 1157 38 12 1 34 1
720 ORDER 1158 42 17 2 33 0
721 UNBLOCK 39 14
721 ORDER 1159 23 18 3 10 2
721 ORDER 1160 10 12 3 25 0
722 ORDER 1161 42 5 1 18 0
722 ORDER 1162 36 11 36 34 0
723 ORDER 1163 10 24 1 23 2
723 ORDER 1164 31 3 29 35 2
724 ORDER 1165 31 3 41 35 0
724 ORDER 1166 40 6 34 34 1
725 ORDER 1167 37 9 21 34 0
725 ORDER 1168 18 12 37 34 1
726 ORDER 1169 40 14 1 9 3
727 ORDER 1170 40 24 38 35 0
727 ORDER 1171 17 29 1 27 0
728 ORDER 1172 19 9 1 14 1
728 ORDER 1173 8 24 1 3 0
729 ORDER 1174 11 11 2 10 0
729 ORDER 1175 44 11 2 6 0
730 ORDER 1176 13 12 4 35 2
731 ORDER 1177 30 21 6 35 0
731 ORDER 1178 44 23 3 23 1
732 ORDER 1179 14 18 15 34 0
732 ORDER 1180 39 23 43 34 0
733 ORDER 1181 17 5 1 30 2
733 ORDER 1182 12 23 2 14 0
734 ORDER 1183 38 23 2 9 0
734 ORDER 1184 40 15 2 18 1
735 ORDER 1185 39 30 2 5 2
736 CANCEL 1108
736 ORDER 1186 35 29 37 35 0
737 ORDER 1187 31 9 10 35 2
738 ORDER 1188 29 24 9 35 0
739 ORDER 1189 16 5 17 35 0
740 ORDER 1190 6 32 3 18 0
740 ORDER 1191 33 32 3 4 0
741 CANCEL 1142
741 ORDER 1192 30 6 26 34 0
741 ORDER 1193 19 9 3 34 0
742 ORDER 1194 25 8 21 34 0
742 ORDER 1195 31 26 9 34 0
743 ORDER 1196 38 23 32 35 2
744 ORDER 1197 36 18 3 25 3
744 ORDER 1198 28 17 3 29 0
745 ORDER 1199 28 30 3 19 0
746 ORDER 1200 29 32 40 34 0
747 ORDER 1201 17 12 43 34 0
747 ORDER 1202 39 9 9 35 0
748 CANCEL 1071
748 ORDER 1203 19 18 42 34 0
748 ORDER 1204 45 26 39 34 0
749 ORDER 1205 45 32 2 7 0
749 ORDER 1206 20 8 13 35 2
750 CANCEL 1025
750 ORDER 1207 30 30 3 6 1
751 ORDER 1208 27 11 3 22 0
752 ORDER 1209 29 15 2 32 0
753 ORDER 1210 21 11 3 23 0
754 ORDER 1211 37 9 1 19 0
754 ORDER 1212 26 32 48 34 1
755 ORDER 1213 29 20 2 30 0
756 UNBLOCK 44 24
756 ORDER 1214 13 29 25 34 1
757 ORDER 1215 41 27 1 7 1
757 ORDER 1216 21 27 34 34 0
758 ORDER 1217 38 26 2 9 0
759 ORDER 1218 8 32 17 34 0
759 ORDER 1219 9 8 6 35 0
760 ORDER 1220 40 30 42 35 0
761 ORDER 1221 7 9 8 35 0
761 ORDER 1222 8 9 3 22 0
762 ORDER 1223 32 12 28 34 0
763 ORDER 1224 26 14 2 17 0
764 ORDER 1225 29 30 2 1 0
764 ORDER 1226 30 23 12 34 0
765 ORDER 1227 40 14 21 35 0
765 ORDER 1228 32 26 2 34 1
766 ORDER 1229 41 27 47 34 0
767 ORDER 1230 37 15 46 34 0
767 ORDER 1231 22 23 19 35 1
768 ORDER 1232 25 7 2 17 0
769 ORDER 1233 42 11 1 24 1
769 ORDER 1234 36 23 1 24 0
770 ORDER 1235 11 12 35 34 0
770 ORDER 1236 11 12 37 34 1
771 UNBLOCK 32 29
771 ORDER 1237 29 15 1 18 0
771 ORDER 1238 8 17 2 7 0
772 ORDER 1239 18 23 3 2 0
772 ORDER 1240 24 6 3 33 0
772 BLOCK 12 5
773 ORDER 1241 44 32 40 35 1
773 ORDER 1242 11 21 13 35 0
774 ORDER 1243 38 14 48 34 0
775 ORDER 1244 45 14 47 34 1
776 ORDER 1245 42 20 1 21 1
777 ORDER 1246 15 32 1 2 0
778 ORDER 1247 19 14 2 31 1
779 ORDER 1248 39 3 18 34 2
780 ORDER 1249 6 23 2 7 0
780 ORDER 1250 45 11 28 35 0
781 ORDER 1251 43 8 29 35 2
781 ORDER 1252 27 23 3 29 1
782 ORDER 1253 34 5 43 35 0
782 ORDER 1254 44 27 2 19 1
783 ORDER 1255 12 11 20 35 0
783 ORDER 1256 28 21 39 34 1
784 ORDER 1257 37 14 43 34 0
784 ORDER 1258 26 8 1 11 1
785 CANCEL 1253
785 ORDER 1259 18 21 1 27 0
785 ORDER 1260 20 17 34 34 0
786 ORDER 1261 44 11 18 34 0
786 ORDER 1262 31 5 1 5 1
787 ORDER 1263 18 15 3 22 1
787 ORDER 1264 22 24 3 27 0
788 CANCEL 1086
788 ORDER 1265 11 26 2 17 0
789 CANCEL 1049
789 ORDER 1266 32 8 1 3 1
790 ORDER 1267 26 6 1 15 0
790 ORDER 1268 7 12 32 34 0
791 ORDER 1269 42 5 29 35 1
791 ORDER 1270 20 5 37 34 0
792 ORDER 1271 20 17 22 35 0
792 ORDER 1272 43 23 1 35 0
793 ORDER 1273 21 24 3 24 1
794 ORDER 1274 13 3 2 35 0
794 ORDER 1275 44 32 1 10 1
795 ORDER 1276 34 30 2 28 0
795 ORDER 1277 14 20 10 34 1
796 CANCEL 1197
796 ORDER 1278 25 14 2 17 0
796 ORDER 1279 31 12 3 24 0
797 ORDER 1280 28 8 15 34 0
797 ORDER 1281 21 15 3 32 0
798 ORDER 1282 36 30 27 34 0
799 ORDER 1283 34 5 30 34 0
799 ORDER 1284 32 15 2 24 0
800 ORDER 1285 11 20 15 35 0
801 ORDER 1286 17 24 2 19 0
801 ORDER 1287 41 14 3 14 1
802 ORDER 1288 28 24 43 34 0
802 ORDER 1289 32 3 2 32 0
803 ORDER 1290 18 8 1 1 0
803 ORDER 1291 8 26 40 34 2
804 ORDER 1292 20 23 4 34 1
804 ORDER 1293 44 8 40 34 1
805 ORDER 1294 17 26 2 30 0
806 ORDER 1295 8 6 2 19 3
806 ORDER 1296 42 20 10 35 0
807 ORDER 1297 39 26 1 31 0
808 CANCEL 1110
808 ORDER 1298 35 30 26 35 0
808 ORDER 1299 22 17 1 19 0
809 ORDER 1300 18 12 37 35 0
810 ORDER 1301 39 17 40 34 1
810 ORDER 1302 18 15 28 35 1
811 ORDER 1303 39 10 47 34 1
812 ORDER 1304 19 23 3 1 0
812 ORDER 1305 44 12 14 35 0
813 ORDER 1306 27 8 1 12 0
813 ORDER 1307 12 14 40 34 0
814 ORDER 1308 40 26 2 5 0
815 CANCEL 1035
815 ORDER 1309 17 32 1 18 3
815 ORDER 1310 18 11 16 34 0
816 ORDER 1311 11 9 1 25 0
816 ORDER 1312 18 17 1 30 2
817 ORDER 1313 16 11 1 24 2
818 ORDER 1314 12 14 1 6 1
818 ORDER 1315 36 9 1 11 0
819 ORDER 1316 43 5 6 34 2
820 CANCEL 1081
820 ORDER 1317 44 9 47 34 0
820 ORDER 1318 11 3 3 32 1
821 ORDER 1319 13 20 38 34 1
822 ORDER 1320 7 17 9 35 2
823 ORDER 1321 33 3 3 11 0
824 ORDER 1322 27 27 23 34 1
824 ORDER 1323 40 5 28 35 1
825 ORDER 1324 30 12 47 35 0
826 ORDER 1325 9 26 3 26 0
827 ORDER 1326 8 30 2 26 0
827 ORDER 1327 21 32 2 1 0
828 CANCEL 1213
828 ORDER 1328 34 11 2 9 0
828 ORDER 1329 6 12 1 6 1
829 ORDER 1330 20 30 38 34 2
829 ORDER 1331 26 6 2 22 0
830 CANCEL 1178
830 ORDER 1332 30 23 1 2 0
831 ORDER 1333 25 12 1 2 0
831 ORDER 1334 9 14 16 35 0
832 ORDER 1335 22 21 3 34 0
833 ORDER 1336 16 32 19 34 1
833 ORDER 1337 7 15 41 35 1
834 ORDER 1338 27 30 1 9 0
834 ORDER 1339 25 8 1 21 1
835 ORDER 1340 7 32 1 18 1
835 ORDER 1341 42 15 13 35 3
836 ORDER 1342 25 6 2 12 3
836 ORDER 1343 40 26 2 7 0
837 CANCEL 1174
837 ORDER 1344 38 21 17 35 1
837 ORDER 1345 21 11 1 1 1
838 CANCEL 1046
838 ORDER 1346 22 23 2 6 0
839 CANCEL 1032
839 ORDER 1347 12 20 39 35 0
839 ORDER 1348 34 5 8 35 0
840 ORDER 1349 43 8 1 6 0
841 ORDER 1350 19 27 11 34 0
841 ORDER 1351 17 8 3 20 1
842 ORDER 1352 28 23 41 35 0
842 ORDER 1353 18 6 21 35 0
843 ORDER 1354 43 9 3 34 2
844 CANCEL 1346
844 ORDER 1355 32 23 37 35 2
844 ORDER 1356 30 9 13 35 2
845 ORDER 1357 20 9 1 25 2
845 ORDER 1358 17 6 3 31 0
846 ORDER 1359 40 12 1 16 2
846 ORDER 1360 32 12 45 34 0
847 ORDER 1361 43 9 38 35 1
847 ORDER 1362 30 32 24 35 0
848 ORDER 1363 12 20 45 34 0
848 ORDER 1364 10 23 3 6 3
849 ORDER 1365 10 23 32 35 0
849 ORDER 1366 18 32 1 8 1
850 ORDER 1367 9 27 44 34 1
850 ORDER 1368 40 32 36 34 1
851 ORDER 1369 6 12 2 33 1
852 ORDER 1370 17 32 32 35 2
852 ORDER 1371 24 17 2 34 0
853 ORDER 1372 31 26 1 5 0
853 ORDER 1373 11 15 2 3 0
854 ORDER 1374 23 20 7 34 0
854 ORDER 1375 29 17 41 34 0
855 ORDER 1376 18 12 10 35 1
855 ORDER 1377 21 9 2 13 0
856 CANCEL 1104
856 ORDER 1378 28 17 20 34 0
857 ORDER 1379 18 32 32 34 0
857 ORDER 1380 14 32 2 15 0
858 ORDER 1381 18 30 3 16 1
859 ORDER 1382 37 20 37 35 0
859 ORDER 1383 7 8 25 34 2
860 ORDER 1384 38 20 2 27 0
860 ORDER 1385 19 21 2 1 0
861 ORDER 1386 19 24 2 24 1
861 ORDER 1387 38 3 2 9 0
862 ORDER 1388 30 20 13 35 0
862 ORDER 1389 42 15 3 17 0
863 ORDER 1390 26 21 31 35 0
864 ORDER 1391 16 21 3 17 1
864 ORDER 1392 44 14 28 34 0
865 ORDER 1393 37 9 2 34 0
865 ORDER 1394 22 5 1 19 0
866 ORDER 1395 35 29 3 20 0
866 ORDER 1396 28 18 27 35 0
867 ORDER 1397 43 9 15 34 0
868 ORDER 1398 33 5 11 34 1
869 ORDER 1399 9 6 7 35 1
870 CANCEL 1387
870 ORDER 1400 36 6 20 34 1
871 ORDER 1401 43 3 1 24 0
872 ORDER 1402 30 27 2 35 0
872 ORDER 1403 31 20 3 7 1
873 ORDER 1404 11 11 1 28 3
874 ORDER 1405 6 32 13 34 0
874 ORDER 1406 24 20 3 15 1
875 ORDER 1407 19 29 3 35 0
875 ORDER 1408 37 9 7 34 2
876 ORDER 1409 22 12 9 35 3
877 ORDER 1410 37 14 34 34 0
877 ORDER 1411 22 17 48 34 1
878 ORDER 1412 7 17 2 7 1
878 ORDER 1413 9 23 3 18 3
879 ORDER 1414 9 9 3 2 2
879 ORDER 1415 38 18 3 17 0
880 ORDER 1416 10 3 2 9 0
880 ORDER 1417 19 14 3 4 1
881 ORDER 1418 8 15 34 35 0
882 ORDER 1419 45 12 37 35 3
883 ORDER 1420 21 32 2 12 1
884 ORDER 1421 10 3 41 35 0
885 CANCEL 1225
885 ORDER 1422 10 20 42 35 0
886 ORDER 1423 18 3 2 22 0
887 ORDER 1424 27 14 2 29 0
888 ORDER 1425 9 30 23 34 1
888 ORDER 1426 6 18 25 35 2
889 ORDER 1427 45 8 2 21 2
890 ORDER 1428 10 5 2 35 0
890 ORDER 1429 45 29 1 31 0
891 ORDER 1430 12 17 2 13 1
891 ORDER 1431 30 3 36 35 1
892 ORDER 1432 37 20 44 34 3
893 ORDER 1433 33 14 2 21 0
893 ORDER 1434 36 26 3 23 2
894 ORDER 1435 19 12 2 21 0
895 ORDER 1436 28 21 3 27 1
895 ORDER 1437 6 27 7 35 0
896 ORDER 1438 6 29 48 34 1
896 ORDER 1439 10 15 5 34 0
897 ORDER 1440 20 6 17 34 0
897 ORDER 1441 22 30 1 35 0
898 ORDER 1442 15 8 39 34 1
898 ORDER 1443 11 15 2 24 0
899 ORDER 1444 31 27 2 28 2
900 ORDER 1445 20 12 23 34 0
900 ORDER 1446 32 18 3 17 3
901 CANCEL 1154
901 ORDER 1447 39 5 2 2 0
902 ORDER 1448 19 14 2 11 0
903 CANCEL 1209
903 ORDER 1449 21 30 1 6 0
903 ORDER 1450 6 24 25 35 1
904 ORDER 1451 8 11 3 24 1
905 ORDER 1452 31 18 2 9 0
906 ORDER 1453 28 23 18 34 3
907 CANCEL 1370
907 ORDER 1454 40 18 3 33 2
907 ORDER 1455 8 17 26 35 0
908 CANCEL 1441
908 ORDER 1456 18 15 3 13 0
909 CANCEL 1143
909 ORDER 1457 19 30 3 18 0
910 ORDER 1458 11 12 26 35 0
910 ORDER 1459 12 11 8 34 0
911 ORDER 1460 20 9 29 34 0
912 ORDER 1461 38 15 3 27 0
912 ORDER 1462 40 23 30 35 3
913 ORDER 1463 7 11 2 4 1
913 ORDER 1464 16 21 8 34 0
914 ORDER 1465 30 18 3 16 0
915 CANCEL 1245
915 ORDER 1466 38 10 3 21 1
915 ORDER 1467 32 5 26 35 0
916 ORDER 1468 41 3 1 23 2
916 ORDER 1469 43 22 1 12 2
917 ORDER 1470 27 6 21 35 2
918 ORDER 1471 42 26 2 29 1
918 ORDER 1472 20 27 1 14 0
919 UNBLOCK 12 5
919 ORDER 1473 26 6 17 35 0
919 ORDER 1474 27 8 38 35 0
920 ORDER 1475 19 21 2 2 2
921 ORDER 1476 28 3 3 32 0
921 ORDER 1477 18 9 41 34 0
922 ORDER 1478 45 21 2 24 0
922 ORDER 1479 12 14 9 35 0
923 ORDER 1480 6 29 37 35 0
923 BLOCK 42 28
924 ORDER 1481 26 27 35 35 0
925 ORDER 1482 28 20 5 34 0
926 ORDER 1483 23 5 26 35 0
926 ORDER 1484 31 24 1 16 0
927 ORDER 1485 10 32 3 35 0
927 ORDER 1486 38 23 2 4 0
928 ORDER 1487 7 5 1 11 1
929 ORDER 1488 38 17 1 34 0
929 ORDER 1489 22 29 3 26 1
930 ORDER 1490 19 18 12 34 0
931 ORDER 1491 40 14 14 35 0
932 ORDER 1492 44 12 1 11 0
933 ORDER 1493 41 30 46 34 1
934 ORDER 1494 42 11 3 31 1
934 ORDER 1495 45 32 45 35 0
935 ORDER 1496 9 26 3 25 0
935 ORDER 1497 39 9 21 34 1
936 CANCEL 1385
936 ORDER 1498 28 32 47 35 0
936 ORDER 1499 17 30 1 6 1
937 ORDER 1500 17 15 2 23 0
937 ORDER 1501 13 18 10 35 0
938 ORDER 1502 29 12 1 26 0
939 CANCEL 1291
939 ORDER 1503 21 18 1 18 0
939 ORDER 1504 27 9 1 28 0
940 ORDER 1505 11 18 19 35 0
941 ORDER 1506 27 8 23 35 2
942 ORDER 1507 14 20 2 11 0
942 ORDER 1508 30 15 48 35 0
943 ORDER 1509 8 29 1 21 0
943 ORDER 1510 9 6 3 33 1
943 BLOCK 45 4
944 ORDER 1511 23 17 48 35 0
944 ORDER 1512 44 21 3 29 3
945 CANCEL 1511
945 ORDER 1513 30 17 23 34 0
945 ORDER 1514 32 12 43 35 0
946 ORDER 1515 37 12 1 30 1
946 ORDER 1516 45 30 27 34 1
947 ORDER 1517 7 24 3 26 0
947 ORDER 1518 6 8 3 10 0
948 ORDER 1519 42 3 17 35 1
949 ORDER 1520 14 29 1 17 0
949 ORDER 1521 12 24 23 35 0
950 ORDER 1522 39 12 1 13 1
950 ORDER 1523 40 23 12 35 0
951 ORDER 1524 28 6 40 35 0
952 ORDER 1525 35 8 33 34 0
952 ORDER 1526 32 8 8 35 0
953 ORDER 1527 25 12 1 22 0
954 ORDER 1528 25 11 11 34 1
955 CANCEL 1220
955 ORDER 1529 35 30 8 35 3
956 ORDER 1530 27 24 48 34 1
957 ORDER 1531 25 6 2 13 0
957 ORDER 1532 14 29 3 30 0
958 UNBLOCK 42 28
958 ORDER 1533 40 12 2 18 1
958 ORDER 1534 22 27 23 34 2
959 ORDER 1535 32 21 3 21 0
959 ORDER 1536 27 14 32 35 0
960 CANCEL 1309
960 ORDER 1537 11 32 31 34 1
960 ORDER 1538 28 17 31 35 1
961 ORDER 1539 12 12 1 5 2
962 ORDER 1540 37 24 3 1 2
962 ORDER 1541 44 30 5 35 0
963 ORDER 1542 7 9 3 3 0
964 ORDER 1543 20 21 1 32 0
964 ORDER 1544 32 24 2 13 0
965 ORDER 1545 45 15 3 3 0
966 ORDER 1546 13 14 8 35 2
966 ORDER 1547 7 30 46 34 1
967 ORDER 1548 31 6 2 31 0
968 CANCEL 1247
968 ORDER 1549 14 8 3 11 3
968 ORDER 1550 44 6 41 34 0
969 ORDER 1551 37 17 42 34 0
969 ORDER 1552 12 3 1 24 0
970 CANCEL 1535
970 ORDER 1553 38 20 25 34 0
971 ORDER 1554 36 23 48 34 1
972 ORDER 1555 38 11 15 34 0
972 ORDER 1556 8 11 38 34 0
973 ORDER 1557 40 3 1 6 3
974 ORDER 1558 33 30 3 10 2
975 CANCEL 1398
975 ORDER 1559 9 11 1 2 0
976 ORDER 1560 21 21 8 35 0
976 ORDER 1561 7 15 38 34 2
977 ORDER 1562 19 26 47 35 0
978 ORDER 1563 31 21 3 18 2
978 ORDER 1564 32 24 20 35 0
979 ORDER 1565 39 24 2 19 2
979 ORDER 1566 38 11 3 19 0
980 ORDER 1567 20 24 21 34 3
980 ORDER 1568 18 17 28 35 3
981 ORDER 1569 8 24 3 26 0
982 ORDER 1570 37 12 14 35 0
983 ORDER 1571 20 12 32 35 3
984 CANCEL 1412
984 ORDER 1572 11 3 32 34 0
985 ORDER 1573 19 26 7 34 2
985 ORDER 1574 33 30 29 34 0
986 ORDER 1575 26 27 43 35 0
986 ORDER 1576 45 18 1 18 0
987 ORDER 1577 9 12 2 5 3
987 ORDER 1578 19 18 44 35 0
988 ORDER 1579 11 9 1 16 0
988 ORDER 1580 22 20 3 4 0
989 ORDER 1581 6 27 2 10 0
989 ORDER 1582 20 24 1 5 0
990 ORDER 1583 41 29 1 3 1
990 ORDER 1584 17 32 14 34 0
991 ORDER 1585 18 23 34 34 1
991 ORDER 1586 14 30 48 35 0
992 ORDER 1587 14 17 3 22 0
993 ORDER 1588 18 5 3 13 1
994 ORDER 1589 33 32 1 29 0
995 ORDER 1590 30 15 1 14 0
996 ORDER 1591 20 24 2 1 3
997 CANCEL 1353
997 ORDER 1592 17 21 1 26 0
998 ORDER 1593 41 30 3 1 0
999 ORDER 1594 28 24 17 35 0
1000 ORDER 1595 12 20 2 6 0
1000 ORDER 1596 40 23 3 31 0
1001 ORDER 1597 44 12 3 31 0
1001 ORDER 1598 9 15 1 33 0
1002 ORDER 1599 37 21 3 23 0
1003 ORDER 1600 12 21 2 8 3
1004 ORDER 1601 9 12 1 14 2
1005 ORDER 1602 35 11 3 20 0
1005 ORDER 1603 22 24 35 34 1
1006 ORDER 1604 27 11 10 34 0
1007 ORDER 1605 36 29 2 27 0
1008 ORDER 1606 16 5 2 24 0
1009 ORDER 1607 45 23 2 29 0
1009 ORDER 1608 28 14 28 34 1
1010 ORDER 1609 13 3 42 35 3
1010 ORDER 1610 26 11 2 28 0
1011 ORDER 1611 25 6 2 31 0
1011 ORDER 1612 29 26 3 24 0
1012 ORDER 1613 31 3 3 14 0
1013 ORDER 1614 32 5 3 1 0
1013 ORDER 1615 6 15 2 31 0
1014 ORDER 1616 12 12 3 22 0
1015 ORDER 1617 44 27 29 35 1
1015 ORDER 1618 41 12 9 34 0
1016 ORDER 1619 6 6 16 34 0
1016 ORDER 1620 9 17 3 27 0
1017 CANCEL 1522
1017 ORDER 1621 26 21 2 21 0
1017 ORDER 1622 8 21 1 13 0
1018 CANCEL 1439
1018 ORDER 1623 29 27 3 13 0
1018 ORDER 1624 8 20 35 35 3
1019 ORDER 1625 7 26 25 34 2
1020 ORDER 1626 28 14 2 16 0
1020 ORDER 1627 29 5 3 4 0
1021 CANCEL 1469
1021 ORDER 1628 20 27 25 34 0
1021 ORDER 1629 31 17 3 18 1
1022 UNBLOCK 45 4
1022 ORDER 1630 31 21 1 28 0
1022 ORDER 1631 10 20 2 10 2
1023 ORDER 1632 28 14 3 13 0
1023 ORDER 1633 45 20 2 18 2
1024 ORDER 1634 27 14 2 20 0
1025 ORDER 1635 25 29 23 35 1
1026 ORDER 1636 9 24 46 34 1
1027 CANCEL 1456
1027 ORDER 1637 44 6 9 34 0
1028 ORDER 1638 12 3 25 34 0
1028 ORDER 1639 11 29 23 35 1
1029 CANCEL 1445
1029 ORDER 1640 40 30 1 6 1
1029 ORDER 1641 21 17 10 34 3
1030 ORDER 1642 10 18 2 14 1
1030 ORDER 1643 39 14 2 5 2
1031 ORDER 1644 17 29 5 34 1
1031 ORDER 1645 17 5 15 35 3
1032 ORDER 1646 17 14 1 20 0
1033 CANCEL 1454
1033 ORDER 1647 33 17 2 1 2
1034 ORDER 1648 37 18 1 2 0
1034 ORDER 1649 34 30 40 35 0
1035 ORDER 1650 13 14 27 34 0
1035 ORDER 1651 43 6 2 29 0
1036 ORDER 1652 36 15 37 34 2
1036 ORDER 1653 31 11 9 35 0
1037 ORDER 1654 6 6 41 35 0
1038 ORDER 1655 29 29 2 8 1
1038 ORDER 1656 45 9 8 35 0
1039 CANCEL 1485
1039 ORDER 1657 8 14 2 10 1
1039 ORDER 1658 23 26 3 11 1
1040 CANCEL 1390
1040 ORDER 1659 29 27 15 34 1
1041 ORDER 1660 14 29 8 34 0
1042 ORDER 1661 13 11 45 34 0
1043 ORDER 1662 21 20 44 34 1
1043 ORDER 1663 16 23 2 34 0
1044 CANCEL 1498
1044 ORDER 1664 17 24 1 9 0
1044 ORDER 1665 30 32 31 34 0
1045 ORDER 1666 35 3 3 34 0
1046 ORDER 1667 34 11 15 35 1
1046 ORDER 1668 41 26 1 15 0
1047 ORDER 1669 42 26 3 13 0
1048 ORDER 1670 29 21 22 35 0
1048 ORDER 1671 40 32 40 35 0
1049 CANCEL 1416
1049 ORDER 1672 38 17 40 34 2
1049 ORDER 1673 18 29 1 12 0
1050 CANCEL 1429
1050 ORDER 1674 43 9 2 23 1
1051 ORDER 1675 12 26 33 35 1
1052 ORDER 1676 17 12 3 6 0
1053 ORDER 1677 32 12 3 33 0
1053 ORDER 1678 34 9 41 34 1
1054 CANCEL 1444
1054 ORDER 1679 10 18 4 35 1
1055 ORDER 1680 6 9 2 24 0
1055 ORDER 1681 37 9 24 35 0
1056 ORDER 1682 27 30 37 34 1
1057 ORDER 1683 18 27 31 34 0
1058 ORDER 1684 14 27 3 5 1
1059 ORDER 1685 42 17 2 30 0
1059 ORDER 1686 36 21 1 20 0
1060 ORDER 1687 38 26 2 26 0
1061 CANCEL 1539
1061 ORDER 1688 30 26 2 16 0
1061 ORDER 1689 29 17 3 11 1
1062 CANCEL 1565
1062 ORDER 1690 42 20 30 35 0
1063 CANCEL 1623
1063 ORDER 1691 29 6 1 18 0
1064 ORDER 1692 26 8 4 35 0
1065 ORDER 1693 27 29 3 5 0
1066 ORDER 1694 9 26 2 5 0
1067 CANCEL 1662
1067 ORDER 1695 45 14 41 34 1
1067 ORDER 1696 40 24 1 35 0
1068 ORDER 1697 19 11 1 31 0
1069 ORDER 1698 9 18 2 1 1
1070 ORDER 1699 9 32 1 31 2
1071 CANCEL 1649
1071 ORDER 1700 10 21 1 16 1
1072 ORDER 1701 19 8 1 12 0
1072 ORDER 1702 31 21 2 18 0
1073 ORDER 1703 10 29 3 11 1
1073 ORDER 1704 19 14 43 34 0
1074 ORDER 1705 42 3 2 14 0
1074 ORDER 1706 37 14 2 9 0
1075 ORDER 1707 36 32 2 13 1
1075 ORDER 1708 20 32 3 13 1
1076 ORDER 1709 35 6 41 35 0
1076 ORDER 1710 40 21 29 35 1
1077 ORDER 1711 9 21 1 13 0
1077 ORDER 1712 6 5 7 35 0
1078 ORDER 1713 29 23 44 34 3
1079 ORDER 1714 27 14 3 20 0
1079 ORDER 1715 8 18 1 26 2
1080 ORDER 1716 8 27 1 35 2
1080 ORDER 1717 38 9 41 34 1
1081 ORDER 1718 23 18 1 16 0
1081 ORDER 1719 13 11 2 21 1
1082 ORDER 1720 34 11 32 35 2
1083 ORDER 1721 16 23 1 18 1
1084 ORDER 1722 32 26 20 34 0
1085 ORDER 1723 9 29 2 9 0
1086 ORDER 1724 38 29 1 24 0
1087 ORDER 1725 26 30 37 34 3
1087 ORDER 1726 39 14 1 27 0
1088 ORDER 1727 19 9 1 3 0
1088 ORDER 1728 21 6 42 35 1
1089 CANCEL 1555
1089 ORDER 1729 18 20 3 4 1
1090 ORDER 1730 31 8 25 35 0
1090 CANCEL 101730
1091 ORDER 1731 25 6 3 18 0
1092 CANCEL 1609
1092 ORDER 1732 28 6 8 34 0
1093 CANCEL 1482
1093 ORDER 1733 34 32 9 34 0
1093 ORDER 1734 33 3 39 34 0
1094 ORDER 1735 29 17 1 1 2
1094 ORDER 1736 10 9 33 34 0
1095 CANCEL 1556
1095 ORDER 1737 44 21 3 31 0
1095 ORDER 1738 27 3 3 29 0
1096 ORDER 1739 8 14 36 35 0
1097 ORDER 1740 14 27 27 34 0
1097 ORDER 1741 36 8 3 32 2
1098 ORDER 1742 16 6 45 35 0
1099 ORDER 1743 35 11 38 35 2
1100 ORDER 1744 28 5 37 35 0
1100 ORDER 1745 29 19 1 13 1
1101 ORDER 1746 18 5 1 10 0
1101 ORDER 1747 8 22 3 17 0
1102 CANCEL 1694
1102 CANCEL 1697
1102 ORDER 1748 16 6 8 34 0
1103 ORDER 1749 27 17 1 4 1
1104 CANCEL 1484
1104 ORDER 1750 8 24 3 22 0
1104 ORDER 1751 43 3 45 35 0
1105 ORDER 1752 40 30 3 12 0
1105 ORDER 1753 39 11 41 34 1
1106 CANCEL 1616
1106 ORDER 1754 38 12 39 34 0
1107 ORDER 1755 20 11 44 35 0
1107 ORDER 1756 7 12 2 7 1
1108 ORDER 1757 38 24 1 21 0
1108 ORDER 1758 21 23 1 18 1
1109 ORDER 1759 8 32 42 34 3
1109 ORDER 1760 29 12 35 35 0
1110 ORDER 1761 13 9 3 2 2
1111 ORDER 1762 45 26 14 34 2
1111 ORDER 1763 9 6 42 35 0
1112 ORDER 1764 13 12 1 27 0
1112 ORDER 1765 38 17 1 30 0
1113 ORDER 1766 6 17 2 5 0
1113 ORDER 1767 13 24 17 35 0
1114 ORDER 1768 29 5 3 17 0
1114 ORDER 1769 37 9 1 7 0
1115 ORDER 1770 37 23 22 34 0
1116 ORDER 1771 6 12 19 35 0
1116 ORDER 1772 10 20 1 11 1
1117 ORDER 1773 22 20 2 6 0
1117 ORDER 1774 30 6 27 35 1
1118 ORDER 1775 31 17 1 17 0
1119 CANCEL 1775
1119 ORDER 1776 43 8 39 35 0
1120 ORDER 1777 30 18 43 34 0
1120 ORDER 1778 10 15 1 34 2
1121 CANCEL 1716
1121 ORDER 1779 38 5 1 22 1
1121 ORDER 1780 39 8 25 34 1
1122 ORDER 1781 27 28 6 35 3
1122 ORDER 1782 35 18 1 4 0
1123 ORDER 1783 30 6 3 26 0
1124 ORDER 1784 33 14 2 27 0
1125 ORDER 1785 27 17 3 18 0
1125 ORDER 1786 21 11 2 32 0
1126 ORDER 1787 11 15 36 34 1
1126 ORDER 1788 6 20 1 28 1
1127 CANCEL 1544
1127 ORDER 1789 37 27 3 23 1
1127 ORDER 1790 38 23 2 21 1
1128 ORDER 1791 32 15 1 19 0
1128 ORDER 1792 8 14 28 35 0
1129 ORDER 1793 11 23 2 11 1
1129 BLOCK 38 21
1130 ORDER 1794 13 20 38 34 0
1130 CANCEL 101794
1131 ORDER 1795 44 8 48 35 0
1132 CANCEL 1641
1132 ORDER 1796 8 26 25 35 0
1132 ORDER 1797 32 3 22 35 3
1133 ORDER 1798 36 21 14 34 0
1133 ORDER 1799 16 32 2 18 1
1134 ORDER 1800 42 20 1 7 0
1134 ORDER 1801 11 21 3 20 2
1135 ORDER 1802 29 5 2 13 0
1135 ORDER 1803 8 11 12 34 1
1136 ORDER 1804 9 26 24 34 1
1137 ORDER 1805 39 14 1 29 1
1138 ORDER 1806 8 21 1 5 1
1139 ORDER 1807 37 27 2 35 0
1140 CANCEL 1752
1140 ORDER 1808 36 24 1 27 0
1141 ORDER 1809 8 9 2 27 1
1141 ORDER 1810 30 12 2 17 0
1142 ORDER 1811 40 8 45 34 1
1142 ORDER 1812 42 15 43 35 0
1143 CANCEL 1571
1143 ORDER 1813 32 27 23 34 0
1143 ORDER 1814 42 9 32 34 0
1144 ORDER 1815 12 24 2 22 0
1144 ORDER 1816 23 24 1 27 0
1145 ORDER 1817 35 20 1 4 0
1145 ORDER 1818 6 26 43 35 0
1146 ORDER 1819 20 9 2 35 3
1146 ORDER 1820 40 30 1 27 2
1147 ORDER 1821 42 9 9 34 0
1147 ORDER 1822 39 6 2 24 2
1148 CANCEL 1790
1148 ORDER 1823 45 24 25 34 1
1149 CANCEL 1575
1149 ORDER 1824 20 12 35 35 0
1149 ORDER 1825 19 14 1 13 0
1150 ORDER 1826 21 17 6 34 0
1150 ORDER 1827 11 20 43 35 0
1151 CANCEL 1667
1151 ORDER 1828 45 15 30 34 0
1152 ORDER 1829 19 20 2 1 2
1152 ORDER 1830 31 3 38 35 0
1153 ORDER 1831 30 27 40 35 0
1153 ORDER 1832 22 30 2 15 0
1154 CANCEL 1743
1154 ORDER 1833 18 20 35 35 0
1155 CANCEL 1727
1155 ORDER 1834 22 5 3 32 0
1155 ORDER 1835 41 17 34 35 0
1155 BLOCK 45 20
1156 ORDER 1836 24 20 3 31 1
1156 ORDER 1837 39 6 3 19 0
1157 CANCEL 1833
1157 ORDER 1838 22 27 39 35 1
1157 ORDER 1839 28 32 38 34 1
1158 ORDER 1840 32 18 44 35 0
1158 ORDER 1841 37 17 1 20 2
1159 ORDER 1842 13 18 17 34 0
1159 ORDER 1843 39 32 35 35 2
1160 ORDER 1844 26 30 23 34 2
1161 ORDER 1845 7 18 2 20 0
1161 ORDER 1846 38 9 2 24 1
1162 ORDER 1847 34 30 3 14 0
1163 ORDER 1848 6 6 2 4 0
1164 ORDER 1849 6 8 3 5 0
1165 CANCEL 1747
1165 ORDER 1850 18 18 4 34 1
1165 ORDER 1851 27 18 2 3 2
1166 ORDER 1852 26 23 3 31 0
1166 ORDER 1853 7 9 1 17 0
1167 ORDER 1854 10 11 41 35 0
1168 ORDER 1855 21 21 9 35 0
1169 CANCEL 1785
1169 ORDER 1856 39 21 3 18 3
1170 ORDER 1857 43 6 2 4 0
1170 ORDER 1858 30 24 41 34 1
1171 ORDER 1859 11 14 3 18 1
1171 ORDER 1860 8 15 3 25 1
1172 ORDER 1861 36 18 12 34 0
1172 BLOCK 14 3
1173 ORDER 1862 6 20 2 12 0
1173 ORDER 1863 33 17 1 5 1
1174 ORDER 1864 22 29 2 24 2
1174 ORDER 1865 27 23 2 20 1
1175 ORDER 1866 23 24 3 14 0
1175 ORDER 1867 38 27 42 35 2
1176 CANCEL 1842
1176 ORDER 1868 22 17 23 34 0
1176 ORDER 1869 44 8 3 34 0
1177 ORDER 1870 19 14 2 3 0
1177 ORDER 1871 7 3 2 5 0
1178 CANCEL 1700
1178 ORDER 1872 45 12 3 11 1
1178 ORDER 1873 32 6 1 11 1
1179 ORDER 1874 35 30 2 35 2
1179 ORDER 1875 29 18 23 35 0
1180 ORDER 1876 32 12 26 35 1
1180 ORDER 1877 9 20 2 24 0
1181 ORDER 1878 41 26 3 30 2
1181 ORDER 1879 28 32 31 34 0
1181 BLOCK 27 20
1182 ORDER 1880 32 12 23 34 0
1182 ORDER 1881 7 30 2 2 1
1183 ORDER 1882 15 6 28 35 0
1183 ORDER 1883 17 3 1 26 0
1184 ORDER 1884 28 18 3 21 1
1184 ORDER 1885 13 29 1 8 2
1185 ORDER 1886 43 8 3 26 2
1186 ORDER 1887 27 8 2 11 3
1187 ORDER 1888 19 29 3 16 3
1188 ORDER 1889 13 29 10 34 2
1188 ORDER 1890 38 21 1 9 0
1189 CANCEL 1771
1189 ORDER 1891 7 32 2 18 0
1189 ORDER 1892 25 27 48 35 1
1190 CANCEL 1854
1190 ORDER 1893 41 20 1 5 3
1190 ORDER 1894 40 21 45 34 1
1191 ORDER 1895 16 23 2 10 2
1191 BLOCK 29 21
1192 ORDER 1896 45 26 1 34 3
1193 ORDER 1897 45 8 34 35 1
1193 ORDER 1898 34 9 1 10 1
1194 CANCEL 1889
1194 ORDER 1899 22 17 1 16 2
1195 ORDER 1900 42 18 39 34 0
1195 ORDER 1901 37 15 5 35 0
1196 ORDER 1902 30 15 3 33 0
1197 ORDER 1903 28 21 3 32 0
1198 ORDER 1904 30 5 17 34 1
1198 ORDER 1905 21 15 2 24 2
1199 ORDER 1906 40 12 23 34 0
1199 ORDER 1907 38 27 2 31 0
1200 ORDER 1908 18 9 26 34 0
1201 ORDER 1909 36 14 23 35 1
1201 ORDER 1910 30 5 15 35 0
1202 ORDER 1911 44 21 5 34 2
1202 ORDER 1912 7 24 29 35 0
1203 ORDER 1913 6 6 2 20 1
1204 ORDER 1914 19 11 3 13 1
1205 ORDER 1915 28 24 2 33 0
1205 ORDER 1916 9 3 24 35 2
1206 ORDER 1917 39 30 3 30 0
1207 ORDER 1918 21 26 32 34 0
1207 ORDER 1919 17 12 1 9 0
1208 ORDER 1920 14 17 2 21 1
1208 ORDER 1921 26 6 3 28 1
1209 ORDER 1922 21 15 2 2 0
1209 ORDER 1923 19 24 2 7 0
1210 ORDER 1924 44 27 17 35 0
1210 ORDER 1925 25 27 35 34 2
1211 ORDER 1926 44 14 18 35 0
1212 ORDER 1927 12 3 3 1 1
1212 ORDER 1928 37 26 3 5 1
1213 ORDER 1929 20 8 2 32 1
1213 ORDER 1930 10 32 16 35 0
1214 ORDER 1931 8 21 3 12 1
1215 ORDER 1932 35 30 3 22 0
1215 ORDER 1933 30 26 2 26 0
1216 ORDER 1934 40 15 8 34 0
1216 ORDER 1935 35 30 42 35 2
1217 CANCEL 1851
1217 ORDER 1936 21 23 48 35 3
1217 ORDER 1937 29 32 1 4 0
1218 ORDER 1938 31 20 20 34 0
1218 ORDER 1939 23 24 3 31 1
1219 ORDER 1940 14 27 1 20 0
1220 ORDER 1941 8 12 2 29 0
1221 ORDER 1942 18 3 9 35 0
1222 ORDER 1943 36 6 20 35 3
1222 ORDER 1944 32 15 1 9 2
1223 ORDER 1945 31 3 2 29 1
1223 ORDER 1946 18 8 22 34 0
1224 CANCEL 1928
1224 ORDER 1947 42 18 1 15 0
1225 ORDER 1948 11 26 18 35 0
1225 ORDER 1949 40 6 45 34 3
1226 ORDER 1950 19 12 1 2 3
1227 ORDER 1951 10 26 1 14 1
1228 ORDER 1952 40 30 15 34 1
1228 ORDER 1953 10 18 41 34 0
1229 ORDER 1954 8 24 1 31 0
1229 ORDER 1955 13 18 31 35 3
1230 ORDER 1956 18 18 43 34 0
1230 ORDER 1957 40 8 2 27 0
1231 CANCEL 1944
1231 ORDER 1958 29 8 1 11 0
1231 ORDER 1959 11 12 45 35 0
1232 ORDER 1960 11 29 48 34 0
1232 ORDER 1961 7 8 3 11 0
1233 ORDER 1962 32 14 1 30 0
1234 ORDER 1963 20 5 14 34 0
1235 ORDER 1964 13 15 3 29 2
1235 ORDER 1965 34 3 3 22 0
1236 ORDER 1966 27 24 2 6 2
1236 ORDER 1967 20 23 1 35 0
1237 ORDER 1968 7 21 1 9 0
1238 CANCEL 1843
1238 ORDER 1969 21 12 3 13 0
1238 ORDER 1970 25 32 42 35 0
1239 CANCEL 1769
1239 ORDER 1971 21 8 1 9 0
1239 ORDER 1972 26 9 3 17 0
1240 ORDER 1973 26 11 11 34 0
1241 ORDER 1974 28 6 25 34 0
1242 ORDER 1975 32 20 2 20 0
1243 ORDER 1976 17 15 25 35 1
1244 ORDER 1977 35 26 2 1 2
1244 ORDER 1978 19 11 3 20 3
1245 ORDER 1979 38 14 31 34 0
1245 ORDER 1980 35 9 1 16 0
1246 ORDER 1981 45 6 1 4 0
1246 ORDER 1982 29 5 32 35 2
1247 ORDER 1983 33 12 3 33 0
1248 CANCEL 1677
1248 ORDER 1984 31 17 10 35 0
1248 ORDER 1985 40 24 47 35 0
1249 ORDER 1986 38 11 16 34 3
1249 ORDER 1987 10 12 2 32 1
1250 ORDER 1988 17 32 30 35 2
1251 ORDER 1989 13 26 1 19 1
1251 ORDER 1990 17 21 4 35 0
1252 ORDER 1991 36 29 2 20 1
1252 ORDER 1992 29 14 2 14 1
1253 ORDER 1993 39 27 2 15 0
1254 ORDER 1994 29 21 38 34 0
1254 ORDER 1995 39 18 3 4 1
1255 ORDER 1996 32 17 16 34 0
1255 ORDER 1997 19 20 22 35 2
1256 ORDER 1998 14 6 2 32 1
1256 ORDER 1999 26 6 1 33 0
1257 ORDER 2000 29 6 2 3 0
1257 ORDER 2001 38 26 1 11 0
1258 ORDER 2002 9 3 1 25 0
1258 ORDER 2003 10 6 1 3 1
1259 ORDER 2004 36 17 3 5 0
1259 ORDER 2005 34 32 2 34 0
1260 ORDER 2006 10 18 27 34 0
1261 ORDER 2007 9 20 3 13 0
1262 CANCEL 1896
1262 ORDER 2008 18 8 2 16 0
1262 ORDER 2009 27 8 1 21 0
1263 ORDER 2010 18 17 13 34 0
1263 ORDER 2011 37 24 13 35 1
1264 ORDER 2012 37 21 46 35 1
1265 UNBLOCK 38 21
1265 UNBLOCK 27 20
1265 ORDER 2013 12 15 1 10 1
1265 ORDER 2014 18 8 23 34 0
1266 ORDER 2015 18 27 5 35 0
1266 ORDER 2016 40 12 40 35 0
1267 UNBLOCK 14 3
1267 CANCEL 2008
1267 ORDER 2017 45 26 3 13 0
1268 ORDER 2018 31 12 25 34 0
1269 ORDER 2019 28 23 2 25 1
1269 ORDER 2020 35 5 31 34 0
1270 ORDER 2021 27 32 3 7 0
1270 ORDER 2022 40 17 26 35 0
1271 ORDER 2023 11 30 34 35 2
1272 CANCEL 1884
1272 ORDER 2024 26 14 8 34 0
1272 ORDER 2025 29 29 2 19 0
1273 ORDER 2026 33 15 3 9 0
1274 ORDER 2027 9 24 18 34 0
1274 ORDER 2028 10 9 2 21 1
1275 ORDER 2029 10 6 2 21 0
1275 ORDER 2030 11 11 30 34 2
1276 ORDER 2031 39 32 35 34 0
1276 ORDER 2032 41 15 1 33 0
1277 CANCEL 1939
1277 ORDER 2033 26 23 17 34 1
1278 ORDER 2034 19 26 26 34 0
1278 ORDER 2035 37 18 10 35 0
1279 ORDER 2036 10 3 2 31 1
1279 ORDER 2037 25 32 1 5 0
1280 ORDER 2038 21 5 1 11 0
1280 ORDER 2039 25 6 43 34 1
1281 ORDER 2040 38 18 1 29 0
1281 ORDER 2041 38 18 15 34 0
1282 ORDER 2042 8 30 1 2 1
1282 ORDER 2043 19 14 2 28 2
1283 UNBLOCK 29 21
1283 ORDER 2044 44 30 1 25 0
1284 CANCEL 1787
1284 UNBLOCK 45 20
1284 ORDER 2045 6 14 10 35 2
1284 ORDER 2046 6 6 36 35 0
1285 CANCEL 1858
1285 CANCEL 1909
1285 ORDER 2047 17 5 9 35 2
1285 ORDER 2048 8 12 1 27 1
1286 ORDER 2049 19 23 1 33 1
1287 ORDER 2050 30 17 10 35 1
1287 ORDER 2051 29 20 1 2 1
1288 ORDER 2052 7 29 3 5 2
1288 BLOCK 43 31
1289 ORDER 2053 6 3 3 7 0
1289 ORDER 2054 10 6 3 7 3
1290 ORDER 2055 9 30 1 26 1
1291 ORDER 2056 45 15 2 18 0
1292 ORDER 2057 28 14 2 26 3
1292 ORDER 2058 19 3 29 34 1
1293 ORDER 2059 13 29 1 19 0
1294 ORDER 2060 11 30 3 15 0
1295 ORDER 2061 29 14 1 7 0
1295 ORDER 2062 44 11 1 18 1
1296 ORDER 2063 11 15 3 28 1
1296 ORDER 2064 18 9 3 30 0
1297 ORDER 2065 8 11 3 16 0
1298 ORDER 2066 13 5 3 10 0
1299 ORDER 2067 39 14 1 1 0
1299 ORDER 2068 12 9 22 34 1
1300 ORDER 2069 9 8 2 1 0
1301 ORDER 2070 38 18 11 35 0
1302 ORDER 2071 16 8 46 35 0
1302 ORDER 2072 40 24 2 3 0
1303 ORDER 2073 26 14 13 34 0
1303 ORDER 2074 36 29 2 1 0
1304 ORDER 2075 12 12 4 35 2
1305 ORDER 2076 21 11 22 35 1
1306 ORDER 2077 38 3 39 34 0
1307 ORDER 2078 20 17 46 35 0
1307 ORDER 2079 31 5 2 14 0
1308 ORDER 2080 13 17 2 23 0
1309 ORDER 2081 7 21 23 35 0
1309 ORDER 2082 31 14 11 35 0
1310 ORDER 2083 22 23 2 19 1
1310 ORDER 2084 37 24 31 34 1
1311 ORDER 2085 31 18 28 34 0
1311 ORDER 2086 14 15 8 34 1
1312 ORDER 2087 41 12 33 35 0
1312 ORDER 2088 27 5 1 23 3
1313 ORDER 2089 30 15 4 35 0
1314 ORDER 2090 45 24 3 22 0
1314 ORDER 2091 41 5 3 24 0
1315 ORDER 2092 35 20 11 35 3
1315 ORDER 2093 33 3 35 35 0
1316 ORDER 2094 28 20 48 34 0
1317 ORDER 2095 27 26 11 34 0
1318 ORDER 2096 28 9 2 14 1
1318 ORDER 2097 16 30 29 35 0
1319 ORDER 2098 9 3 2 28 0
1319 ORDER 2099 7 30 29 34 1
1320 ORDER 2100 31 17 22 34 1
1321 ORDER 2101 45 6 5 35 0
1321 ORDER 2102 43 23 3 18 0
1322 UNBLOCK 43 31
1322 ORDER 2103 29 24 1 28 1
1322 ORDER 2104 8 12 3 8 0
1323 CANCEL 1821
1323 ORDER 2105 7 3 2 2 0
1324 ORDER 2106 27 21 43 34 2
1325 ORDER 2107 20 11 1 32 0
1325 ORDER 2108 12 15 2 26 3
1326 ORDER 2109 33 14 2 23 0
1326 ORDER 2110 28 23 1 23 1
1326 BLOCK 11 34
1327 ORDER 2111 11 26 1 17 0
1327 ORDER 2112 11 23 31 35 0
1328 ORDER 2113 33 15 2 35 3
1329 CANCEL 2084
1329 ORDER 2114 9 21 1 8 0
1330 ORDER 2115 23 3 1 25 2
1330 ORDER 2116 32 24 1 3 0
1331 ORDER 2117 41 20 23 35 0
1331 ORDER 2118 34 5 42 34 0
1332 CANCEL 2053
1332 ORDER 2119 8 21 1 30 0
1332 ORDER 2120 7 23 39 35 1
1333 ORDER 2121 39 11 3 16 0
1333 ORDER 2122 8 17 1 35 3
1334 ORDER 2123 12 20 2 34 0
1335 ORDER 2124 9 11 26 35 0
1336 ORDER 2125 8 9 17 34 0
1336 ORDER 2126 22 32 32 35 0
1337 ORDER 2127 11 5 1 24 1
1337 ORDER 2128 7 18 11 35 1
1338 CANCEL 1983
1338 ORDER 2129 45 21 2 19 2
1338 ORDER 2130 11 11 3 22 1
1339 ORDER 2131 38 8 1 28 2
1339 ORDER 2132 40 20 18 35 1
1340 ORDER 2133 9 29 2 26 1
1341 ORDER 2134 30 9 3 27 0
1341 ORDER 2135 16 14 19 34 1
1342 ORDER 2136 33 14 7 35 0
1342 ORDER 2137 22 15 45 35 0
1343 CANCEL 2110
1343 ORDER 2138 41 3 2 6 0
1344 ORDER 2139 10 4 20 34 0
1345 ORDER 2140 13 18 8 34 0
1346 ORDER 2141 22 32 30 35 0
1347 ORDER 2142 12 9 9 34 0
1347 ORDER 2143 39 23 2 20 0
1348 ORDER 2144 9 23 3 3 2
1349 ORDER 2145 12 3 1 13 0
1349 ORDER 2146 34 3 4 35 2
1350 CANCEL 1883
1350 ORDER 2147 12 15 3 13 0
1351 ORDER 2148 16 12 1 27 0
1351 ORDER 2149 29 20 2 4 0
1352 ORDER 2150 24 17 4 35 1
1352 ORDER 2151 45 30 28 35 1
1353 ORDER 2152 14 17 3 25 0
1354 ORDER 2153 17 6 30 35 0
1355 ORDER 2154 42 26 1 9 0
1355 ORDER 2155 32 24 42 35 0
1356 ORDER 2156 9 12 5 34 1
1356 ORDER 2157 9 6 1 14 0
1357 ORDER 2158 45 17 3 16 1
1357 ORDER 2159 10 3 2 20 0
1358 ORDER 2160 13 26 14 34 0
1358 ORDER 2161 19 27 4 34 1
1359 ORDER 2162 21 29 1 4 0
1359 ORDER 2163 36 23 3 31 0
1360 ORDER 2164 28 9 11 34 1
1361 ORDER 2165 18 6 2 21 0
1361 ORDER 2166 22 32 2 4 0
1362 ORDER 2167 38 21 1 11 0
1362 ORDER 2168 11 24 3 26 0
1363 ORDER 2169 6 26 3 32 2
1363 ORDER 2170 10 23 2 11 0
1364 ORDER 2171 11 32 1 17 0
1365 ORDER 2172 9 20 34 34 2
1365 ORDER 2173 20 30 1 20 1
1366 ORDER 2174 29 5 40 35 0
1366 ORDER 2175 37 32 38 35 0
1367 ORDER 2176 11 20 1 6 1
1368 ORDER 2177 38 17 1 11 0
1369 ORDER 2178 12 27 12 35 1
1369 ORDER 2179 27 27 3 30 0
1370 ORDER 2180 13 20 7 34 0
1371 ORDER 2181 40 5 45 34 0
1371 ORDER 2182 19 15 2 10 0
1372 CANCEL 2085
1372 ORDER 2183 36 14 47 35 0
1373 ORDER 2184 32 12 2 33 0
1373 ORDER 2185 16 8 11 35 0
1374 ORDER 2186 37 17 3 8 1
1374 ORDER 2187 26 11 36 35 0
1375 ORDER 2188 45 11 2 33 0
1375 ORDER 2189 43 8 42 35 1
1376 ORDER 2190 26 29 6 35 1
1376 ORDER 2191 6 3 6 35 2
1377 ORDER 2192 7 18 3 11 0
1377 ORDER 2193 19 29 35 35 2
1378 ORDER 2194 27 5 48 34 0
1378 ORDER 2195 45 8 19 35 0
1379 ORDER 2196 37 30 3 10 0
1380 ORDER 2197 19 24 39 34 0
1380 ORDER 2198 11 32 2 27 1
1381 ORDER 2199 23 3 6 35 1
1382 ORDER 2200 45 6 31 35 0
1382 ORDER 2201 31 27 28 35 0
1383 ORDER 2202 6 15 39 34 2
1383 ORDER 2203 18 5 1 3 0
1384 ORDER 2204 19 18 33 34 1
1384 ORDER 2205 11 12 3 5 0
1385 ORDER 2206 15 6 2 15 0
1385 ORDER 2207 39 6 48 34 0
1386 UNBLOCK 11 34
1386 ORDER 2208 22 32 4 34 0
1386 ORDER 2209 30 20 3 14 0
1387 ORDER 2210 8 8 3 7 1
1388 ORDER 2211 32 21 42 34 0
1389 ORDER 2212 31 15 3 14 0
1390 CANCEL 2037
1390 ORDER 2213 37 9 3 5 0
1391 ORDER 2214 17 26 2 11 0
1391 ORDER 2215 28 26 3 31 0
1392 ORDER 2216 39 29 42 34 2
1392 ORDER 2217 41 3 21 35 0
1393 ORDER 2218 30 14 4 35 0
1393 ORDER 2219 21 23 17 34 0
1394 ORDER 2220 32 27 3 25 0
1395 ORDER 2221 16 30 1 10 0
1395 ORDER 2222 17 26 1 15 0
1396 ORDER 2223 19 12 1 33 0
1396 ORDER 2224 29 5 30 35 1
1397 ORDER 2225 32 17 40 34 1
1398 ORDER 2226 8 32 3 6 0
1398 ORDER 2227 12 18 1 17 1
1399 ORDER 2228 44 21 31 34 2
1400 ORDER 2229 13 21 13 35 1
1400 ORDER 2230 44 14 3 7 2
1401 ORDER 2231 36 23 3 25 0
1401 ORDER 2232 6 6 3 8 1
1402 ORDER 2233 19 18 39 34 0
1403 CANCEL 1957
1403 ORDER 2234 38 14 3 21 3
1403 ORDER 2235 24 20 42 35 0
1404 ORDER 2236 45 12 3 3 0
1404 ORDER 2237 7 9 1 24 0
1405 ORDER 2238 9 3 41 35 3
1405 ORDER 2239 39 20 17 34 0
1406 ORDER 2240 19 23 23 34 0
1406 ORDER 2241 20 27 38 35 1
1407 ORDER 2242 10 11 25 34 0
1407 ORDER 2243 20 24 3 15 0
1408 ORDER 2244 40 15 2 19 1
1408 ORDER 2245 23 24 1 25 0
1409 CANCEL 2151
1409 ORDER 2246 38 14 2 25 0
1409 ORDER 2247 41 3 1 35 1
1410 CANCEL 1961
1410 ORDER 2248 11 32 46 34 0
1410 ORDER 2249 6 32 6 34 0
1411 ORDER 2250 21 5 37 35 0
1411 ORDER 2251 39 18 3 15 0
1412 ORDER 2252 41 30 2 1 2
1412 ORDER 2253 11 6 14 34 0
1413 ORDER 2254 19 6 48 35 1
1414 CANCEL 2174
1414 ORDER 2255 19 23 2 20 0
1414 ORDER 2256 19 6 36 34 2
1415 ORDER 2257 20 5 27 35 0
1416 ORDER 2258 16 14 25 34 1
1417 ORDER 2259 32 24 2 13 0
1418 ORDER 2260 29 3 27 35 0
1418 ORDER 2261 23 24 13 35 1
1419 ORDER 2262 22 9 13 34 0
1419 ORDER 2263 23 24 1 7 1
1420 CANCEL 2144
1420 ORDER 2264 41 12 25 35 2
1421 ORDER 2265 40 12 21 35 0
1422 CANCEL 2046
1422 ORDER 2266 7 26 37 35 0
1422 ORDER 2267 23 24 44 34 0
1423 ORDER 2268 27 11 2 29 2
1423 ORDER 2269 29 3 2 33 0
1424 ORDER 2270 21 11 39 34 1
1424 ORDER 2271 43 9 16 35 0
1425 ORDER 2272 42 24 23 35 0
1426 ORDER 2273 10 6 18 35 0
1426 ORDER 2274 34 11 10 35 1
1427 ORDER 2275 37 17 24 34 0
1427 ORDER 2276 27 23 3 11 0
1428 ORDER 2277 34 30 28 35 1
1428 ORDER 2278 32 23 2 29 1
1429 ORDER 2279 11 30 1 26 0
1430 ORDER 2280 24 18 45 35 2
1430 ORDER 2281 9 23 31 35 1
1431 ORDER 2282 9 29 1 30 0
1431 ORDER 2283 19 30 3 14 1
1432 ORDER 2284 29 5 3 33 0
1433 CANCEL 2272
1433 ORDER 2285 9 30 22 35 2
1434 CANCEL 2004
1434 ORDER 2286 25 27 12 34 0
1434 ORDER 2287 32 15 4 34 2
1435 ORDER 2288 44 27 34 34 3
1436 ORDER 2289 18 18 1 1 3
1436 ORDER 2290 41 29 3 29 0
1437 ORDER 2291 21 30 1 32 0
1437 ORDER 2292 21 21 2 15 0
1438 ORDER 2293 34 30 3 7 1
1439 CANCEL 2122
1439 ORDER 2294 26 29 27 35 0
1440 ORDER 2295 45 24 15 35 1
1440 ORDER 2296 30 3 32 35 0
1441 ORDER 2297 8 27 3 32 1
1441 ORDER 2298 9 3 1 25 0
1442 ORDER 2299 28 32 2 22 0
1442 ORDER 2300 39 8 8 35 1
1443 ORDER 2301 7 8 26 34 1
1443 ORDER 2302 18 21 15 34 0
1443 BLOCK 26 33
1444 CANCEL 2258
1444 ORDER 2303 44 21 4 35 0
1445 CANCEL 1994
1445 ORDER 2304 27 20 1 5 2
1445 ORDER 2305 6 26 36 35 2
1446 CANCEL 1988
1446 ORDER 2306 33 17 16 35 0
1447 CANCEL 1999
1447 ORDER 2307 41 27 2 13 0
1447 ORDER 2308 44 8 1 19 3
1448 ORDER 2309 32 17 14 34 1
1449 ORDER 2310 42 3 3 20 0
1449 ORDER 2311 12 17 3 16 1
1450 ORDER 2312 10 29 44 35 0
1450 ORDER 2313 10 12 1 16 0
1451 ORDER 2314 36 21 43 34 1
1451 ORDER 2315 19 30 1 26 0
1452 ORDER 2316 27 5 2 4 1
1452 ORDER 2317 6 5 39 34 0
1453 ORDER 2318 14 30 25 34 1
1453 ORDER 2319 39 26 35 35 0
1454 ORDER 2320 30 8 3 27 1
1455 ORDER 2321 30 30 1 5 1
1455 ORDER 2322 15 8 1 15 0
1456 ORDER 2323 9 3 1 5 0
1456 ORDER 2324 13 5 10 34 1
1457 ORDER 2325 28 3 2 34 0
1458 CANCEL 2208
1458 ORDER 2326 28 11 2 25 1
1458 ORDER 2327 25 27 2 5 3
1458 BLOCK 22 26
1459 ORDER 2328 8 18 34 34 0
1459 ORDER 2329 35 3 1 23 0
1460 ORDER 2330 21 18 1 25 0
1461 ORDER 2331 44 6 3 22 0
1461 ORDER 2332 24 5 2 2 0
1462 CANCEL 2197
1462 ORDER 2333 17 23 5 35 1
1462 ORDER 2334 13 11 2 21 3
1463 CANCEL 2271
1463 ORDER 2335 19 11 34 35 0
1463 ORDER 2336 25 21 2 13 1
1464 ORDER 2337 14 8 25 35 0
1464 ORDER 2338 11 26 3 21 0
1465 ORDER 2339 16 3 2 10 0
1465 ORDER 2340 32 5 45 34 3
1466 ORDER 2341 35 20 47 35 1
1466 ORDER 2342 12 17 3 6 0
1466 BLOCK 27 34
1467 ORDER 2343 11 21 3 28 0
1467 ORDER 2344 18 17 1 13 0
1468 ORDER 2345 14 26 1 17 0
1468 ORDER 2346 6 3 2 24 1
1469 CANCEL 2030
1469 ORDER 2347 28 21 3 22 0
1470 CANCEL 2204
1470 ORDER 2348 27 14 19 35 0
1471 ORDER 2349 13 3 1 26 0
1471 ORDER 2350 43 3 3 14 2
1472 ORDER 2351 13 14 34 35 0
1472 ORDER 2352 38 26 15 34 0
1473 CANCEL 2133
1473 ORDER 2353 40 18 2 3 0
1473 ORDER 2354 11 30 12 34 0
1474 ORDER 2355 45 11 1 4 1
1474 ORDER 2356 18 27 17 35 0
1475 ORDER 2357 6 9 1 13 0
1475 ORDER 2358 11 18 2 11 2
1476 ORDER 2359 19 20 1 22 0
1476 ORDER 2360 12 21 41 35 3
1477 ORDER 2361 20 26 44 34 1
1477 ORDER 2362 39 18 1 1 2
1478 CANCEL 2225
1478 ORDER 2363 23 18 3 19 1
1479 ORDER 2364 10 5 2 32 0
1480 ORDER 2365 31 27 3 21 0
1480 ORDER 2366 19 29 13 35 0
1481 ORDER 2367 24 17 19 35 1
1481 ORDER 2368 28 18 42 34 0
1482 ORDER 2369 23 5 3 34 1
1482 ORDER 2370 32 24 1 13 0
1483 ORDER 2371 30 21 2 4 3
1484 CANCEL 2162
1484 ORDER 2372 38 9 3 14 0
1484 ORDER 2373 31 3 26 34 0
1485 ORDER 2374 27 27 2 5 3
1485 ORDER 2375 10 30 1 10 0
1486 ORDER 2376 30 6 1 18 1
1486 ORDER 2377 11 18 19 34 1
1487 ORDER 2378 31 12 1 17 1
1487 ORDER 2379 21 21 6 34 0
1488 ORDER 2380 18 24 37 34 3
1489 ORDER 2381 33 32 35 34 1
1490 ORDER 2382 42 20 1 16 1
1490 ORDER 2383 21 15 2 19 1
1491 ORDER 2384 38 29 1 9 0
1492 ORDER 2385 21 23 3 9 0
1492 ORDER 2386 28 27 6 34 1
1493 ORDER 2387 40 30 29 34 0
1493 ORDER 2388 33 15 1 35 0
1494 ORDER 2389 40 27 1 32 0
1495 ORDER 2390 31 11 32 34 0
1495 ORDER 2391 26 29 1 13 1
1496 ORDER 2392 32 24 2 2 0
1497 ORDER 2393 20 8 3 12 0
1497 ORDER 2394 21 20 2 24 1
1498 ORDER 2395 37 21 43 34 1
1499 UNBLOCK 22 26
1499 ORDER 2396 40 21 36 35 1
1499 ORDER 2397 30 5 1 31 0
