40 31 1500
########################################
#.....C......C......C......C...........#
#......................................#
#......................................#
#.....#######..######..########..###...#
#......................................#
#......................................#
#.....#######..######..########..###...#
#......................................#
#......................................#
#.....########..#########..#########...#
#......................................#
#......................................#
#.....######..######..########..####...#
#......................................#
#......................................#
#.....######..######..######..######...#
#......................................#
#......................................#
#.....#########..#########..#######....#
#......................................#
#......................................#
#.....######..#######..#######..####...#
#......................................#
#......................................#
#.....########..######..#########..#...#
#......................................#
#......................................#
#......................................#
#......................................#
########################################
PARAMS 568 28 142 30 50 3 80 2
ROBOTS 24
15 19
26 10
38 27
1 25
8 11
11 23
36 8
3 23
25 2
31 14
8 15
14 2
33 17
26 23
9 2
29 21
30 11
18 12
28 2
32 12
5 26
6 24
19 23
8 20
EVENTS 603
5 ORDER 1 16 6 2 1 2
6 ORDER 2 34 9 1 8 0
10 ORDER 3 12 26 2 12 0
14 CANCEL 100003
15 ORDER 4 18 17 2 26 0
16 ORDER 5 21 11 3 23 0
17 ORDER 6 33 23 2 11 1
20 ORDER 7 20 6 1 23 0
24 ORDER 8 18 17 31 29 0
25 ORDER 9 9 26 5 29 0
26 ORDER 10 10 18 1 8 0
29 ORDER 11 28 6 1 6 1
31 ORDER 12 26 5 2 21 0
33 ORDER 13 35 3 3 6 1
34 ORDER 14 28 26 1 29 3
35 ORDER 15 11 23 2 5 1
39 ORDER 16 28 26 2 28 0
44 ORDER 17 33 18 2 17 0
50 ORDER 18 11 8 3 15 1
52 ORDER 19 6 21 30 29 0
53 ORDER 20 29 18 25 28 2
56 ORDER 21 26 12 3 17 0
60 ORDER 22 21 24 4 28 1
63 ORDER 23 24 11 10 28 1
64 ORDER 24 16 11 3 5 1
71 CANCEL 100024
73 ORDER 25 17 21 31 29 1
75 ORDER 26 6 17 17 28 1
75 BLOCK 30 24
76 ORDER 27 30 17 2 22 0
79 ORDER 28 21 24 21 29 1
80 ORDER 29 24 23 2 13 0
82 ORDER 30 23 9 3 11 1
85 ORDER 31 6 5 2 20 0
88 ORDER 32 29 5 13 28 0
92 ORDER 33 30 9 26 28 0
95 ORDER 34 33 14 22 29 0
96 ORDER 35 12 26 1 8 0
102 ORDER 36 34 14 2 5 0
105 ORDER 37 9 14 1 11 0
108 ORDER 38 6 15 4 28 0
113 ORDER 39 26 5 16 28 0
115 ORDER 40 19 26 3 14 1
117 ORDER 41 6 24 18 28 3
120 ORDER 42 10 26 1 4 0
122 ORDER 43 29 23 18 28 1
124 ORDER 44 10 9 32 28 2
126 ORDER 45 12 20 22 28 0
133 ORDER 46 32 23 29 28 0
135 ORDER 47 28 14 3 27 0
138 ORDER 48 20 9 36 29 1
150 ORDER 49 14 17 13 28 0
151 ORDER 50 7 6 2 3 0
156 ORDER 51 17 3 26 29 0
156 CANCEL 100051
159 ORDER 52 34 12 2 25 0
163 ORDER 53 14 19 28 28 1
167 ORDER 54 34 17 3 1 2
168 ORDER 55 7 5 1 3 0
171 ORDER 56 10 18 28 28 0
174 ORDER 57 7 6 6 28 1
176 ORDER 58 27 21 2 4 0
177 ORDER 59 17 12 3 25 1
180 UNBLOCK 30 24
180 ORDER 60 7 8 3 29 0
181 ORDER 61 18 5 38 28 0
184 ORDER 62 15 15 3 16 0
190 CANCEL 19
191 ORDER 63 35 17 22 29 0
193 ORDER 64 16 23 26 29 0
199 ORDER 65 13 18 19 28 2
201 ORDER 66 6 15 2 23 0
202 ORDER 67 10 17 19 28 0
205 ORDER 68 28 12 1 10 1
206 ORDER 69 6 14 2 5 1
207 ORDER 70 7 12 21 28 0
209 ORDER 71 9 21 13 29 0
210 ORDER 72 16 24 3 5 0
211 ORDER 73 23 8 2 9 2
212 ORDER 74 31 20 2 14 0
213 ORDER 75 33 12 24 28 2
214 ORDER 76 29 20 3 13 0
216 ORDER 77 10 18 3 6 0
220 ORDER 78 28 8 3 5 0
232 ORDER 79 19 9 20 28 2
234 ORDER 80 16 17 22 28 1
236 ORDER 81 9 5 5 29 1
240 CANCEL 52
241 ORDER 82 6 18 2 16 0
246 ORDER 83 25 24 1 9 0
247 ORDER 84 28 8 1 2 0
249 ORDER 85 31 11 6 29 3
254 CANCEL 23
256 ORDER 86 35 3 1 11 0
260 ORDER 87 25 6 3 22 2
261 ORDER 88 28 14 2 20 0
269 ORDER 89 23 5 8 28 0
270 ORDER 90 25 15 1 26 1
271 ORDER 91 13 24 5 28 0
275 BLOCK 27 2
276 ORDER 92 30 24 1 25 1
278 ORDER 93 7 21 21 28 0
279 ORDER 94 19 6 33 29 0
283 ORDER 95 8 12 23 28 0
284 ORDER 96 34 18 14 28 0
285 ORDER 97 20 3 14 28 1
289 BLOCK 12 29
295 ORDER 98 21 18 20 29 0
298 ORDER 99 29 11 26 28 2
300 ORDER 100 12 6 17 29 1
303 ORDER 101 8 18 1 22 0
307 BLOCK 32 7
308 ORDER 102 29 18 23 28 1
308 BLOCK 16 1
313 ORDER 103 19 26 1 19 0
317 ORDER 104 24 24 1 10 2
318 ORDER 105 23 3 32 29 1
320 ORDER 106 12 24 2 14 1
324 ORDER 107 21 26 27 28 1
325 ORDER 108 17 24 13 28 0
326 ORDER 109 22 12 28 29 0
327 ORDER 110 29 14 2 17 2
330 ORDER 111 15 12 35 28 0
332 ORDER 112 17 8 3 18 1
335 ORDER 113 14 12 5 28 0
339 ORDER 114 17 12 3 10 0
341 ORDER 115 10 12 26 28 0
343 ORDER 116 17 23 14 29 0
347 ORDER 117 16 14 2 3 2
348 ORDER 118 6 12 31 29 1
349 ORDER 119 30 8 14 29 0
352 ORDER 120 15 15 3 18 0
354 ORDER 121 24 5 1 24 0
356 CANCEL 74
357 ORDER 122 31 17 1 10 0
361 ORDER 123 12 5 28 28 0
364 ORDER 124 11 8 1 19 0
366 ORDER 125 16 5 2 4 3
367 ORDER 126 33 17 1 10 0
371 ORDER 127 10 21 8 29 1
372 UNBLOCK 27 2
377 ORDER 128 28 26 2 1 0
378 CANCEL 84
379 CANCEL 100128
384 ORDER 129 19 5 7 29 0
388 ORDER 130 14 18 35 29 0
393 ORDER 131 27 21 13 29 0
393 CANCEL 100131
395 ORDER 132 9 18 1 29 0
396 ORDER 133 29 6 2 17 0
398 ORDER 134 24 14 3 2 0
399 UNBLOCK 16 1
400 CANCEL 121
400 ORDER 135 21 9 3 22 1
401 ORDER 136 31 24 1 12 1
405 ORDER 137 20 6 10 28 1
408 ORDER 138 29 14 38 28 1
409 UNBLOCK 12 29
409 ORDER 139 28 24 1 7 1
411 ORDER 140 34 9 1 14 1
411 BLOCK 8 29
413 ORDER 141 33 8 3 17 0
414 ORDER 142 31 26 20 28 0
416 ORDER 143 25 20 1 8 0
420 ORDER 144 32 9 6 28 0
422 ORDER 145 29 9 1 20 0
429 ORDER 146 11 17 23 28 0
435 ORDER 147 19 12 3 11 0
436 ORDER 148 20 5 3 28 0
437 ORDER 149 32 23 1 10 0
437 BLOCK 25 3
438 ORDER 150 11 3 23 28 2
439 ORDER 151 28 12 36 28 3
448 ORDER 152 32 14 26 28 2
449 UNBLOCK 32 7
452 ORDER 153 8 14 5 28 0
453 ORDER 154 11 6 2 3 0
459 ORDER 155 20 6 17 29 1
460 ORDER 156 35 26 2 13 1
462 ORDER 157 35 6 1 19 0
465 ORDER 158 19 20 3 10 0
466 ORDER 159 32 11 2 5 1
467 BLOCK 24 12
471 ORDER 160 15 21 33 29 1
472 BLOCK 34 27
476 ORDER 161 17 9 1 20 2
477 ORDER 162 16 9 2 2 0
478 ORDER 163 32 23 3 18 0
479 ORDER 164 27 8 6 29 1
481 CANCEL 131
484 ORDER 165 30 24 27 28 0
488 ORDER 166 21 9 29 28 3
489 ORDER 167 29 12 1 3 0
500 UNBLOCK 8 29
501 ORDER 168 19 23 27 28 1
502 ORDER 169 26 3 2 18 1
503 ORDER 170 16 5 2 7 0
505 ORDER 171 16 17 33 29 1
506 ORDER 172 30 15 4 28 0
507 ORDER 173 12 6 35 29 0
509 ORDER 174 19 8 20 29 0
511 ORDER 175 26 8 1 8 0
512 ORDER 176 27 9 1 3 0
513 ORDER 177 17 11 2 6 1
514 ORDER 178 31 24 13 28 0
517 ORDER 179 14 14 27 28 1
518 ORDER 180 9 21 15 29 0
524 ORDER 181 35 9 2 4 2
526 ORDER 182 35 11 2 26 0
528 ORDER 183 17 11 1 9 0
532 ORDER 184 11 24 1 27 0
533 UNBLOCK 25 3
533 ORDER 185 11 18 2 15 0
536 ORDER 186 14 12 22 28 2
540 ORDER 187 29 12 20 29 0
542 ORDER 188 35 23 23 28 0
542 BLOCK 11 12
543 CANCEL 100188
544 CANCEL 100188
546 ORDER 189 8 8 2 19 1
555 ORDER 190 6 15 3 12 0
558 ORDER 191 29 11 3 15 0
559 ORDER 192 29 14 6 29 0
562 ORDER 193 15 8 26 29 0
563 ORDER 194 13 20 27 28 0
567 UNBLOCK 24 12
568 ORDER 195 8 12 24 28 0
569 ORDER 196 24 14 14 28 0
571 ORDER 197 26 14 2 23 1
575 ORDER 198 35 14 2 6 1
576 ORDER 199 26 24 2 7 2
578 ORDER 200 12 3 12 28 0
579 ORDER 201 35 24 1 11 1
580 ORDER 202 33 15 3 8 1
584 ORDER 203 13 24 3 17 0
586 ORDER 204 18 5 15 29 1
590 ORDER 205 8 9 3 5 1
594 ORDER 206 22 15 20 28 0
596 ORDER 207 34 3 8 29 0
598 ORDER 208 26 14 13 29 0
599 CANCEL 135
600 ORDER 209 18 24 3 22 1
601 ORDER 210 26 21 4 29 1
602 ORDER 211 24 6 1 2 0
610 UNBLOCK 34 27
612 ORDER 212 32 14 1 3 0
614 ORDER 213 14 21 2 28 0
616 ORDER 214 9 12 2 21 0
620 ORDER 215 25 18 3 10 1
623 ORDER 216 16 5 3 7 0
624 ORDER 217 16 9 2 18 0
626 ORDER 218 23 6 1 28 0
627 ORDER 219 17 24 2 16 0
628 ORDER 220 22 11 20 28 0
630 ORDER 221 25 24 3 23 0
631 ORDER 222 29 24 29 28 0
635 ORDER 223 8 12 1 7 1
637 ORDER 224 8 23 10 28 0
639 ORDER 225 27 24 2 2 0
641 ORDER 226 16 17 2 19 3
644 CANCEL 172
650 ORDER 227 35 12 2 29 3
652 ORDER 228 11 14 13 28 2
659 ORDER 229 10 21 14 29 0
660 BLOCK 18 9
663 UNBLOCK 11 12
664 ORDER 230 21 24 15 29 0
665 ORDER 231 15 23 29 28 1
666 ORDER 232 19 14 3 8 3
670 CANCEL 100232
671 ORDER 233 35 14 13 28 0
672 ORDER 234 9 21 29 28 0
675 ORDER 235 25 14 17 28 3
681 ORDER 236 18 5 16 28 0
684 ORDER 237 34 18 3 4 0
686 CANCEL 167
692 ORDER 238 17 20 3 19 0
694 ORDER 239 28 20 22 29 0
695 ORDER 240 34 20 3 29 1
696 ORDER 241 19 12 3 14 0
699 CANCEL 185
700 ORDER 242 16 24 1 18 0
703 ORDER 243 17 23 38 28 0
704 ORDER 244 24 9 2 29 0
705 ORDER 245 21 11 1 2 3
708 ORDER 246 11 15 2 19 2
711 ORDER 247 10 6 1 6 1
712 CANCEL 100247
718 ORDER 248 19 8 37 29 3
719 ORDER 249 30 5 1 15 1
721 ORDER 250 17 20 38 29 0
722 UNBLOCK 18 9
722 ORDER 251 17 8 1 2 2
723 CANCEL 202
723 ORDER 252 29 21 2 18 1
724 ORDER 253 28 5 2 7 0
725 CANCEL 191
726 ORDER 254 23 3 1 19 1
727 ORDER 255 7 14 8 28 0
728 ORDER 256 34 12 2 18 2
730 ORDER 257 21 18 3 11 1
731 ORDER 258 16 14 2 29 0
731 BLOCK 14 29
735 ORDER 259 10 12 3 5 0
737 ORDER 260 22 17 3 27 0
739 ORDER 261 25 26 1 4 2
747 ORDER 262 35 5 34 28 0
749 ORDER 263 8 17 3 18 1
750 ORDER 264 29 3 16 28 0
764 ORDER 265 33 9 9 28 0
764 BLOCK 30 27
767 ORDER 266 11 12 3 22 0
769 ORDER 267 27 5 2 6 1
773 ORDER 268 11 15 17 29 0
776 ORDER 269 35 3 12 29 2
777 ORDER 270 27 12 1 26 0
778 ORDER 271 6 9 3 28 0
779 ORDER 272 18 15 3 16 0
781 ORDER 273 35 6 3 29 1
786 ORDER 274 14 20 26 28 0
789 ORDER 275 17 5 3 11 0
791 ORDER 276 32 23 16 28 0
794 ORDER 277 17 12 1 4 0
798 ORDER 278 30 26 2 1 2
800 ORDER 279 20 3 3 3 0
804 ORDER 280 9 26 3 17 1
806 ORDER 281 9 5 3 5 1
808 ORDER 282 34 6 34 29 0
814 ORDER 283 27 15 30 28 2
817 ORDER 284 26 15 1 26 1
819 ORDER 285 21 11 12 28 2
820 UNBLOCK 14 29
822 ORDER 286 19 9 29 28 0
823 ORDER 287 8 14 17 28 0
824 ORDER 288 29 11 7 29 1
825 ORDER 289 26 12 2 1 0
826 ORDER 290 13 18 3 19 0
827 ORDER 291 33 9 9 29 0
830 ORDER 292 18 8 3 22 1
831 UNBLOCK 30 27
831 ORDER 293 16 8 3 23 0
834 ORDER 294 17 17 9 29 0
835 ORDER 295 26 24 3 6 3
838 BLOCK 29 1
839 ORDER 296 11 17 1 20 0
842 ORDER 297 11 24 25 28 2
845 ORDER 298 31 18 1 9 0
846 ORDER 299 17 9 31 29 1
850 ORDER 300 15 6 2 5 0
852 ORDER 301 15 21 14 29 0
855 ORDER 302 23 23 2 9 0
864 ORDER 303 6 20 12 28 0
866 ORDER 304 35 14 2 2 1
872 ORDER 305 20 26 1 28 0
873 ORDER 306 29 21 38 29 0
878 ORDER 307 23 20 31 28 3
885 ORDER 308 27 3 3 21 1
886 ORDER 309 27 17 19 28 1
887 ORDER 310 30 24 18 28 0
895 ORDER 311 23 21 3 16 1
900 ORDER 312 11 12 24 29 0
906 ORDER 313 22 20 22 29 0
908 ORDER 314 9 24 1 17 3
910 ORDER 315 29 3 18 29 2
911 ORDER 316 27 11 3 13 1
913 ORDER 317 32 11 27 29 0
914 ORDER 318 14 12 3 11 2
919 ORDER 319 23 17 3 24 0
920 ORDER 320 34 21 37 28 0
921 ORDER 321 21 9 37 29 0
922 ORDER 322 35 11 1 27 0
926 ORDER 323 10 9 11 28 0
928 ORDER 324 14 20 3 28 1
930 UNBLOCK 29 1
932 ORDER 325 23 5 3 3 0
937 ORDER 326 24 5 12 29 0
938 CANCEL 274
939 ORDER 327 19 6 1 16 0
941 ORDER 328 16 24 19 29 2
943 ORDER 329 16 11 1 3 2
948 BLOCK 16 26
951 ORDER 330 18 23 25 29 0
952 ORDER 331 22 9 3 8 0
953 ORDER 332 27 17 12 28 0
955 ORDER 333 7 5 4 28 0
956 ORDER 334 9 9 16 28 0
957 ORDER 335 12 5 28 28 0
959 ORDER 336 6 5 2 16 1
964 ORDER 337 22 20 3 4 0
966 ORDER 338 6 17 1 18 2
971 ORDER 339 30 26 24 28 0
972 ORDER 340 33 14 6 28 2
978 ORDER 341 33 17 1 15 1
983 ORDER 342 25 12 1 25 2
985 ORDER 343 25 20 23 29 1
986 ORDER 344 29 3 16 28 1
990 UNBLOCK 16 26
990 ORDER 345 15 21 2 28 0
993 ORDER 346 22 18 23 29 0
994 ORDER 347 8 15 1 29 0
996 ORDER 348 24 11 1 1 2
1002 CANCEL 332
1002 ORDER 349 20 21 2 27 0
1003 ORDER 350 10 11 2 13 0
1004 ORDER 351 11 21 1 3 0
1005 ORDER 352 30 8 6 29 0
1007 ORDER 353 16 12 38 29 2
1009 CANCEL 340
1010 CANCEL 100353
1012 ORDER 354 19 3 6 28 0
1016 ORDER 355 30 3 1 9 0
1019 ORDER 356 32 23 3 12 1
1020 ORDER 357 35 9 1 4 2
1022 ORDER 358 23 18 20 28 0
1025 ORDER 359 7 24 2 25 0
1026 ORDER 360 19 23 3 23 0
1028 ORDER 361 25 18 2 14 1
1029 ORDER 362 27 9 2 9 2
1034 ORDER 363 9 17 2 10 0
1038 BLOCK 14 20
1039 ORDER 364 27 3 3 20 1
1040 ORDER 365 6 26 1 20 1
1042 ORDER 366 17 7 2 13 0
1046 ORDER 367 7 14 12 28 0
1047 ORDER 368 24 18 2 15 3
1051 ORDER 369 32 26 13 29 0
1056 ORDER 370 16 6 4 28 0
1058 ORDER 371 20 6 25 28 3
1060 ORDER 372 17 21 15 29 0
1066 ORDER 373 20 21 3 27 0
1071 ORDER 374 9 5 3 5 1
1076 ORDER 375 9 26 3 11 0
1079 ORDER 376 23 23 1 23 0
1080 ORDER 377 22 15 3 13 0
1081 BLOCK 5 13
1084 ORDER 378 19 23 3 29 1
1089 ORDER 379 25 15 1 18 0
1091 ORDER 380 18 21 2 6 1
1094 ORDER 381 33 3 1 17 1
1098 ORDER 382 14 14 1 27 1
1100 ORDER 383 8 11 1 17 0
1101 ORDER 384 35 6 1 20 1
1102 ORDER 385 10 21 1 9 3
1106 ORDER 386 26 14 32 29 2
1108 ORDER 387 6 11 2 23 0
1119 ORDER 388 20 24 10 29 0
1121 ORDER 389 16 8 1 18 0
1123 CANCEL 329
1124 ORDER 390 27 8 3 21 1
1125 ORDER 391 20 5 24 29 0
1127 ORDER 392 31 20 37 29 1
1130 ORDER 393 8 24 4 29 1
1131 ORDER 394 32 12 13 29 0
1136 ORDER 395 25 3 3 29 1
1138 ORDER 396 25 8 2 22 0
1141 ORDER 397 32 17 17 28 0
1142 UNBLOCK 14 20
1146 ORDER 398 32 15 2 25 0
1149 ORDER 399 33 23 30 28 0
1150 ORDER 400 17 23 38 28 2
1153 ORDER 401 8 14 3 19 2
1154 ORDER 402 7 20 21 28 0
1156 ORDER 403 16 14 28 29 1
1160 ORDER 404 17 6 3 5 0
1161 ORDER 405 12 9 22 29 3
1172 ORDER 406 27 3 1 3 0
1173 UNBLOCK 5 13
1174 ORDER 407 11 17 25 28 0
1177 ORDER 408 25 3 27 29 0
1180 ORDER 409 20 6 17 28 0
1183 ORDER 410 8 14 1 22 0
1186 ORDER 411 25 23 13 29 0
1189 ORDER 412 32 11 33 29 0
1191 ORDER 413 28 23 1 7 1
1192 ORDER 414 33 5 2 12 0
1192 BLOCK 5 27
1194 ORDER 415 17 21 30 28 0
1197 ORDER 416 32 9 37 29 0
1198 CANCEL 403
1199 ORDER 417 11 6 3 20 0
1199 BLOCK 12 11
1200 ORDER 418 30 6 37 29 0
1203 ORDER 419 24 23 14 29 1
1205 ORDER 420 30 26 13 28 0
1206 ORDER 421 30 5 3 29 0
1207 ORDER 422 11 24 10 29 0
1209 ORDER 423 6 22 3 24 0
1209 BLOCK 14 25
1210 ORDER 424 10 14 7 29 0
1211 ORDER 425 12 6 19 29 1
1215 ORDER 426 17 18 1 3 1
1217 CANCEL 389
1220 ORDER 427 18 24 2 28 0
1224 ORDER 428 14 20 2 24 0
1226 ORDER 429 10 3 3 6 3
1235 ORDER 430 28 26 1 10 0
1238 ORDER 431 35 21 1 17 0
1240 ORDER 432 17 23 17 29 1
1245 ORDER 433 24 24 1 9 1
1246 ORDER 434 7 24 32 29 0
1247 ORDER 435 27 8 3 4 0
1248 ORDER 436 35 23 3 4 0
1252 ORDER 437 27 21 23 28 0
1257 UNBLOCK 5 27
1258 ORDER 438 19 9 16 29 1
1260 ORDER 439 28 14 2 17 1
1264 ORDER 440 23 3 23 28 0
1267 ORDER 441 24 14 19 28 0
1268 ORDER 442 15 15 2 5 0
1269 ORDER 443 24 5 3 27 3
1270 ORDER 444 13 26 3 2 1
1276 ORDER 445 18 3 3 22 1
1278 ORDER 446 31 9 1 15 1
1279 ORDER 447 9 8 3 9 0
1280 UNBLOCK 12 11
1282 ORDER 448 29 14 3 20 1
1285 ORDER 449 9 18 13 29 0
1285 BLOCK 20 20
1287 CANCEL 430
1291 ORDER 450 25 12 29 28 0
1293 ORDER 451 9 12 3 13 0
1295 ORDER 452 16 21 3 22 0
1297 ORDER 453 13 11 1 25 1
1301 ORDER 454 27 14 19 28 0
1305 ORDER 455 15 16 26 29 0
1307 ORDER 456 33 21 2 19 2
1312 ORDER 457 9 12 27 28 1
1313 ORDER 458 12 3 1 28 1
1314 ORDER 459 33 14 5 29 1
1317 ORDER 460 15 6 36 29 0
1328 ORDER 461 35 12 20 28 0
1329 ORDER 462 24 8 26 28 1
1329 BLOCK 28 26
1333 ORDER 463 35 3 14 29 0
1334 ORDER 464 10 15 2 25 0
1337 ORDER 465 26 14 31 28 0
1343 ORDER 466 24 26 16 29 0
1344 CANCEL 462
1345 UNBLOCK 14 25
1345 ORDER 467 19 11 2 27 0
1348 ORDER 468 35 8 15 29 3
1349 ORDER 469 8 26 7 29 0
1351 ORDER 470 9 8 2 22 0
1354 ORDER 471 27 8 29 29 0
1357 ORDER 472 21 26 22 29 1
1358 ORDER 473 17 14 24 29 0
1360 ORDER 474 34 15 3 29 0
1361 ORDER 475 25 15 10 29 0
1363 UNBLOCK 28 26
1363 ORDER 476 35 12 1 4 0
1365 CANCEL 476
1367 ORDER 477 18 8 3 4 0
1368 ORDER 478 32 21 24 28 1
1369 ORDER 479 16 26 7 28 1
1372 ORDER 480 16 6 15 29 0
1374 ORDER 481 11 15 4 28 0
1375 ORDER 482 9 8 3 13 2
1383 ORDER 483 7 23 1 27 1
1385 ORDER 484 16 12 1 23 0
1386 ORDER 485 6 8 3 13 1
1389 ORDER 486 28 6 2 1 0
1391 ORDER 487 18 5 1 11 0
1397 BLOCK 18 20
1400 ORDER 488 33 15 6 29 1
1408 ORDER 489 31 20 2 7 0
1410 ORDER 490 8 15 26 28 1
1411 ORDER 491 13 24 1 25 1
1412 ORDER 492 16 9 1 16 1
1414 ORDER 493 25 24 2 27 0
1420 ORDER 494 24 10 1 9 0
1421 ORDER 495 34 12 2 22 0
1422 ORDER 496 24 9 1 8 0
1426 BLOCK 15 23
1427 ORDER 497 9 23 1 28 1
1429 UNBLOCK 20 20
1433 ORDER 498 35 24 1 3 0
1437 ORDER 499 30 5 38 29 0
1443 ORDER 500 10 14 2 11 0
1444 BLOCK 23 28
1445 ORDER 501 11 12 1 15 1
1447 BLOCK 7 21
1451 ORDER 502 8 17 2 1 2
1453 ORDER 503 16 11 28 28 1
1456 ORDER 504 25 14 10 29 0
1457 CANCEL 438
1458 ORDER 505 18 11 15 29 1
1459 ORDER 506 34 6 6 29 1
1465 ORDER 507 10 26 33 29 0
1475 ORDER 508 25 21 36 29 0
1476 ORDER 509 24 24 32 29 0
1477 ORDER 510 27 11 3 7 0
1481 ORDER 511 24 11 1 10 0
1484 UNBLOCK 7 21
1487 ORDER 512 17 20 5 29 0
1489 ORDER 513 18 23 12 28 0
1490 ORDER 514 24 26 1 28 0
1491 ORDER 515 26 26 2 21 0
1492 ORDER 516 8 17 3 15 3
1493 UNBLOCK 18 20
1493 ORDER 517 34 12 3 2 0
1494 CANCEL 459
1497 ORDER 518 10 12 28 29 0
1499 ORDER 519 16 23 3 11 0
