60 60 1600
############################################################
#C.........................................................#
#..........................................................#
#..........................................................#
#..........................................................#
#..........................................................#
#..........................................................#
#..........................................................#
#..........................................................#
#..........................................................#
#..........................................................#
#..........................................................#
#..........................................................#
#..........................................................#
#..........................................................#
#..........................................................#
#..........................................................#
#..........................................................#
#..........................................................#
#..........................................................#
#..........................................................#
#..........................................................#
#..........................................................#
#..........................................................#
#..........................................................#
#..........................................................#
#..........................................................#
#..........................................................#
#..........................................................#
#..........................................................#
#..........................................................#
#..........................................................#
#..........................................................#
#..........................................................#
#..........................................................#
#..........................................................#
#..........................................................#
#..........................................................#
#..........................................................#
#..........................................................#
#..........................................................#
#..........................................................#
#..........................................................#
#..........................................................#
#..........................................................#
#..........................................................#
#..........................................................#
#..........................................................#
#..........................................................#
#..........................................................#
#..........................................................#
#..........................................................#
#..........................................................#
#..........................................................#
#..........................................................#
#..........................................................#
#..........................................................#
#..........................................................#
#..........................................................#
############################################################
PARAMS 100000 1 0 0 1000000 0
ROBOTS 1
1 1
EVENTS 1400
0 BLOCK 11 46
0 BLOCK 52 8
0 BLOCK 46 2
0 BLOCK 23 53
0 BLOCK 26 20
0 BLOCK 19 18
0 BLOCK 46 16
0 BLOCK 51 10
0 BLOCK 2 53
0 BLOCK 15 8
0 BLOCK 47 48
0 BLOCK 19 53
0 BLOCK 31 39
0 BLOCK 10 7
0 BLOCK 42 42
0 BLOCK 48 30
0 BLOCK 16 3
0 BLOCK 8 3
0 BLOCK 37 7
0 BLOCK 27 16
0 BLOCK 26 17
0 BLOCK 41 36
0 BLOCK 31 43
0 BLOCK 52 2
0 BLOCK 38 40
0 BLOCK 4 15
0 BLOCK 34 51
0 BLOCK 53 46
0 BLOCK 32 50
0 BLOCK 30 39
0 BLOCK 38 30
0 BLOCK 34 16
0 BLOCK 43 32
0 BLOCK 37 42
0 BLOCK 39 20
0 BLOCK 11 58
0 BLOCK 28 1
0 BLOCK 36 54
0 BLOCK 54 57
0 BLOCK 17 12
0 BLOCK 19 50
0 BLOCK 51 30
0 BLOCK 3 25
0 BLOCK 38 20
0 BLOCK 58 11
0 BLOCK 13 16
0 BLOCK 55 54
0 BLOCK 46 24
0 BLOCK 14 8
0 BLOCK 33 7
0 BLOCK 50 27
0 BLOCK 50 7
0 BLOCK 22 26
0 BLOCK 18 25
0 BLOCK 38 43
0 BLOCK 41 19
0 BLOCK 1 58
0 BLOCK 5 4
0 BLOCK 32 52
0 BLOCK 27 33
0 BLOCK 52 38
0 BLOCK 49 9
0 BLOCK 44 27
0 BLOCK 34 6
0 BLOCK 1 40
0 BLOCK 42 21
0 BLOCK 24 45
0 BLOCK 41 44
0 BLOCK 33 26
0 BLOCK 46 41
0 BLOCK 35 14
0 BLOCK 45 50
0 BLOCK 54 5
0 BLOCK 15 4
0 BLOCK 42 47
0 BLOCK 7 17
0 BLOCK 36 55
0 BLOCK 27 21
0 BLOCK 38 6
0 BLOCK 27 17
0 BLOCK 9 8
0 BLOCK 8 58
0 BLOCK 15 58
0 BLOCK 3 33
0 BLOCK 53 45
0 BLOCK 46 26
0 BLOCK 30 12
0 BLOCK 10 27
0 BLOCK 7 26
0 BLOCK 48 15
0 BLOCK 21 48
0 BLOCK 51 19
0 BLOCK 34 50
0 BLOCK 17 49
0 BLOCK 46 46
0 BLOCK 4 6
0 BLOCK 3 44
0 BLOCK 50 45
0 BLOCK 6 13
0 BLOCK 43 38
0 BLOCK 30 52
0 BLOCK 18 18
0 BLOCK 33 12
0 BLOCK 39 33
0 BLOCK 48 27
0 BLOCK 5 20
0 BLOCK 13 46
0 BLOCK 36 49
0 BLOCK 21 40
0 BLOCK 31 16
0 BLOCK 22 49
0 BLOCK 54 23
0 BLOCK 17 55
0 BLOCK 48 55
0 BLOCK 57 4
0 BLOCK 12 17
0 BLOCK 17 3
0 BLOCK 18 23
0 BLOCK 21 29
0 BLOCK 54 19
0 BLOCK 41 5
0 BLOCK 54 15
0 BLOCK 5 41
0 BLOCK 42 51
0 BLOCK 14 23
0 BLOCK 2 16
0 BLOCK 18 47
0 BLOCK 16 36
0 BLOCK 56 28
0 BLOCK 25 46
0 BLOCK 25 33
0 BLOCK 7 11
0 BLOCK 42 19
0 BLOCK 51 58
0 BLOCK 26 18
0 BLOCK 37 53
0 BLOCK 39 40
0 BLOCK 5 39
0 BLOCK 34 19
0 BLOCK 45 53
0 BLOCK 18 42
0 BLOCK 16 31
0 BLOCK 14 42
0 BLOCK 13 29
0 BLOCK 34 26
0 BLOCK 30 16
0 BLOCK 46 10
0 BLOCK 1 37
0 BLOCK 51 35
0 BLOCK 26 7
0 BLOCK 23 54
0 BLOCK 20 4
0 BLOCK 45 8
0 BLOCK 48 11
0 BLOCK 20 45
0 BLOCK 19 12
0 BLOCK 5 49
0 BLOCK 49 30
0 BLOCK 8 43
0 BLOCK 30 5
0 BLOCK 12 28
0 BLOCK 57 27
0 BLOCK 6 43
0 BLOCK 5 34
0 BLOCK 23 38
0 BLOCK 45 18
0 BLOCK 6 40
0 BLOCK 49 1
0 BLOCK 4 49
0 BLOCK 54 51
0 BLOCK 7 9
0 BLOCK 10 49
0 BLOCK 55 38
0 BLOCK 3 54
0 BLOCK 50 19
0 BLOCK 18 55
0 BLOCK 17 46
0 BLOCK 16 58
0 BLOCK 57 58
0 BLOCK 44 21
0 BLOCK 42 31
0 BLOCK 11 12
0 BLOCK 4 33
0 BLOCK 15 1
0 BLOCK 1 52
0 BLOCK 49 51
0 BLOCK 36 19
0 BLOCK 22 36
0 BLOCK 48 54
0 BLOCK 37 13
0 BLOCK 51 36
0 BLOCK 31 8
0 BLOCK 11 45
0 BLOCK 6 22
0 BLOCK 9 46
0 BLOCK 42 55
0 BLOCK 2 44
0 BLOCK 33 58
0 BLOCK 21 56
0 BLOCK 25 27
0 BLOCK 51 54
0 BLOCK 25 12
0 BLOCK 7 39
0 BLOCK 28 38
0 BLOCK 4 1
0 BLOCK 19 43
0 BLOCK 53 23
0 BLOCK 31 35
0 BLOCK 23 2
0 BLOCK 54 8
0 BLOCK 38 26
0 BLOCK 43 22
0 BLOCK 54 17
0 BLOCK 7 5
0 BLOCK 2 18
0 BLOCK 52 56
0 BLOCK 53 57
0 BLOCK 4 7
0 BLOCK 41 52
0 BLOCK 20 35
0 BLOCK 53 5
0 BLOCK 43 54
0 BLOCK 37 38
0 BLOCK 6 55
0 BLOCK 53 9
0 BLOCK 5 10
0 BLOCK 36 47
0 BLOCK 34 34
0 BLOCK 49 39
0 BLOCK 40 12
0 BLOCK 43 19
0 BLOCK 17 38
0 BLOCK 50 43
0 BLOCK 53 30
0 BLOCK 57 15
0 BLOCK 6 39
0 BLOCK 21 54
0 BLOCK 33 52
0 BLOCK 43 49
0 BLOCK 13 15
0 BLOCK 22 51
0 BLOCK 2 23
0 BLOCK 12 29
0 BLOCK 27 48
0 BLOCK 31 58
0 BLOCK 23 27
0 BLOCK 56 31
0 BLOCK 33 37
0 BLOCK 53 32
0 BLOCK 33 9
0 BLOCK 31 18
0 BLOCK 52 16
0 BLOCK 32 5
0 BLOCK 52 24
0 BLOCK 30 2
0 BLOCK 33 42
0 BLOCK 8 40
0 BLOCK 16 17
0 BLOCK 34 42
0 BLOCK 27 58
0 BLOCK 31 1
0 BLOCK 2 6
0 BLOCK 1 51
0 BLOCK 34 45
0 BLOCK 11 5
0 BLOCK 11 17
0 BLOCK 46 5
0 BLOCK 14 3
0 BLOCK 21 24
0 BLOCK 29 54
0 BLOCK 19 37
0 BLOCK 48 17
0 BLOCK 40 20
0 BLOCK 16 48
0 BLOCK 18 35
0 BLOCK 9 16
0 BLOCK 12 58
0 BLOCK 21 10
0 BLOCK 6 52
0 BLOCK 20 41
0 BLOCK 42 41
0 BLOCK 24 34
0 BLOCK 11 18
0 BLOCK 25 34
0 BLOCK 45 29
0 BLOCK 27 14
0 BLOCK 40 7
0 BLOCK 51 7
0 BLOCK 33 47
0 BLOCK 27 31
0 BLOCK 3 26
0 BLOCK 54 30
0 BLOCK 3 30
0 BLOCK 58 33
0 BLOCK 16 57
0 BLOCK 49 4
0 BLOCK 34 48
0 BLOCK 10 47
0 BLOCK 38 46
0 BLOCK 57 7
0 BLOCK 18 5
0 BLOCK 27 29
0 BLOCK 26 52
0 BLOCK 57 24
0 BLOCK 43 8
0 BLOCK 34 18
0 BLOCK 32 14
0 BLOCK 5 54
0 BLOCK 56 57
0 BLOCK 41 32
0 BLOCK 54 10
0 BLOCK 43 58
0 BLOCK 57 13
0 BLOCK 18 54
0 BLOCK 40 33
0 BLOCK 39 18
0 BLOCK 20 6
0 BLOCK 19 32
0 BLOCK 52 39
0 BLOCK 55 7
0 BLOCK 35 4
0 BLOCK 5 47
0 BLOCK 12 39
0 BLOCK 4 2
0 BLOCK 36 7
0 BLOCK 42 17
0 BLOCK 45 12
0 BLOCK 42 29
0 BLOCK 19 35
0 BLOCK 1 35
0 BLOCK 7 16
0 BLOCK 20 29
0 BLOCK 10 5
0 BLOCK 38 12
0 BLOCK 46 27
0 BLOCK 10 1
0 BLOCK 35 28
0 BLOCK 44 19
0 BLOCK 9 33
0 BLOCK 10 21
0 BLOCK 52 30
0 BLOCK 13 50
0 BLOCK 36 52
0 BLOCK 16 40
0 BLOCK 45 47
0 BLOCK 44 51
0 BLOCK 23 35
0 BLOCK 56 11
0 BLOCK 25 14
0 BLOCK 57 21
0 BLOCK 23 16
0 BLOCK 9 5
0 BLOCK 54 41
0 BLOCK 18 39
0 BLOCK 19 5
0 BLOCK 10 23
0 BLOCK 4 5
0 BLOCK 33 4
0 BLOCK 16 42
0 BLOCK 40 34
0 BLOCK 31 36
0 BLOCK 31 38
0 BLOCK 8 12
0 BLOCK 2 5
0 BLOCK 52 36
0 BLOCK 40 6
0 BLOCK 9 14
0 BLOCK 50 5
0 BLOCK 3 43
0 BLOCK 48 5
0 BLOCK 41 48
0 BLOCK 37 17
0 BLOCK 31 29
0 BLOCK 29 9
0 BLOCK 15 41
0 BLOCK 24 18
0 BLOCK 53 41
0 BLOCK 1 43
0 BLOCK 48 3
0 BLOCK 44 44
0 BLOCK 47 6
0 BLOCK 37 30
0 BLOCK 26 47
0 BLOCK 32 56
0 BLOCK 55 40
0 BLOCK 55 37
0 BLOCK 21 23
0 BLOCK 26 19
0 BLOCK 26 15
0 BLOCK 19 48
0 BLOCK 35 51
0 BLOCK 12 23
0 BLOCK 51 17
0 BLOCK 45 19
0 BLOCK 57 28
0 BLOCK 16 10
0 BLOCK 47 54
0 BLOCK 35 46
0 BLOCK 12 22
0 BLOCK 18 33
0 BLOCK 20 52
0 BLOCK 9 6
0 BLOCK 40 1
0 BLOCK 23 33
0 BLOCK 52 44
0 BLOCK 46 40
0 BLOCK 5 8
0 BLOCK 12 6
0 BLOCK 58 38
0 BLOCK 5 16
0 BLOCK 44 36
0 BLOCK 11 53
0 BLOCK 22 10
0 BLOCK 39 25
0 BLOCK 51 5
0 BLOCK 16 18
0 BLOCK 7 27
0 BLOCK 9 21
0 BLOCK 10 12
0 BLOCK 44 54
0 BLOCK 23 39
0 BLOCK 41 50
0 BLOCK 23 22
0 BLOCK 13 44
0 BLOCK 12 47
0 BLOCK 22 38
0 BLOCK 34 1
0 BLOCK 11 48
0 BLOCK 11 40
0 BLOCK 10 22
0 BLOCK 51 47
0 BLOCK 20 8
0 BLOCK 30 10
0 BLOCK 3 58
0 BLOCK 10 9
0 BLOCK 34 8
0 BLOCK 8 56
0 BLOCK 14 58
0 BLOCK 15 20
0 BLOCK 54 20
0 BLOCK 43 43
0 BLOCK 52 15
0 BLOCK 14 25
0 BLOCK 23 15
0 BLOCK 33 49
0 BLOCK 47 45
0 BLOCK 39 19
0 BLOCK 42 36
0 BLOCK 25 55
0 BLOCK 44 18
0 BLOCK 36 4
0 BLOCK 32 7
0 BLOCK 48 45
0 BLOCK 57 53
0 BLOCK 33 20
0 BLOCK 8 4
0 BLOCK 16 1
0 BLOCK 34 24
0 BLOCK 15 10
0 BLOCK 1 46
0 BLOCK 30 19
0 BLOCK 31 55
0 BLOCK 13 32
0 BLOCK 57 39
0 BLOCK 50 50
0 BLOCK 13 31
0 BLOCK 37 40
0 BLOCK 41 1
0 BLOCK 23 55
0 BLOCK 32 53
0 BLOCK 48 49
0 BLOCK 32 11
0 BLOCK 32 39
0 BLOCK 33 3
0 BLOCK 6 27
0 BLOCK 9 42
0 BLOCK 3 40
0 BLOCK 28 11
0 BLOCK 22 31
0 BLOCK 2 10
0 BLOCK 57 3
0 BLOCK 46 22
0 BLOCK 45 26
0 BLOCK 49 3
0 BLOCK 17 26
0 BLOCK 50 15
0 BLOCK 11 49
0 BLOCK 38 18
0 BLOCK 7 48
0 BLOCK 17 8
0 BLOCK 58 25
0 BLOCK 33 40
0 BLOCK 21 53
0 BLOCK 50 44
0 BLOCK 55 11
0 BLOCK 43 17
0 BLOCK 29 12
0 BLOCK 31 13
0 BLOCK 8 30
0 BLOCK 45 2
0 BLOCK 40 13
0 BLOCK 28 24
0 BLOCK 6 30
0 BLOCK 17 52
0 BLOCK 32 18
0 BLOCK 58 55
0 BLOCK 16 12
0 BLOCK 38 8
0 BLOCK 2 28
0 BLOCK 44 3
0 BLOCK 15 34
0 BLOCK 43 16
0 BLOCK 7 15
0 BLOCK 31 33
0 BLOCK 42 25
0 BLOCK 34 22
0 BLOCK 6 17
0 BLOCK 45 16
0 BLOCK 40 2
0 BLOCK 37 47
0 BLOCK 39 14
0 BLOCK 10 29
0 BLOCK 12 24
0 BLOCK 41 20
0 BLOCK 44 57
0 BLOCK 43 20
0 BLOCK 48 25
0 BLOCK 19 46
0 BLOCK 58 36
0 BLOCK 15 29
0 BLOCK 1 49
0 BLOCK 40 53
0 BLOCK 24 24
0 BLOCK 57 2
0 BLOCK 30 51
0 BLOCK 27 19
0 BLOCK 43 55
0 BLOCK 2 42
0 BLOCK 13 52
0 BLOCK 42 3
0 BLOCK 40 8
0 BLOCK 9 43
0 BLOCK 41 31
0 BLOCK 25 25
0 BLOCK 51 52
0 BLOCK 49 31
0 BLOCK 49 43
0 BLOCK 8 37
0 BLOCK 11 9
0 BLOCK 13 28
0 BLOCK 43 41
0 BLOCK 26 14
0 BLOCK 1 19
0 BLOCK 9 4
0 BLOCK 48 31
0 BLOCK 8 1
0 BLOCK 43 37
0 BLOCK 3 39
0 BLOCK 22 48
0 BLOCK 55 14
0 BLOCK 43 26
0 BLOCK 28 31
0 BLOCK 56 5
0 BLOCK 54 47
0 BLOCK 20 24
0 BLOCK 2 45
0 BLOCK 11 23
0 BLOCK 32 58
0 BLOCK 48 9
0 BLOCK 14 22
0 BLOCK 49 36
0 BLOCK 50 22
0 BLOCK 24 57
0 BLOCK 50 29
0 BLOCK 4 24
0 BLOCK 26 29
0 BLOCK 53 21
0 BLOCK 10 40
0 BLOCK 1 10
0 BLOCK 33 14
0 BLOCK 42 30
0 BLOCK 57 47
0 BLOCK 14 53
0 BLOCK 50 48
0 BLOCK 18 13
0 BLOCK 29 44
0 BLOCK 13 41
0 BLOCK 16 22
0 BLOCK 41 29
0 BLOCK 42 39
0 BLOCK 3 1
0 BLOCK 28 22
0 BLOCK 17 21
0 BLOCK 37 50
0 BLOCK 44 50
0 BLOCK 57 41
0 BLOCK 58 54
0 BLOCK 15 47
0 BLOCK 45 23
0 BLOCK 50 33
0 BLOCK 2 51
0 BLOCK 15 32
0 BLOCK 18 53
0 BLOCK 7 37
0 BLOCK 26 34
0 BLOCK 1 13
0 BLOCK 32 47
0 BLOCK 1 7
0 BLOCK 4 21
0 BLOCK 25 37
0 BLOCK 53 47
0 BLOCK 42 45
0 BLOCK 27 52
0 BLOCK 40 24
0 BLOCK 24 53
0 BLOCK 36 17
0 BLOCK 55 22
0 BLOCK 39 54
0 BLOCK 5 15
0 BLOCK 25 11
0 BLOCK 44 2
0 BLOCK 17 4
0 BLOCK 15 57
0 BLOCK 5 55
0 BLOCK 11 44
0 BLOCK 10 6
0 BLOCK 11 33
0 BLOCK 17 30
0 BLOCK 29 45
0 BLOCK 39 41
0 BLOCK 44 14
0 BLOCK 8 28
0 BLOCK 54 35
0 BLOCK 14 29
0 BLOCK 15 18
0 BLOCK 26 11
0 BLOCK 21 47
0 BLOCK 24 1
0 BLOCK 32 8
0 BLOCK 3 31
0 BLOCK 28 16
0 BLOCK 26 13
0 BLOCK 35 37
0 BLOCK 48 33
0 BLOCK 49 52
0 BLOCK 23 40
0 BLOCK 36 18
0 BLOCK 35 9
0 BLOCK 15 33
0 BLOCK 26 10
0 BLOCK 49 33
0 BLOCK 45 52
0 BLOCK 29 40
0 BLOCK 4 43
0 BLOCK 25 23
0 BLOCK 16 32
0 BLOCK 17 44
0 BLOCK 39 36
0 BLOCK 9 31
0 BLOCK 49 48
0 BLOCK 30 32
0 BLOCK 15 12
0 BLOCK 32 34
0 BLOCK 47 32
0 BLOCK 19 19
0 BLOCK 28 18
0 BLOCK 3 46
0 BLOCK 35 20
0 BLOCK 49 37
0 BLOCK 14 35
0 BLOCK 17 45
0 BLOCK 53 17
0 BLOCK 24 20
0 BLOCK 5 32
0 BLOCK 29 6
0 BLOCK 12 21
0 BLOCK 34 17
0 BLOCK 12 20
0 BLOCK 43 24
0 BLOCK 35 23
0 BLOCK 10 39
0 BLOCK 42 6
0 BLOCK 28 56
0 BLOCK 39 11
0 BLOCK 21 17
0 BLOCK 4 28
0 BLOCK 47 11
0 BLOCK 8 16
0 BLOCK 33 5
0 BLOCK 19 30
0 BLOCK 47 29
0 BLOCK 23 24
0 BLOCK 20 39
0 BLOCK 54 33
0 BLOCK 23 30
0 BLOCK 25 5
0 BLOCK 37 15
0 BLOCK 40 30
0 BLOCK 31 28
0 BLOCK 48 52
0 ORDER 1 11 46 11 46 0
0 ORDER 2 52 8 52 8 1
0 ORDER 3 46 2 46 2 2
0 ORDER 4 23 53 23 53 3
0 ORDER 5 26 20 26 20 4
0 ORDER 6 19 18 19 18 5
0 ORDER 7 46 16 46 16 6
0 ORDER 8 51 10 51 10 7
0 ORDER 9 2 53 2 53 8
0 ORDER 10 15 8 15 8 9
0 ORDER 11 47 48 47 48 10
0 ORDER 12 19 53 19 53 11
0 ORDER 13 31 39 31 39 12
0 ORDER 14 10 7 10 7 13
0 ORDER 15 42 42 42 42 14
0 ORDER 16 48 30 48 30 15
0 ORDER 17 16 3 16 3 16
0 ORDER 18 8 3 8 3 17
0 ORDER 19 37 7 37 7 18
0 ORDER 20 27 16 27 16 19
0 ORDER 21 26 17 26 17 20
0 ORDER 22 41 36 41 36 21
0 ORDER 23 31 43 31 43 22
0 ORDER 24 52 2 52 2 23
0 ORDER 25 38 40 38 40 24
0 ORDER 26 4 15 4 15 25
0 ORDER 27 34 51 34 51 26
0 ORDER 28 53 46 53 46 27
0 ORDER 29 32 50 32 50 28
0 ORDER 30 30 39 30 39 29
0 ORDER 31 38 30 38 30 30
0 ORDER 32 34 16 34 16 31
0 ORDER 33 43 32 43 32 32
0 ORDER 34 37 42 37 42 33
0 ORDER 35 39 20 39 20 34
0 ORDER 36 11 58 11 58 35
0 ORDER 37 28 1 28 1 36
0 ORDER 38 36 54 36 54 37
0 ORDER 39 54 57 54 57 38
0 ORDER 40 17 12 17 12 39
0 ORDER 41 19 50 19 50 40
0 ORDER 42 51 30 51 30 41
0 ORDER 43 3 25 3 25 42
0 ORDER 44 38 20 38 20 43
0 ORDER 45 58 11 58 11 44
0 ORDER 46 13 16 13 16 45
0 ORDER 47 55 54 55 54 46
0 ORDER 48 46 24 46 24 47
0 ORDER 49 14 8 14 8 48
0 ORDER 50 33 7 33 7 49
0 ORDER 51 50 27 50 27 50
0 ORDER 52 50 7 50 7 51
0 ORDER 53 22 26 22 26 52
0 ORDER 54 18 25 18 25 53
0 ORDER 55 38 43 38 43 54
0 ORDER 56 41 19 41 19 55
0 ORDER 57 1 58 1 58 56
0 ORDER 58 5 4 5 4 57
0 ORDER 59 32 52 32 52 58
0 ORDER 60 27 33 27 33 59
0 ORDER 61 52 38 52 38 60
0 ORDER 62 49 9 49 9 61
0 ORDER 63 44 27 44 27 62
0 ORDER 64 34 6 34 6 63
0 ORDER 65 1 40 1 40 64
0 ORDER 66 42 21 42 21 65
0 ORDER 67 24 45 24 45 66
0 ORDER 68 41 44 41 44 67
0 ORDER 69 33 26 33 26 68
0 ORDER 70 46 41 46 41 69
0 ORDER 71 35 14 35 14 70
0 ORDER 72 45 50 45 50 71
0 ORDER 73 54 5 54 5 72
0 ORDER 74 15 4 15 4 73
0 ORDER 75 42 47 42 47 74
0 ORDER 76 7 17 7 17 75
0 ORDER 77 36 55 36 55 76
0 ORDER 78 27 21 27 21 77
0 ORDER 79 38 6 38 6 78
0 ORDER 80 27 17 27 17 79
0 ORDER 81 9 8 9 8 80
0 ORDER 82 8 58 8 58 81
0 ORDER 83 15 58 15 58 82
0 ORDER 84 3 33 3 33 83
0 ORDER 85 53 45 53 45 84
0 ORDER 86 46 26 46 26 85
0 ORDER 87 30 12 30 12 86
0 ORDER 88 10 27 10 27 87
0 ORDER 89 7 26 7 26 88
0 ORDER 90 48 15 48 15 89
0 ORDER 91 21 48 21 48 90
0 ORDER 92 51 19 51 19 91
0 ORDER 93 34 50 34 50 92
0 ORDER 94 17 49 17 49 93
0 ORDER 95 46 46 46 46 94
0 ORDER 96 4 6 4 6 95
0 ORDER 97 3 44 3 44 96
0 ORDER 98 50 45 50 45 97
0 ORDER 99 6 13 6 13 98
0 ORDER 100 43 38 43 38 99
0 ORDER 101 30 52 30 52 100
0 ORDER 102 18 18 18 18 101
0 ORDER 103 33 12 33 12 102
0 ORDER 104 39 33 39 33 103
0 ORDER 105 48 27 48 27 104
0 ORDER 106 5 20 5 20 105
0 ORDER 107 13 46 13 46 106
0 ORDER 108 36 49 36 49 107
0 ORDER 109 21 40 21 40 108
0 ORDER 110 31 16 31 16 109
0 ORDER 111 22 49 22 49 110
0 ORDER 112 54 23 54 23 111
0 ORDER 113 17 55 17 55 112
0 ORDER 114 48 55 48 55 113
0 ORDER 115 57 4 57 4 114
0 ORDER 116 12 17 12 17 115
0 ORDER 117 17 3 17 3 116
0 ORDER 118 18 23 18 23 117
0 ORDER 119 21 29 21 29 118
0 ORDER 120 54 19 54 19 119
0 ORDER 121 41 5 41 5 120
0 ORDER 122 54 15 54 15 121
0 ORDER 123 5 41 5 41 122
0 ORDER 124 42 51 42 51 123
0 ORDER 125 14 23 14 23 124
0 ORDER 126 2 16 2 16 125
0 ORDER 127 18 47 18 47 126
0 ORDER 128 16 36 16 36 127
0 ORDER 129 56 28 56 28 128
0 ORDER 130 25 46 25 46 129
0 ORDER 131 25 33 25 33 130
0 ORDER 132 7 11 7 11 131
0 ORDER 133 42 19 42 19 132
0 ORDER 134 51 58 51 58 133
0 ORDER 135 26 18 26 18 134
0 ORDER 136 37 53 37 53 135
0 ORDER 137 39 40 39 40 136
0 ORDER 138 5 39 5 39 137
0 ORDER 139 34 19 34 19 138
0 ORDER 140 45 53 45 53 139
0 ORDER 141 18 42 18 42 140
0 ORDER 142 16 31 16 31 141
0 ORDER 143 14 42 14 42 142
0 ORDER 144 13 29 13 29 143
0 ORDER 145 34 26 34 26 144
0 ORDER 146 30 16 30 16 145
0 ORDER 147 46 10 46 10 146
0 ORDER 148 1 37 1 37 147
0 ORDER 149 51 35 51 35 148
0 ORDER 150 26 7 26 7 149
0 ORDER 151 23 54 23 54 150
0 ORDER 152 20 4 20 4 151
0 ORDER 153 45 8 45 8 152
0 ORDER 154 48 11 48 11 153
0 ORDER 155 20 45 20 45 154
0 ORDER 156 19 12 19 12 155
0 ORDER 157 5 49 5 49 156
0 ORDER 158 49 30 49 30 157
0 ORDER 159 8 43 8 43 158
0 ORDER 160 30 5 30 5 159
0 ORDER 161 12 28 12 28 160
0 ORDER 162 57 27 57 27 161
0 ORDER 163 6 43 6 43 162
0 ORDER 164 5 34 5 34 163
0 ORDER 165 23 38 23 38 164
0 ORDER 166 45 18 45 18 165
0 ORDER 167 6 40 6 40 166
0 ORDER 168 49 1 49 1 167
0 ORDER 169 4 49 4 49 168
0 ORDER 170 54 51 54 51 169
0 ORDER 171 7 9 7 9 170
0 ORDER 172 10 49 10 49 171
0 ORDER 173 55 38 55 38 172
0 ORDER 174 3 54 3 54 173
0 ORDER 175 50 19 50 19 174
0 ORDER 176 18 55 18 55 175
0 ORDER 177 17 46 17 46 176
0 ORDER 178 16 58 16 58 177
0 ORDER 179 57 58 57 58 178
0 ORDER 180 44 21 44 21 179
0 ORDER 181 42 31 42 31 180
0 ORDER 182 11 12 11 12 181
0 ORDER 183 4 33 4 33 182
0 ORDER 184 15 1 15 1 183
0 ORDER 185 1 52 1 52 184
0 ORDER 186 49 51 49 51 185
0 ORDER 187 36 19 36 19 186
0 ORDER 188 22 36 22 36 187
0 ORDER 189 48 54 48 54 188
0 ORDER 190 37 13 37 13 189
0 ORDER 191 51 36 51 36 190
0 ORDER 192 31 8 31 8 191
0 ORDER 193 11 45 11 45 192
0 ORDER 194 6 22 6 22 193
0 ORDER 195 9 46 9 46 194
0 ORDER 196 42 55 42 55 195
0 ORDER 197 2 44 2 44 196
0 ORDER 198 33 58 33 58 197
0 ORDER 199 21 56 21 56 198
0 ORDER 200 25 27 25 27 199
0 ORDER 201 51 54 51 54 200
0 ORDER 202 25 12 25 12 201
0 ORDER 203 7 39 7 39 202
0 ORDER 204 28 38 28 38 203
0 ORDER 205 4 1 4 1 204
0 ORDER 206 19 43 19 43 205
0 ORDER 207 53 23 53 23 206
0 ORDER 208 31 35 31 35 207
0 ORDER 209 23 2 23 2 208
0 ORDER 210 54 8 54 8 209
0 ORDER 211 38 26 38 26 210
0 ORDER 212 43 22 43 22 211
0 ORDER 213 54 17 54 17 212
0 ORDER 214 7 5 7 5 213
0 ORDER 215 2 18 2 18 214
0 ORDER 216 52 56 52 56 215
0 ORDER 217 53 57 53 57 216
0 ORDER 218 4 7 4 7 217
0 ORDER 219 41 52 41 52 218
0 ORDER 220 20 35 20 35 219
0 ORDER 221 53 5 53 5 220
0 ORDER 222 43 54 43 54 221
0 ORDER 223 37 38 37 38 222
0 ORDER 224 6 55 6 55 223
0 ORDER 225 53 9 53 9 224
0 ORDER 226 5 10 5 10 225
0 ORDER 227 36 47 36 47 226
0 ORDER 228 34 34 34 34 227
0 ORDER 229 49 39 49 39 228
0 ORDER 230 40 12 40 12 229
0 ORDER 231 43 19 43 19 230
0 ORDER 232 17 38 17 38 231
0 ORDER 233 50 43 50 43 232
0 ORDER 234 53 30 53 30 233
0 ORDER 235 57 15 57 15 234
0 ORDER 236 6 39 6 39 235
0 ORDER 237 21 54 21 54 236
0 ORDER 238 33 52 33 52 237
0 ORDER 239 43 49 43 49 238
0 ORDER 240 13 15 13 15 239
0 ORDER 241 22 51 22 51 240
0 ORDER 242 2 23 2 23 241
0 ORDER 243 12 29 12 29 242
0 ORDER 244 27 48 27 48 243
0 ORDER 245 31 58 31 58 244
0 ORDER 246 23 27 23 27 245
0 ORDER 247 56 31 56 31 246
0 ORDER 248 33 37 33 37 247
0 ORDER 249 53 32 53 32 248
0 ORDER 250 33 9 33 9 249
0 ORDER 251 31 18 31 18 250
0 ORDER 252 52 16 52 16 251
0 ORDER 253 32 5 32 5 252
0 ORDER 254 52 24 52 24 253
0 ORDER 255 30 2 30 2 254
0 ORDER 256 33 42 33 42 255
0 ORDER 257 8 40 8 40 256
0 ORDER 258 16 17 16 17 257
0 ORDER 259 34 42 34 42 258
0 ORDER 260 27 58 27 58 259
0 ORDER 261 31 1 31 1 260
0 ORDER 262 2 6 2 6 261
0 ORDER 263 1 51 1 51 262
0 ORDER 264 34 45 34 45 263
0 ORDER 265 11 5 11 5 264
0 ORDER 266 11 17 11 17 265
0 ORDER 267 46 5 46 5 266
0 ORDER 268 14 3 14 3 267
0 ORDER 269 21 24 21 24 268
0 ORDER 270 29 54 29 54 269
0 ORDER 271 19 37 19 37 270
0 ORDER 272 48 17 48 17 271
0 ORDER 273 40 20 40 20 272
0 ORDER 274 16 48 16 48 273
0 ORDER 275 18 35 18 35 274
0 ORDER 276 9 16 9 16 275
0 ORDER 277 12 58 12 58 276
0 ORDER 278 21 10 21 10 277
0 ORDER 279 6 52 6 52 278
0 ORDER 280 20 41 20 41 279
0 ORDER 281 42 41 42 41 280
0 ORDER 282 24 34 24 34 281
0 ORDER 283 11 18 11 18 282
0 ORDER 284 25 34 25 34 283
0 ORDER 285 45 29 45 29 284
0 ORDER 286 27 14 27 14 285
0 ORDER 287 40 7 40 7 286
0 ORDER 288 51 7 51 7 287
0 ORDER 289 33 47 33 47 288
0 ORDER 290 27 31 27 31 289
0 ORDER 291 3 26 3 26 290
0 ORDER 292 54 30 54 30 291
0 ORDER 293 3 30 3 30 292
0 ORDER 294 58 33 58 33 293
0 ORDER 295 16 57 16 57 294
0 ORDER 296 49 4 49 4 295
0 ORDER 297 34 48 34 48 296
0 ORDER 298 10 47 10 47 297
0 ORDER 299 38 46 38 46 298
0 ORDER 300 57 7 57 7 299
0 ORDER 301 18 5 18 5 300
0 ORDER 302 27 29 27 29 301
0 ORDER 303 26 52 26 52 302
0 ORDER 304 57 24 57 24 303
0 ORDER 305 43 8 43 8 304
0 ORDER 306 34 18 34 18 305
0 ORDER 307 32 14 32 14 306
0 ORDER 308 5 54 5 54 307
0 ORDER 309 56 57 56 57 308
0 ORDER 310 41 32 41 32 309
0 ORDER 311 54 10 54 10 310
0 ORDER 312 43 58 43 58 311
0 ORDER 313 57 13 57 13 312
0 ORDER 314 18 54 18 54 313
0 ORDER 315 40 33 40 33 314
0 ORDER 316 39 18 39 18 315
0 ORDER 317 20 6 20 6 316
0 ORDER 318 19 32 19 32 317
0 ORDER 319 52 39 52 39 318
0 ORDER 320 55 7 55 7 319
0 ORDER 321 35 4 35 4 320
0 ORDER 322 5 47 5 47 321
0 ORDER 323 12 39 12 39 322
0 ORDER 324 4 2 4 2 323
0 ORDER 325 36 7 36 7 324
0 ORDER 326 42 17 42 17 325
0 ORDER 327 45 12 45 12 326
0 ORDER 328 42 29 42 29 327
0 ORDER 329 19 35 19 35 328
0 ORDER 330 1 35 1 35 329
0 ORDER 331 7 16 7 16 330
0 ORDER 332 20 29 20 29 331
0 ORDER 333 10 5 10 5 332
0 ORDER 334 38 12 38 12 333
0 ORDER 335 46 27 46 27 334
0 ORDER 336 10 1 10 1 335
0 ORDER 337 35 28 35 28 336
0 ORDER 338 44 19 44 19 337
0 ORDER 339 9 33 9 33 338
0 ORDER 340 10 21 10 21 339
0 ORDER 341 52 30 52 30 340
0 ORDER 342 13 50 13 50 341
0 ORDER 343 36 52 36 52 342
0 ORDER 344 16 40 16 40 343
0 ORDER 345 45 47 45 47 344
0 ORDER 346 44 51 44 51 345
0 ORDER 347 23 35 23 35 346
0 ORDER 348 56 11 56 11 347
0 ORDER 349 25 14 25 14 348
0 ORDER 350 57 21 57 21 349
0 ORDER 351 23 16 23 16 350
0 ORDER 352 9 5 9 5 351
0 ORDER 353 54 41 54 41 352
0 ORDER 354 18 39 18 39 353
0 ORDER 355 19 5 19 5 354
0 ORDER 356 10 23 10 23 355
0 ORDER 357 4 5 4 5 356
0 ORDER 358 33 4 33 4 357
0 ORDER 359 16 42 16 42 358
0 ORDER 360 40 34 40 34 359
0 ORDER 361 31 36 31 36 360
0 ORDER 362 31 38 31 38 361
0 ORDER 363 8 12 8 12 362
0 ORDER 364 2 5 2 5 363
0 ORDER 365 52 36 52 36 364
0 ORDER 366 40 6 40 6 365
0 ORDER 367 9 14 9 14 366
0 ORDER 368 50 5 50 5 367
0 ORDER 369 3 43 3 43 368
0 ORDER 370 48 5 48 5 369
0 ORDER 371 41 48 41 48 370
0 ORDER 372 37 17 37 17 371
0 ORDER 373 31 29 31 29 372
0 ORDER 374 29 9 29 9 373
0 ORDER 375 15 41 15 41 374
0 ORDER 376 24 18 24 18 375
0 ORDER 377 53 41 53 41 376
0 ORDER 378 1 43 1 43 377
0 ORDER 379 48 3 48 3 378
0 ORDER 380 44 44 44 44 379
0 ORDER 381 47 6 47 6 380
0 ORDER 382 37 30 37 30 381
0 ORDER 383 26 47 26 47 382
0 ORDER 384 32 56 32 56 383
0 ORDER 385 55 40 55 40 384
0 ORDER 386 55 37 55 37 385
0 ORDER 387 21 23 21 23 386
0 ORDER 388 26 19 26 19 387
0 ORDER 389 26 15 26 15 388
0 ORDER 390 19 48 19 48 389
0 ORDER 391 35 51 35 51 390
0 ORDER 392 12 23 12 23 391
0 ORDER 393 51 17 51 17 392
0 ORDER 394 45 19 45 19 393
0 ORDER 395 57 28 57 28 394
0 ORDER 396 16 10 16 10 395
0 ORDER 397 47 54 47 54 396
0 ORDER 398 35 46 35 46 397
0 ORDER 399 12 22 12 22 398
0 ORDER 400 18 33 18 33 399
0 ORDER 401 20 52 20 52 400
0 ORDER 402 9 6 9 6 401
0 ORDER 403 40 1 40 1 402
0 ORDER 404 23 33 23 33 403
0 ORDER 405 52 44 52 44 404
0 ORDER 406 46 40 46 40 405
0 ORDER 407 5 8 5 8 406
0 ORDER 408 12 6 12 6 407
0 ORDER 409 58 38 58 38 408
0 ORDER 410 5 16 5 16 409
0 ORDER 411 44 36 44 36 410
0 ORDER 412 11 53 11 53 411
0 ORDER 413 22 10 22 10 412
0 ORDER 414 39 25 39 25 413
0 ORDER 415 51 5 51 5 414
0 ORDER 416 16 18 16 18 415
0 ORDER 417 7 27 7 27 416
0 ORDER 418 9 21 9 21 417
0 ORDER 419 10 12 10 12 418
0 ORDER 420 44 54 44 54 419
0 ORDER 421 23 39 23 39 420
0 ORDER 422 41 50 41 50 421
0 ORDER 423 23 22 23 22 422
0 ORDER 424 13 44 13 44 423
0 ORDER 425 12 47 12 47 424
0 ORDER 426 22 38 22 38 425
0 ORDER 427 34 1 34 1 426
0 ORDER 428 11 48 11 48 427
0 ORDER 429 11 40 11 40 428
0 ORDER 430 10 22 10 22 429
0 ORDER 431 51 47 51 47 430
0 ORDER 432 20 8 20 8 431
0 ORDER 433 30 10 30 10 432
0 ORDER 434 3 58 3 58 433
0 ORDER 435 10 9 10 9 434
0 ORDER 436 34 8 34 8 435
0 ORDER 437 8 56 8 56 436
0 ORDER 438 14 58 14 58 437
0 ORDER 439 15 20 15 20 438
0 ORDER 440 54 20 54 20 439
0 ORDER 441 43 43 43 43 440
0 ORDER 442 52 15 52 15 441
0 ORDER 443 14 25 14 25 442
0 ORDER 444 23 15 23 15 443
0 ORDER 445 33 49 33 49 444
0 ORDER 446 47 45 47 45 445
0 ORDER 447 39 19 39 19 446
0 ORDER 448 42 36 42 36 447
0 ORDER 449 25 55 25 55 448
0 ORDER 450 44 18 44 18 449
0 ORDER 451 36 4 36 4 450
0 ORDER 452 32 7 32 7 451
0 ORDER 453 48 45 48 45 452
0 ORDER 454 57 53 57 53 453
0 ORDER 455 33 20 33 20 454
0 ORDER 456 8 4 8 4 455
0 ORDER 457 16 1 16 1 456
0 ORDER 458 34 24 34 24 457
0 ORDER 459 15 10 15 10 458
0 ORDER 460 1 46 1 46 459
0 ORDER 461 30 19 30 19 460
0 ORDER 462 31 55 31 55 461
0 ORDER 463 13 32 13 32 462
0 ORDER 464 57 39 57 39 463
0 ORDER 465 50 50 50 50 464
0 ORDER 466 13 31 13 31 465
0 ORDER 467 37 40 37 40 466
0 ORDER 468 41 1 41 1 467
0 ORDER 469 23 55 23 55 468
0 ORDER 470 32 53 32 53 469
0 ORDER 471 48 49 48 49 470
0 ORDER 472 32 11 32 11 471
0 ORDER 473 32 39 32 39 472
0 ORDER 474 33 3 33 3 473
0 ORDER 475 6 27 6 27 474
0 ORDER 476 9 42 9 42 475
0 ORDER 477 3 40 3 40 476
0 ORDER 478 28 11 28 11 477
0 ORDER 479 22 31 22 31 478
0 ORDER 480 2 10 2 10 479
0 ORDER 481 57 3 57 3 480
0 ORDER 482 46 22 46 22 481
0 ORDER 483 45 26 45 26 482
0 ORDER 484 49 3 49 3 483
0 ORDER 485 17 26 17 26 484
0 ORDER 486 50 15 50 15 485
0 ORDER 487 11 49 11 49 486
0 ORDER 488 38 18 38 18 487
0 ORDER 489 7 48 7 48 488
0 ORDER 490 17 8 17 8 489
0 ORDER 491 58 25 58 25 490
0 ORDER 492 33 40 33 40 491
0 ORDER 493 21 53 21 53 492
0 ORDER 494 50 44 50 44 493
0 ORDER 495 55 11 55 11 494
0 ORDER 496 43 17 43 17 495
0 ORDER 497 29 12 29 12 496
0 ORDER 498 31 13 31 13 497
0 ORDER 499 8 30 8 30 498
0 ORDER 500 45 2 45 2 499
0 ORDER 501 40 13 40 13 500
0 ORDER 502 28 24 28 24 501
0 ORDER 503 6 30 6 30 502
0 ORDER 504 17 52 17 52 503
0 ORDER 505 32 18 32 18 504
0 ORDER 506 58 55 58 55 505
0 ORDER 507 16 12 16 12 506
0 ORDER 508 38 8 38 8 507
0 ORDER 509 2 28 2 28 508
0 ORDER 510 44 3 44 3 509
0 ORDER 511 15 34 15 34 510
0 ORDER 512 43 16 43 16 511
0 ORDER 513 7 15 7 15 512
0 ORDER 514 31 33 31 33 513
0 ORDER 515 42 25 42 25 514
0 ORDER 516 34 22 34 22 515
0 ORDER 517 6 17 6 17 516
0 ORDER 518 45 16 45 16 517
0 ORDER 519 40 2 40 2 518
0 ORDER 520 37 47 37 47 519
0 ORDER 521 39 14 39 14 520
0 ORDER 522 10 29 10 29 521
0 ORDER 523 12 24 12 24 522
0 ORDER 524 41 20 41 20 523
0 ORDER 525 44 57 44 57 524
0 ORDER 526 43 20 43 20 525
0 ORDER 527 48 25 48 25 526
0 ORDER 528 19 46 19 46 527
0 ORDER 529 58 36 58 36 528
0 ORDER 530 15 29 15 29 529
0 ORDER 531 1 49 1 49 530
0 ORDER 532 40 53 40 53 531
0 ORDER 533 24 24 24 24 532
0 ORDER 534 57 2 57 2 533
0 ORDER 535 30 51 30 51 534
0 ORDER 536 27 19 27 19 535
0 ORDER 537 43 55 43 55 536
0 ORDER 538 2 42 2 42 537
0 ORDER 539 13 52 13 52 538
0 ORDER 540 42 3 42 3 539
0 ORDER 541 40 8 40 8 540
0 ORDER 542 9 43 9 43 541
0 ORDER 543 41 31 41 31 542
0 ORDER 544 25 25 25 25 543
0 ORDER 545 51 52 51 52 544
0 ORDER 546 49 31 49 31 545
0 ORDER 547 49 43 49 43 546
0 ORDER 548 8 37 8 37 547
0 ORDER 549 11 9 11 9 548
0 ORDER 550 13 28 13 28 549
0 ORDER 551 43 41 43 41 550
0 ORDER 552 26 14 26 14 551
0 ORDER 553 1 19 1 19 552
0 ORDER 554 9 4 9 4 553
0 ORDER 555 48 31 48 31 554
0 ORDER 556 8 1 8 1 555
0 ORDER 557 43 37 43 37 556
0 ORDER 558 3 39 3 39 557
0 ORDER 559 22 48 22 48 558
0 ORDER 560 55 14 55 14 559
0 ORDER 561 43 26 43 26 560
0 ORDER 562 28 31 28 31 561
0 ORDER 563 56 5 56 5 562
0 ORDER 564 54 47 54 47 563
0 ORDER 565 20 24 20 24 564
0 ORDER 566 2 45 2 45 565
0 ORDER 567 11 23 11 23 566
0 ORDER 568 32 58 32 58 567
0 ORDER 569 48 9 48 9 568
0 ORDER 570 14 22 14 22 569
0 ORDER 571 49 36 49 36 570
0 ORDER 572 50 22 50 22 571
0 ORDER 573 24 57 24 57 572
0 ORDER 574 50 29 50 29 573
0 ORDER 575 4 24 4 24 574
0 ORDER 576 26 29 26 29 575
0 ORDER 577 53 21 53 21 576
0 ORDER 578 10 40 10 40 577
0 ORDER 579 1 10 1 10 578
0 ORDER 580 33 14 33 14 579
0 ORDER 581 42 30 42 30 580
0 ORDER 582 57 47 57 47 581
0 ORDER 583 14 53 14 53 582
0 ORDER 584 50 48 50 48 583
0 ORDER 585 18 13 18 13 584
0 ORDER 586 29 44 29 44 585
0 ORDER 587 13 41 13 41 586
0 ORDER 588 16 22 16 22 587
0 ORDER 589 41 29 41 29 588
0 ORDER 590 42 39 42 39 589
0 ORDER 591 3 1 3 1 590
0 ORDER 592 28 22 28 22 591
0 ORDER 593 17 21 17 21 592
0 ORDER 594 37 50 37 50 593
0 ORDER 595 44 50 44 50 594
0 ORDER 596 57 41 57 41 595
0 ORDER 597 58 54 58 54 596
0 ORDER 598 15 47 15 47 597
0 ORDER 599 45 23 45 23 598
0 ORDER 600 50 33 50 33 599
0 ORDER 601 2 51 2 51 600
0 ORDER 602 15 32 15 32 601
0 ORDER 603 18 53 18 53 602
0 ORDER 604 7 37 7 37 603
0 ORDER 605 26 34 26 34 604
0 ORDER 606 1 13 1 13 605
0 ORDER 607 32 47 32 47 606
0 ORDER 608 1 7 1 7 607
0 ORDER 609 4 21 4 21 608
0 ORDER 610 25 37 25 37 609
0 ORDER 611 53 47 53 47 610
0 ORDER 612 42 45 42 45 611
0 ORDER 613 27 52 27 52 612
0 ORDER 614 40 24 40 24 613
0 ORDER 615 24 53 24 53 614
0 ORDER 616 36 17 36 17 615
0 ORDER 617 55 22 55 22 616
0 ORDER 618 39 54 39 54 617
0 ORDER 619 5 15 5 15 618
0 ORDER 620 25 11 25 11 619
0 ORDER 621 44 2 44 2 620
0 ORDER 622 17 4 17 4 621
0 ORDER 623 15 57 15 57 622
0 ORDER 624 5 55 5 55 623
0 ORDER 625 11 44 11 44 624
0 ORDER 626 10 6 10 6 625
0 ORDER 627 11 33 11 33 626
0 ORDER 628 17 30 17 30 627
0 ORDER 629 29 45 29 45 628
0 ORDER 630 39 41 39 41 629
0 ORDER 631 44 14 44 14 630
0 ORDER 632 8 28 8 28 631
0 ORDER 633 54 35 54 35 632
0 ORDER 634 14 29 14 29 633
0 ORDER 635 15 18 15 18 634
0 ORDER 636 26 11 26 11 635
0 ORDER 637 21 47 21 47 636
0 ORDER 638 24 1 24 1 637
0 ORDER 639 32 8 32 8 638
0 ORDER 640 3 31 3 31 639
0 ORDER 641 28 16 28 16 640
0 ORDER 642 26 13 26 13 641
0 ORDER 643 35 37 35 37 642
0 ORDER 644 48 33 48 33 643
0 ORDER 645 49 52 49 52 644
0 ORDER 646 23 40 23 40 645
0 ORDER 647 36 18 36 18 646
0 ORDER 648 35 9 35 9 647
0 ORDER 649 15 33 15 33 648
0 ORDER 650 26 10 26 10 649
0 ORDER 651 49 33 49 33 650
0 ORDER 652 45 52 45 52 651
0 ORDER 653 29 40 29 40 652
0 ORDER 654 4 43 4 43 653
0 ORDER 655 25 23 25 23 654
0 ORDER 656 16 32 16 32 655
0 ORDER 657 17 44 17 44 656
0 ORDER 658 39 36 39 36 657
0 ORDER 659 9 31 9 31 658
0 ORDER 660 49 48 49 48 659
0 ORDER 661 30 32 30 32 660
0 ORDER 662 15 12 15 12 661
0 ORDER 663 32 34 32 34 662
0 ORDER 664 47 32 47 32 663
0 ORDER 665 19 19 19 19 664
0 ORDER 666 28 18 28 18 665
0 ORDER 667 3 46 3 46 666
0 ORDER 668 35 20 35 20 667
0 ORDER 669 49 37 49 37 668
0 ORDER 670 14 35 14 35 669
0 ORDER 671 17 45 17 45 670
0 ORDER 672 53 17 53 17 671
0 ORDER 673 24 20 24 20 672
0 ORDER 674 5 32 5 32 673
0 ORDER 675 29 6 29 6 674
0 ORDER 676 12 21 12 21 675
0 ORDER 677 34 17 34 17 676
0 ORDER 678 12 20 12 20 677
0 ORDER 679 43 24 43 24 678
0 ORDER 680 35 23 35 23 679
0 ORDER 681 10 39 10 39 680
0 ORDER 682 42 6 42 6 681
0 ORDER 683 28 56 28 56 682
0 ORDER 684 39 11 39 11 683
0 ORDER 685 21 17 21 17 684
0 ORDER 686 4 28 4 28 685
0 ORDER 687 47 11 47 11 686
0 ORDER 688 8 16 8 16 687
0 ORDER 689 33 5 33 5 688
0 ORDER 690 19 30 19 30 689
0 ORDER 691 47 29 47 29 690
0 ORDER 692 23 24 23 24 691
0 ORDER 693 20 39 20 39 692
0 ORDER 694 54 33 54 33 693
0 ORDER 695 23 30 23 30 694
0 ORDER 696 25 5 25 5 695
0 ORDER 697 37 15 37 15 696
0 ORDER 698 40 30 40 30 697
0 ORDER 699 31 28 31 28 698
0 ORDER 700 48 52 48 52 699
