60 60 1500
############################################################
#..........................................................#
#C.......##..#........#.....#..###...#.....#.....#......#..#
#...#....#.#....#..#.#..#.....#..#.....##..###.#..##.##....#
#.##......#...##...#....#.....#.#.#..........#.....#...#.#.#
#..##.#......#.#.....#...##.....#.....#....###....#.....#..#
#.......##.....##.....###....#.....#........#..#....###....#
#.....#.#..#.........#......#..........#.......#......#....#
#.......####..#..#..#.#..#.#..##.................#.....#...#
#.##..#...#.......#........##.#...#.#.#..#.#.#.#......##...#
#.....####..#..#..#..##.....#..#...#.........#.............#
#...#.#...#.##.....#.#.......##...........###..##.....####.#
#.....#......##....#.##...#...#..........##.####...#.......#
#.......##....#.....##...#.......#....#...#................#
#....#....#....#..##..#...#.......#.................#......#
#...#.#........#..........#.............##.....#.....#...#.#
#..##..#.#...#...#.......#..#..........#...................#
#.#..##...........#.#........#.......###...##....#...#.#...#
#...#.#...#....#.....##.....#.##.#.##..#.#.##.#.##.#.##....#
#..#..#.....#.....##.#........#.....#.#...#...#.#.##.......#
#.........#.##..........#...#...#...#.#.#......###.........#
#.....#..#.##..#.#.....#.##......##.....#.#......#.#.......#
#.#...#...........##...#...#.#.............###....##...#...#
#....##........#...................##..###.#...#..#.#...#..#
#.#...................#....#......#..#..##.#..#....#...#...#
#......#..#...#..#.##..#..#.#.........#.......#..#.....#...#
#.##......#....#............#....#......#......#.....#..##.#
#............##...........#....#....#........###.#.....#...#
#...#........#...####.........#...#.#......##..............#
#.#..#......#.....##...#.#........#...#.#.............#.#..#
#...#......#..##.......#................#.......#...#.#.##.#
#.......###....#........##.#...#......#.............#...#..#
#....#..#.#......#....#.....#.#........#.#........###..#...#
#.#....#.##.#.#....#..##......#...###.......##..#..#.#...#.#
#.##.#.....#.......#.#..#.#................#...###.....#...#
#.#....####..#..##.#.........#.#.#............#............#
#.#...#.#....#.......#..#..#.#.........#.......##....#.....#
#......#.#.....##......#.#.......#.#...#....####........#..#
#...#..###.....#.##...##...#.......###.....#....#.......#..#
#......#...##....##...##...#.#.....#....#.#..#...#.#..##...#
#.......#..#.......#...#................#...#............#.#
#...#......#...........##..#.#..#.......#...#.###..#.#..#..#
#...#..##.#................###.#...#.#......#..#.##........#
#.#....#....##....#...#..........#.....#####..........#....#
#.#.#...........#......#......#.#.#........##..#..#.#.#.#..#
#....#...#..#.##.#....##..#..#..#.#.#....#...##.....#.#....#
#........#...#......#.......##.##......#.....#......#...##.#
#.....#..#....##....#..#..#......#..#.#.#..#..........#....#
#...#.....##.......#..##.#....#...#.#.#..#......###.#...#..#
#.....##..##....#..##...#..##.....#...#..##..#.......##..#.#
#..#.#...#.###..#.#...#.##.............#.#..#.....#....#.#.#
#....#....#....#.....###.#.##....#.........#.##....#....#..#
#..#......#...#..#.#.#.#.....##.##.......#....##....##.....#
#...#.#.####.....##..#.....###.#.....#.#.....#.#..#........#
#.....#.......#.#...#.........#...........#.....#.......#..#
#..#..#...#.....#.#......##......#..#..##..#.......##..#...#
#......#.......#..#...#.............#.......##.......#.....#
#........#..#.#........###...#..#............#.....#.##....#
#.....#.#..#...#.....##.#..#..#..#..#...........#...#.#..#.#
############################################################
PARAMS 100000 1 0 0 1000000 0
ROBOTS 1
2 1
EVENTS 2500
0 BLOCK 1 1
0 ORDER 1 1 1 58 58 0
0 ORDER 2 1 1 58 58 1
0 ORDER 3 1 1 58 58 2
0 ORDER 4 1 1 58 58 3
0 ORDER 5 1 1 58 58 4
0 ORDER 6 1 1 58 58 5
0 ORDER 7 1 1 58 58 6
0 ORDER 8 1 1 58 58 7
0 ORDER 9 1 1 58 58 8
0 ORDER 10 1 1 58 58 9
0 ORDER 11 1 1 58 58 10
0 ORDER 12 1 1 58 58 11
0 ORDER 13 1 1 58 58 12
0 ORDER 14 1 1 58 58 13
0 ORDER 15 1 1 58 58 14
0 ORDER 16 1 1 58 58 15
0 ORDER 17 1 1 58 58 16
0 ORDER 18 1 1 58 58 17
0 ORDER 19 1 1 58 58 18
0 ORDER 20 1 1 58 58 19
0 ORDER 21 1 1 58 58 20
0 ORDER 22 1 1 58 58 21
0 ORDER 23 1 1 58 58 22
0 ORDER 24 1 1 58 58 23
0 ORDER 25 1 1 58 58 24
0 ORDER 26 1 1 58 58 25
0 ORDER 27 1 1 58 58 26
0 ORDER 28 1 1 58 58 27
0 ORDER 29 1 1 58 58 28
0 ORDER 30 1 1 58 58 29
0 ORDER 31 1 1 58 58 30
0 ORDER 32 1 1 58 58 31
0 ORDER 33 1 1 58 58 32
0 ORDER 34 1 1 58 58 33
0 ORDER 35 1 1 58 58 34
0 ORDER 36 1 1 58 58 35
0 ORDER 37 1 1 58 58 36
0 ORDER 38 1 1 58 58 37
0 ORDER 39 1 1 58 58 38
0 ORDER 40 1 1 58 58 39
0 ORDER 41 1 1 58 58 40
0 ORDER 42 1 1 58 58 41
0 ORDER 43 1 1 58 58 42
0 ORDER 44 1 1 58 58 43
0 ORDER 45 1 1 58 58 44
0 ORDER 46 1 1 58 58 45
0 ORDER 47 1 1 58 58 46
0 ORDER 48 1 1 58 58 47
0 ORDER 49 1 1 58 58 48
0 ORDER 50 1 1 58 58 49
0 ORDER 51 1 1 58 58 50
0 ORDER 52 1 1 58 58 51
0 ORDER 53 1 1 58 58 52
0 ORDER 54 1 1 58 58 53
0 ORDER 55 1 1 58 58 54
0 ORDER 56 1 1 58 58 55
0 ORDER 57 1 1 58 58 56
0 ORDER 58 1 1 58 58 57
0 ORDER 59 1 1 58 58 58
0 ORDER 60 1 1 58 58 59
0 ORDER 61 1 1 58 58 60
0 ORDER 62 1 1 58 58 61
0 ORDER 63 1 1 58 58 62
0 ORDER 64 1 1 58 58 63
0 ORDER 65 1 1 58 58 64
0 ORDER 66 1 1 58 58 65
0 ORDER 67 1 1 58 58 66
0 ORDER 68 1 1 58 58 67
0 ORDER 69 1 1 58 58 68
0 ORDER 70 1 1 58 58 69
0 ORDER 71 1 1 58 58 70
0 ORDER 72 1 1 58 58 71
0 ORDER 73 1 1 58 58 72
0 ORDER 74 1 1 58 58 73
0 ORDER 75 1 1 58 58 74
0 ORDER 76 1 1 58 58 75
0 ORDER 77 1 1 58 58 76
0 ORDER 78 1 1 58 58 77
0 ORDER 79 1 1 58 58 78
0 ORDER 80 1 1 58 58 79
0 ORDER 81 1 1 58 58 80
0 ORDER 82 1 1 58 58 81
0 ORDER 83 1 1 58 58 82
0 ORDER 84 1 1 58 58 83
0 ORDER 85 1 1 58 58 84
0 ORDER 86 1 1 58 58 85
0 ORDER 87 1 1 58 58 86
0 ORDER 88 1 1 58 58 87
0 ORDER 89 1 1 58 58 88
0 ORDER 90 1 1 58 58 89
0 ORDER 91 1 1 58 58 90
0 ORDER 92 1 1 58 58 91
0 ORDER 93 1 1 58 58 92
0 ORDER 94 1 1 58 58 93
0 ORDER 95 1 1 58 58 94
0 ORDER 96 1 1 58 58 95
0 ORDER 97 1 1 58 58 96
0 ORDER 98 1 1 58 58 97
0 ORDER 99 1 1 58 58 98
0 ORDER 100 1 1 58 58 99
0 ORDER 101 1 1 58 58 100
0 ORDER 102 1 1 58 58 101
0 ORDER 103 1 1 58 58 102
0 ORDER 104 1 1 58 58 103
0 ORDER 105 1 1 58 58 104
0 ORDER 106 1 1 58 58 105
0 ORDER 107 1 1 58 58 106
0 ORDER 108 1 1 58 58 107
0 ORDER 109 1 1 58 58 108
0 ORDER 110 1 1 58 58 109
0 ORDER 111 1 1 58 58 110
0 ORDER 112 1 1 58 58 111
0 ORDER 113 1 1 58 58 112
0 ORDER 114 1 1 58 58 113
0 ORDER 115 1 1 58 58 114
0 ORDER 116 1 1 58 58 115
0 ORDER 117 1 1 58 58 116
0 ORDER 118 1 1 58 58 117
0 ORDER 119 1 1 58 58 118
0 ORDER 120 1 1 58 58 119
0 ORDER 121 1 1 58 58 120
0 ORDER 122 1 1 58 58 121
0 ORDER 123 1 1 58 58 122
0 ORDER 124 1 1 58 58 123
0 ORDER 125 1 1 58 58 124
0 ORDER 126 1 1 58 58 125
0 ORDER 127 1 1 58 58 126
0 ORDER 128 1 1 58 58 127
0 ORDER 129 1 1 58 58 128
0 ORDER 130 1 1 58 58 129
0 ORDER 131 1 1 58 58 130
0 ORDER 132 1 1 58 58 131
0 ORDER 133 1 1 58 58 132
0 ORDER 134 1 1 58 58 133
0 ORDER 135 1 1 58 58 134
0 ORDER 136 1 1 58 58 135
0 ORDER 137 1 1 58 58 136
0 ORDER 138 1 1 58 58 137
0 ORDER 139 1 1 58 58 138
0 ORDER 140 1 1 58 58 139
0 ORDER 141 1 1 58 58 140
0 ORDER 142 1 1 58 58 141
0 ORDER 143 1 1 58 58 142
0 ORDER 144 1 1 58 58 143
0 ORDER 145 1 1 58 58 144
0 ORDER 146 1 1 58 58 145
0 ORDER 147 1 1 58 58 146
0 ORDER 148 1 1 58 58 147
0 ORDER 149 1 1 58 58 148
0 ORDER 150 1 1 58 58 149
0 ORDER 151 1 1 58 58 150
0 ORDER 152 1 1 58 58 151
0 ORDER 153 1 1 58 58 152
0 ORDER 154 1 1 58 58 153
0 ORDER 155 1 1 58 58 154
0 ORDER 156 1 1 58 58 155
0 ORDER 157 1 1 58 58 156
0 ORDER 158 1 1 58 58 157
0 ORDER 159 1 1 58 58 158
0 ORDER 160 1 1 58 58 159
0 ORDER 161 1 1 58 58 160
0 ORDER 162 1 1 58 58 161
0 ORDER 163 1 1 58 58 162
0 ORDER 164 1 1 58 58 163
0 ORDER 165 1 1 58 58 164
0 ORDER 166 1 1 58 58 165
0 ORDER 167 1 1 58 58 166
0 ORDER 168 1 1 58 58 167
0 ORDER 169 1 1 58 58 168
0 ORDER 170 1 1 58 58 169
0 ORDER 171 1 1 58 58 170
0 ORDER 172 1 1 58 58 171
0 ORDER 173 1 1 58 58 172
0 ORDER 174 1 1 58 58 173
0 ORDER 175 1 1 58 58 174
0 ORDER 176 1 1 58 58 175
0 ORDER 177 1 1 58 58 176
0 ORDER 178 1 1 58 58 177
0 ORDER 179 1 1 58 58 178
0 ORDER 180 1 1 58 58 179
0 ORDER 181 1 1 58 58 180
0 ORDER 182 1 1 58 58 181
0 ORDER 183 1 1 58 58 182
0 ORDER 184 1 1 58 58 183
0 ORDER 185 1 1 58 58 184
0 ORDER 186 1 1 58 58 185
0 ORDER 187 1 1 58 58 186
0 ORDER 188 1 1 58 58 187
0 ORDER 189 1 1 58 58 188
0 ORDER 190 1 1 58 58 189
0 ORDER 191 1 1 58 58 190
0 ORDER 192 1 1 58 58 191
0 ORDER 193 1 1 58 58 192
0 ORDER 194 1 1 58 58 193
0 ORDER 195 1 1 58 58 194
0 ORDER 196 1 1 58 58 195
0 ORDER 197 1 1 58 58 196
0 ORDER 198 1 1 58 58 197
0 ORDER 199 1 1 58 58 198
0 ORDER 200 1 1 58 58 199
0 ORDER 201 1 1 58 58 200
0 ORDER 202 1 1 58 58 201
0 ORDER 203 1 1 58 58 202
0 ORDER 204 1 1 58 58 203
0 ORDER 205 1 1 58 58 204
0 ORDER 206 1 1 58 58 205
0 ORDER 207 1 1 58 58 206
0 ORDER 208 1 1 58 58 207
0 ORDER 209 1 1 58 58 208
0 ORDER 210 1 1 58 58 209
0 ORDER 211 1 1 58 58 210
0 ORDER 212 1 1 58 58 211
0 ORDER 213 1 1 58 58 212
0 ORDER 214 1 1 58 58 213
0 ORDER 215 1 1 58 58 214
0 ORDER 216 1 1 58 58 215
0 ORDER 217 1 1 58 58 216
0 ORDER 218 1 1 58 58 217
0 ORDER 219 1 1 58 58 218
0 ORDER 220 1 1 58 58 219
0 ORDER 221 1 1 58 58 220
0 ORDER 222 1 1 58 58 221
0 ORDER 223 1 1 58 58 222
0 ORDER 224 1 1 58 58 223
0 ORDER 225 1 1 58 58 224
0 ORDER 226 1 1 58 58 225
0 ORDER 227 1 1 58 58 226
0 ORDER 228 1 1 58 58 227
0 ORDER 229 1 1 58 58 228
0 ORDER 230 1 1 58 58 229
0 ORDER 231 1 1 58 58 230
0 ORDER 232 1 1 58 58 231
0 ORDER 233 1 1 58 58 232
0 ORDER 234 1 1 58 58 233
0 ORDER 235 1 1 58 58 234
0 ORDER 236 1 1 58 58 235
0 ORDER 237 1 1 58 58 236
0 ORDER 238 1 1 58 58 237
0 ORDER 239 1 1 58 58 238
0 ORDER 240 1 1 58 58 239
0 ORDER 241 1 1 58 58 240
0 ORDER 242 1 1 58 58 241
0 ORDER 243 1 1 58 58 242
0 ORDER 244 1 1 58 58 243
0 ORDER 245 1 1 58 58 244
0 ORDER 246 1 1 58 58 245
0 ORDER 247 1 1 58 58 246
0 ORDER 248 1 1 58 58 247
0 ORDER 249 1 1 58 58 248
0 ORDER 250 1 1 58 58 249
0 ORDER 251 1 1 58 58 250
0 ORDER 252 1 1 58 58 251
0 ORDER 253 1 1 58 58 252
0 ORDER 254 1 1 58 58 253
0 ORDER 255 1 1 58 58 254
0 ORDER 256 1 1 58 58 255
0 ORDER 257 1 1 58 58 256
0 ORDER 258 1 1 58 58 257
0 ORDER 259 1 1 58 58 258
0 ORDER 260 1 1 58 58 259
0 ORDER 261 1 1 58 58 260
0 ORDER 262 1 1 58 58 261
0 ORDER 263 1 1 58 58 262
0 ORDER 264 1 1 58 58 263
0 ORDER 265 1 1 58 58 264
0 ORDER 266 1 1 58 58 265
0 ORDER 267 1 1 58 58 266
0 ORDER 268 1 1 58 58 267
0 ORDER 269 1 1 58 58 268
0 ORDER 270 1 1 58 58 269
0 ORDER 271 1 1 58 58 270
0 ORDER 272 1 1 58 58 271
0 ORDER 273 1 1 58 58 272
0 ORDER 274 1 1 58 58 273
0 ORDER 275 1 1 58 58 274
0 ORDER 276 1 1 58 58 275
0 ORDER 277 1 1 58 58 276
0 ORDER 278 1 1 58 58 277
0 ORDER 279 1 1 58 58 278
0 ORDER 280 1 1 58 58 279
0 ORDER 281 1 1 58 58 280
0 ORDER 282 1 1 58 58 281
0 ORDER 283 1 1 58 58 282
0 ORDER 284 1 1 58 58 283
0 ORDER 285 1 1 58 58 284
0 ORDER 286 1 1 58 58 285
0 ORDER 287 1 1 58 58 286
0 ORDER 288 1 1 58 58 287
0 ORDER 289 1 1 58 58 288
0 ORDER 290 1 1 58 58 289
0 ORDER 291 1 1 58 58 290
0 ORDER 292 1 1 58 58 291
0 ORDER 293 1 1 58 58 292
0 ORDER 294 1 1 58 58 293
0 ORDER 295 1 1 58 58 294
0 ORDER 296 1 1 58 58 295
0 ORDER 297 1 1 58 58 296
0 ORDER 298 1 1 58 58 297
0 ORDER 299 1 1 58 58 298
0 ORDER 300 1 1 58 58 299
0 ORDER 301 1 1 58 58 300
0 ORDER 302 1 1 58 58 301
0 ORDER 303 1 1 58 58 302
0 ORDER 304 1 1 58 58 303
0 ORDER 305 1 1 58 58 304
0 ORDER 306 1 1 58 58 305
0 ORDER 307 1 1 58 58 306
0 ORDER 308 1 1 58 58 307
0 ORDER 309 1 1 58 58 308
0 ORDER 310 1 1 58 58 309
0 ORDER 311 1 1 58 58 310
0 ORDER 312 1 1 58 58 311
0 ORDER 313 1 1 58 58 312
0 ORDER 314 1 1 58 58 313
0 ORDER 315 1 1 58 58 314
0 ORDER 316 1 1 58 58 315
0 ORDER 317 1 1 58 58 316
0 ORDER 318 1 1 58 58 317
0 ORDER 319 1 1 58 58 318
0 ORDER 320 1 1 58 58 319
0 ORDER 321 1 1 58 58 320
0 ORDER 322 1 1 58 58 321
0 ORDER 323 1 1 58 58 322
0 ORDER 324 1 1 58 58 323
0 ORDER 325 1 1 58 58 324
0 ORDER 326 1 1 58 58 325
0 ORDER 327 1 1 58 58 326
0 ORDER 328 1 1 58 58 327
0 ORDER 329 1 1 58 58 328
0 ORDER 330 1 1 58 58 329
0 ORDER 331 1 1 58 58 330
0 ORDER 332 1 1 58 58 331
0 ORDER 333 1 1 58 58 332
0 ORDER 334 1 1 58 58 333
0 ORDER 335 1 1 58 58 334
0 ORDER 336 1 1 58 58 335
0 ORDER 337 1 1 58 58 336
0 ORDER 338 1 1 58 58 337
0 ORDER 339 1 1 58 58 338
0 ORDER 340 1 1 58 58 339
0 ORDER 341 1 1 58 58 340
0 ORDER 342 1 1 58 58 341
0 ORDER 343 1 1 58 58 342
0 ORDER 344 1 1 58 58 343
0 ORDER 345 1 1 58 58 344
0 ORDER 346 1 1 58 58 345
0 ORDER 347 1 1 58 58 346
0 ORDER 348 1 1 58 58 347
0 ORDER 349 1 1 58 58 348
0 ORDER 350 1 1 58 58 349
0 ORDER 351 1 1 58 58 350
0 ORDER 352 1 1 58 58 351
0 ORDER 353 1 1 58 58 352
0 ORDER 354 1 1 58 58 353
0 ORDER 355 1 1 58 58 354
0 ORDER 356 1 1 58 58 355
0 ORDER 357 1 1 58 58 356
0 ORDER 358 1 1 58 58 357
0 ORDER 359 1 1 58 58 358
0 ORDER 360 1 1 58 58 359
0 ORDER 361 1 1 58 58 360
0 ORDER 362 1 1 58 58 361
0 ORDER 363 1 1 58 58 362
0 ORDER 364 1 1 58 58 363
0 ORDER 365 1 1 58 58 364
0 ORDER 366 1 1 58 58 365
0 ORDER 367 1 1 58 58 366
0 ORDER 368 1 1 58 58 367
0 ORDER 369 1 1 58 58 368
0 ORDER 370 1 1 58 58 369
0 ORDER 371 1 1 58 58 370
0 ORDER 372 1 1 58 58 371
0 ORDER 373 1 1 58 58 372
0 ORDER 374 1 1 58 58 373
0 ORDER 375 1 1 58 58 374
0 ORDER 376 1 1 58 58 375
0 ORDER 377 1 1 58 58 376
0 ORDER 378 1 1 58 58 377
0 ORDER 379 1 1 58 58 378
0 ORDER 380 1 1 58 58 379
0 ORDER 381 1 1 58 58 380
0 ORDER 382 1 1 58 58 381
0 ORDER 383 1 1 58 58 382
0 ORDER 384 1 1 58 58 383
0 ORDER 385 1 1 58 58 384
0 ORDER 386 1 1 58 58 385
0 ORDER 387 1 1 58 58 386
0 ORDER 388 1 1 58 58 387
0 ORDER 389 1 1 58 58 388
0 ORDER 390 1 1 58 58 389
0 ORDER 391 1 1 58 58 390
0 ORDER 392 1 1 58 58 391
0 ORDER 393 1 1 58 58 392
0 ORDER 394 1 1 58 58 393
0 ORDER 395 1 1 58 58 394
0 ORDER 396 1 1 58 58 395
0 ORDER 397 1 1 58 58 396
0 ORDER 398 1 1 58 58 397
0 ORDER 399 1 1 58 58 398
0 ORDER 400 1 1 58 58 399
0 ORDER 401 1 1 58 58 400
0 ORDER 402 1 1 58 58 401
0 ORDER 403 1 1 58 58 402
0 ORDER 404 1 1 58 58 403
0 ORDER 405 1 1 58 58 404
0 ORDER 406 1 1 58 58 405
0 ORDER 407 1 1 58 58 406
0 ORDER 408 1 1 58 58 407
0 ORDER 409 1 1 58 58 408
0 ORDER 410 1 1 58 58 409
0 ORDER 411 1 1 58 58 410
0 ORDER 412 1 1 58 58 411
0 ORDER 413 1 1 58 58 412
0 ORDER 414 1 1 58 58 413
0 ORDER 415 1 1 58 58 414
0 ORDER 416 1 1 58 58 415
0 ORDER 417 1 1 58 58 416
0 ORDER 418 1 1 58 58 417
0 ORDER 419 1 1 58 58 418
0 ORDER 420 1 1 58 58 419
0 ORDER 421 1 1 58 58 420
0 ORDER 422 1 1 58 58 421
0 ORDER 423 1 1 58 58 422
0 ORDER 424 1 1 58 58 423
0 ORDER 425 1 1 58 58 424
0 ORDER 426 1 1 58 58 425
0 ORDER 427 1 1 58 58 426
0 ORDER 428 1 1 58 58 427
0 ORDER 429 1 1 58 58 428
0 ORDER 430 1 1 58 58 429
0 ORDER 431 1 1 58 58 430
0 ORDER 432 1 1 58 58 431
0 ORDER 433 1 1 58 58 432
0 ORDER 434 1 1 58 58 433
0 ORDER 435 1 1 58 58 434
0 ORDER 436 1 1 58 58 435
0 ORDER 437 1 1 58 58 436
0 ORDER 438 1 1 58 58 437
0 ORDER 439 1 1 58 58 438
0 ORDER 440 1 1 58 58 439
0 ORDER 441 1 1 58 58 440
0 ORDER 442 1 1 58 58 441
0 ORDER 443 1 1 58 58 442
0 ORDER 444 1 1 58 58 443
0 ORDER 445 1 1 58 58 444
0 ORDER 446 1 1 58 58 445
0 ORDER 447 1 1 58 58 446
0 ORDER 448 1 1 58 58 447
0 ORDER 449 1 1 58 58 448
0 ORDER 450 1 1 58 58 449
0 ORDER 451 1 1 58 58 450
0 ORDER 452 1 1 58 58 451
0 ORDER 453 1 1 58 58 452
0 ORDER 454 1 1 58 58 453
0 ORDER 455 1 1 58 58 454
0 ORDER 456 1 1 58 58 455
0 ORDER 457 1 1 58 58 456
0 ORDER 458 1 1 58 58 457
0 ORDER 459 1 1 58 58 458
0 ORDER 460 1 1 58 58 459
0 ORDER 461 1 1 58 58 460
0 ORDER 462 1 1 58 58 461
0 ORDER 463 1 1 58 58 462
0 ORDER 464 1 1 58 58 463
0 ORDER 465 1 1 58 58 464
0 ORDER 466 1 1 58 58 465
0 ORDER 467 1 1 58 58 466
0 ORDER 468 1 1 58 58 467
0 ORDER 469 1 1 58 58 468
0 ORDER 470 1 1 58 58 469
0 ORDER 471 1 1 58 58 470
0 ORDER 472 1 1 58 58 471
0 ORDER 473 1 1 58 58 472
0 ORDER 474 1 1 58 58 473
0 ORDER 475 1 1 58 58 474
0 ORDER 476 1 1 58 58 475
0 ORDER 477 1 1 58 58 476
0 ORDER 478 1 1 58 58 477
0 ORDER 479 1 1 58 58 478
0 ORDER 480 1 1 58 58 479
0 ORDER 481 1 1 58 58 480
0 ORDER 482 1 1 58 58 481
0 ORDER 483 1 1 58 58 482
0 ORDER 484 1 1 58 58 483
0 ORDER 485 1 1 58 58 484
0 ORDER 486 1 1 58 58 485
0 ORDER 487 1 1 58 58 486
0 ORDER 488 1 1 58 58 487
0 ORDER 489 1 1 58 58 488
0 ORDER 490 1 1 58 58 489
0 ORDER 491 1 1 58 58 490
0 ORDER 492 1 1 58 58 491
0 ORDER 493 1 1 58 58 492
0 ORDER 494 1 1 58 58 493
0 ORDER 495 1 1 58 58 494
0 ORDER 496 1 1 58 58 495
0 ORDER 497 1 1 58 58 496
0 ORDER 498 1 1 58 58 497
0 ORDER 499 1 1 58 58 498
0 ORDER 500 1 1 58 58 499
0 ORDER 501 1 1 58 58 500
0 ORDER 502 1 1 58 58 501
0 ORDER 503 1 1 58 58 502
0 ORDER 504 1 1 58 58 503
0 ORDER 505 1 1 58 58 504
0 ORDER 506 1 1 58 58 505
0 ORDER 507 1 1 58 58 506
0 ORDER 508 1 1 58 58 507
0 ORDER 509 1 1 58 58 508
0 ORDER 510 1 1 58 58 509
0 ORDER 511 1 1 58 58 510
0 ORDER 512 1 1 58 58 511
0 ORDER 513 1 1 58 58 512
0 ORDER 514 1 1 58 58 513
0 ORDER 515 1 1 58 58 514
0 ORDER 516 1 1 58 58 515
0 ORDER 517 1 1 58 58 516
0 ORDER 518 1 1 58 58 517
0 ORDER 519 1 1 58 58 518
0 ORDER 520 1 1 58 58 519
0 ORDER 521 1 1 58 58 520
0 ORDER 522 1 1 58 58 521
0 ORDER 523 1 1 58 58 522
0 ORDER 524 1 1 58 58 523
0 ORDER 525 1 1 58 58 524
0 ORDER 526 1 1 58 58 525
0 ORDER 527 1 1 58 58 526
0 ORDER 528 1 1 58 58 527
0 ORDER 529 1 1 58 58 528
0 ORDER 530 1 1 58 58 529
0 ORDER 531 1 1 58 58 530
0 ORDER 532 1 1 58 58 531
0 ORDER 533 1 1 58 58 532
0 ORDER 534 1 1 58 58 533
0 ORDER 535 1 1 58 58 534
0 ORDER 536 1 1 58 58 535
0 ORDER 537 1 1 58 58 536
0 ORDER 538 1 1 58 58 537
0 ORDER 539 1 1 58 58 538
0 ORDER 540 1 1 58 58 539
0 ORDER 541 1 1 58 58 540
0 ORDER 542 1 1 58 58 541
0 ORDER 543 1 1 58 58 542
0 ORDER 544 1 1 58 58 543
0 ORDER 545 1 1 58 58 544
0 ORDER 546 1 1 58 58 545
0 ORDER 547 1 1 58 58 546
0 ORDER 548 1 1 58 58 547
0 ORDER 549 1 1 58 58 548
0 ORDER 550 1 1 58 58 549
0 ORDER 551 1 1 58 58 550
0 ORDER 552 1 1 58 58 551
0 ORDER 553 1 1 58 58 552
0 ORDER 554 1 1 58 58 553
0 ORDER 555 1 1 58 58 554
0 ORDER 556 1 1 58 58 555
0 ORDER 557 1 1 58 58 556
0 ORDER 558 1 1 58 58 557
0 ORDER 559 1 1 58 58 558
0 ORDER 560 1 1 58 58 559
0 ORDER 561 1 1 58 58 560
0 ORDER 562 1 1 58 58 561
0 ORDER 563 1 1 58 58 562
0 ORDER 564 1 1 58 58 563
0 ORDER 565 1 1 58 58 564
0 ORDER 566 1 1 58 58 565
0 ORDER 567 1 1 58 58 566
0 ORDER 568 1 1 58 58 567
0 ORDER 569 1 1 58 58 568
0 ORDER 570 1 1 58 58 569
0 ORDER 571 1 1 58 58 570
0 ORDER 572 1 1 58 58 571
0 ORDER 573 1 1 58 58 572
0 ORDER 574 1 1 58 58 573
0 ORDER 575 1 1 58 58 574
0 ORDER 576 1 1 58 58 575
0 ORDER 577 1 1 58 58 576
0 ORDER 578 1 1 58 58 577
0 ORDER 579 1 1 58 58 578
0 ORDER 580 1 1 58 58 579
0 ORDER 581 1 1 58 58 580
0 ORDER 582 1 1 58 58 581
0 ORDER 583 1 1 58 58 582
0 ORDER 584 1 1 58 58 583
0 ORDER 585 1 1 58 58 584
0 ORDER 586 1 1 58 58 585
0 ORDER 587 1 1 58 58 586
0 ORDER 588 1 1 58 58 587
0 ORDER 589 1 1 58 58 588
0 ORDER 590 1 1 58 58 589
0 ORDER 591 1 1 58 58 590
0 ORDER 592 1 1 58 58 591
0 ORDER 593 1 1 58 58 592
0 ORDER 594 1 1 58 58 593
0 ORDER 595 1 1 58 58 594
0 ORDER 596 1 1 58 58 595
0 ORDER 597 1 1 58 58 596
0 ORDER 598 1 1 58 58 597
0 ORDER 599 1 1 58 58 598
0 ORDER 600 1 1 58 58 599
0 ORDER 601 1 1 58 58 600
0 ORDER 602 1 1 58 58 601
0 ORDER 603 1 1 58 58 602
0 ORDER 604 1 1 58 58 603
0 ORDER 605 1 1 58 58 604
0 ORDER 606 1 1 58 58 605
0 ORDER 607 1 1 58 58 606
0 ORDER 608 1 1 58 58 607
0 ORDER 609 1 1 58 58 608
0 ORDER 610 1 1 58 58 609
0 ORDER 611 1 1 58 58 610
0 ORDER 612 1 1 58 58 611
0 ORDER 613 1 1 58 58 612
0 ORDER 614 1 1 58 58 613
0 ORDER 615 1 1 58 58 614
0 ORDER 616 1 1 58 58 615
0 ORDER 617 1 1 58 58 616
0 ORDER 618 1 1 58 58 617
0 ORDER 619 1 1 58 58 618
0 ORDER 620 1 1 58 58 619
0 ORDER 621 1 1 58 58 620
0 ORDER 622 1 1 58 58 621
0 ORDER 623 1 1 58 58 622
0 ORDER 624 1 1 58 58 623
0 ORDER 625 1 1 58 58 624
0 ORDER 626 1 1 58 58 625
0 ORDER 627 1 1 58 58 626
0 ORDER 628 1 1 58 58 627
0 ORDER 629 1 1 58 58 628
0 ORDER 630 1 1 58 58 629
0 ORDER 631 1 1 58 58 630
0 ORDER 632 1 1 58 58 631
0 ORDER 633 1 1 58 58 632
0 ORDER 634 1 1 58 58 633
0 ORDER 635 1 1 58 58 634
0 ORDER 636 1 1 58 58 635
0 ORDER 637 1 1 58 58 636
0 ORDER 638 1 1 58 58 637
0 ORDER 639 1 1 58 58 638
0 ORDER 640 1 1 58 58 639
0 ORDER 641 1 1 58 58 640
0 ORDER 642 1 1 58 58 641
0 ORDER 643 1 1 58 58 642
0 ORDER 644 1 1 58 58 643
0 ORDER 645 1 1 58 58 644
0 ORDER 646 1 1 58 58 645
0 ORDER 647 1 1 58 58 646
0 ORDER 648 1 1 58 58 647
0 ORDER 649 1 1 58 58 648
0 ORDER 650 1 1 58 58 649
0 ORDER 651 1 1 58 58 650
0 ORDER 652 1 1 58 58 651
0 ORDER 653 1 1 58 58 652
0 ORDER 654 1 1 58 58 653
0 ORDER 655 1 1 58 58 654
0 ORDER 656 1 1 58 58 655
0 ORDER 657 1 1 58 58 656
0 ORDER 658 1 1 58 58 657
0 ORDER 659 1 1 58 58 658
0 ORDER 660 1 1 58 58 659
0 ORDER 661 1 1 58 58 660
0 ORDER 662 1 1 58 58 661
0 ORDER 663 1 1 58 58 662
0 ORDER 664 1 1 58 58 663
0 ORDER 665 1 1 58 58 664
0 ORDER 666 1 1 58 58 665
0 ORDER 667 1 1 58 58 666
0 ORDER 668 1 1 58 58 667
0 ORDER 669 1 1 58 58 668
0 ORDER 670 1 1 58 58 669
0 ORDER 671 1 1 58 58 670
0 ORDER 672 1 1 58 58 671
0 ORDER 673 1 1 58 58 672
0 ORDER 674 1 1 58 58 673
0 ORDER 675 1 1 58 58 674
0 ORDER 676 1 1 58 58 675
0 ORDER 677 1 1 58 58 676
0 ORDER 678 1 1 58 58 677
0 ORDER 679 1 1 58 58 678
0 ORDER 680 1 1 58 58 679
0 ORDER 681 1 1 58 58 680
0 ORDER 682 1 1 58 58 681
0 ORDER 683 1 1 58 58 682
0 ORDER 684 1 1 58 58 683
0 ORDER 685 1 1 58 58 684
0 ORDER 686 1 1 58 58 685
0 ORDER 687 1 1 58 58 686
0 ORDER 688 1 1 58 58 687
0 ORDER 689 1 1 58 58 688
0 ORDER 690 1 1 58 58 689
0 ORDER 691 1 1 58 58 690
0 ORDER 692 1 1 58 58 691
0 ORDER 693 1 1 58 58 692
0 ORDER 694 1 1 58 58 693
0 ORDER 695 1 1 58 58 694
0 ORDER 696 1 1 58 58 695
0 ORDER 697 1 1 58 58 696
0 ORDER 698 1 1 58 58 697
0 ORDER 699 1 1 58 58 698
0 ORDER 700 1 1 58 58 699
0 ORDER 701 1 1 58 58 700
0 ORDER 702 1 1 58 58 701
0 ORDER 703 1 1 58 58 702
0 ORDER 704 1 1 58 58 703
0 ORDER 705 1 1 58 58 704
0 ORDER 706 1 1 58 58 705
0 ORDER 707 1 1 58 58 706
0 ORDER 708 1 1 58 58 707
0 ORDER 709 1 1 58 58 708
0 ORDER 710 1 1 58 58 709
0 ORDER 711 1 1 58 58 710
0 ORDER 712 1 1 58 58 711
0 ORDER 713 1 1 58 58 712
0 ORDER 714 1 1 58 58 713
0 ORDER 715 1 1 58 58 714
0 ORDER 716 1 1 58 58 715
0 ORDER 717 1 1 58 58 716
0 ORDER 718 1 1 58 58 717
0 ORDER 719 1 1 58 58 718
0 ORDER 720 1 1 58 58 719
0 ORDER 721 1 1 58 58 720
0 ORDER 722 1 1 58 58 721
0 ORDER 723 1 1 58 58 722
0 ORDER 724 1 1 58 58 723
0 ORDER 725 1 1 58 58 724
0 ORDER 726 1 1 58 58 725
0 ORDER 727 1 1 58 58 726
0 ORDER 728 1 1 58 58 727
0 ORDER 729 1 1 58 58 728
0 ORDER 730 1 1 58 58 729
0 ORDER 731 1 1 58 58 730
0 ORDER 732 1 1 58 58 731
0 ORDER 733 1 1 58 58 732
0 ORDER 734 1 1 58 58 733
0 ORDER 735 1 1 58 58 734
0 ORDER 736 1 1 58 58 735
0 ORDER 737 1 1 58 58 736
0 ORDER 738 1 1 58 58 737
0 ORDER 739 1 1 58 58 738
0 ORDER 740 1 1 58 58 739
0 ORDER 741 1 1 58 58 740
0 ORDER 742 1 1 58 58 741
0 ORDER 743 1 1 58 58 742
0 ORDER 744 1 1 58 58 743
0 ORDER 745 1 1 58 58 744
0 ORDER 746 1 1 58 58 745
0 ORDER 747 1 1 58 58 746
0 ORDER 748 1 1 58 58 747
0 ORDER 749 1 1 58 58 748
0 ORDER 750 1 1 58 58 749
0 ORDER 751 1 1 58 58 750
0 ORDER 752 1 1 58 58 751
0 ORDER 753 1 1 58 58 752
0 ORDER 754 1 1 58 58 753
0 ORDER 755 1 1 58 58 754
0 ORDER 756 1 1 58 58 755
0 ORDER 757 1 1 58 58 756
0 ORDER 758 1 1 58 58 757
0 ORDER 759 1 1 58 58 758
0 ORDER 760 1 1 58 58 759
0 ORDER 761 1 1 58 58 760
0 ORDER 762 1 1 58 58 761
0 ORDER 763 1 1 58 58 762
0 ORDER 764 1 1 58 58 763
0 ORDER 765 1 1 58 58 764
0 ORDER 766 1 1 58 58 765
0 ORDER 767 1 1 58 58 766
0 ORDER 768 1 1 58 58 767
0 ORDER 769 1 1 58 58 768
0 ORDER 770 1 1 58 58 769
0 ORDER 771 1 1 58 58 770
0 ORDER 772 1 1 58 58 771
0 ORDER 773 1 1 58 58 772
0 ORDER 774 1 1 58 58 773
0 ORDER 775 1 1 58 58 774
0 ORDER 776 1 1 58 58 775
0 ORDER 777 1 1 58 58 776
0 ORDER 778 1 1 58 58 777
0 ORDER 779 1 1 58 58 778
0 ORDER 780 1 1 58 58 779
0 ORDER 781 1 1 58 58 780
0 ORDER 782 1 1 58 58 781
0 ORDER 783 1 1 58 58 782
0 ORDER 784 1 1 58 58 783
0 ORDER 785 1 1 58 58 784
0 ORDER 786 1 1 58 58 785
0 ORDER 787 1 1 58 58 786
0 ORDER 788 1 1 58 58 787
0 ORDER 789 1 1 58 58 788
0 ORDER 790 1 1 58 58 789
0 ORDER 791 1 1 58 58 790
0 ORDER 792 1 1 58 58 791
0 ORDER 793 1 1 58 58 792
0 ORDER 794 1 1 58 58 793
0 ORDER 795 1 1 58 58 794
0 ORDER 796 1 1 58 58 795
0 ORDER 797 1 1 58 58 796
0 ORDER 798 1 1 58 58 797
0 ORDER 799 1 1 58 58 798
0 ORDER 800 1 1 58 58 799
0 ORDER 801 1 1 58 58 800
0 ORDER 802 1 1 58 58 801
0 ORDER 803 1 1 58 58 802
0 ORDER 804 1 1 58 58 803
0 ORDER 805 1 1 58 58 804
0 ORDER 806 1 1 58 58 805
0 ORDER 807 1 1 58 58 806
0 ORDER 808 1 1 58 58 807
0 ORDER 809 1 1 58 58 808
0 ORDER 810 1 1 58 58 809
0 ORDER 811 1 1 58 58 810
0 ORDER 812 1 1 58 58 811
0 ORDER 813 1 1 58 58 812
0 ORDER 814 1 1 58 58 813
0 ORDER 815 1 1 58 58 814
0 ORDER 816 1 1 58 58 815
0 ORDER 817 1 1 58 58 816
0 ORDER 818 1 1 58 58 817
0 ORDER 819 1 1 58 58 818
0 ORDER 820 1 1 58 58 819
0 ORDER 821 1 1 58 58 820
0 ORDER 822 1 1 58 58 821
0 ORDER 823 1 1 58 58 822
0 ORDER 824 1 1 58 58 823
0 ORDER 825 1 1 58 58 824
0 ORDER 826 1 1 58 58 825
0 ORDER 827 1 1 58 58 826
0 ORDER 828 1 1 58 58 827
0 ORDER 829 1 1 58 58 828
0 ORDER 830 1 1 58 58 829
0 ORDER 831 1 1 58 58 830
0 ORDER 832 1 1 58 58 831
0 ORDER 833 1 1 58 58 832
0 ORDER 834 1 1 58 58 833
0 ORDER 835 1 1 58 58 834
0 ORDER 836 1 1 58 58 835
0 ORDER 837 1 1 58 58 836
0 ORDER 838 1 1 58 58 837
0 ORDER 839 1 1 58 58 838
0 ORDER 840 1 1 58 58 839
0 ORDER 841 1 1 58 58 840
0 ORDER 842 1 1 58 58 841
0 ORDER 843 1 1 58 58 842
0 ORDER 844 1 1 58 58 843
0 ORDER 845 1 1 58 58 844
0 ORDER 846 1 1 58 58 845
0 ORDER 847 1 1 58 58 846
0 ORDER 848 1 1 58 58 847
0 ORDER 849 1 1 58 58 848
0 ORDER 850 1 1 58 58 849
0 ORDER 851 1 1 58 58 850
0 ORDER 852 1 1 58 58 851
0 ORDER 853 1 1 58 58 852
0 ORDER 854 1 1 58 58 853
0 ORDER 855 1 1 58 58 854
0 ORDER 856 1 1 58 58 855
0 ORDER 857 1 1 58 58 856
0 ORDER 858 1 1 58 58 857
0 ORDER 859 1 1 58 58 858
0 ORDER 860 1 1 58 58 859
0 ORDER 861 1 1 58 58 860
0 ORDER 862 1 1 58 58 861
0 ORDER 863 1 1 58 58 862
0 ORDER 864 1 1 58 58 863
0 ORDER 865 1 1 58 58 864
0 ORDER 866 1 1 58 58 865
0 ORDER 867 1 1 58 58 866
0 ORDER 868 1 1 58 58 867
0 ORDER 869 1 1 58 58 868
0 ORDER 870 1 1 58 58 869
0 ORDER 871 1 1 58 58 870
0 ORDER 872 1 1 58 58 871
0 ORDER 873 1 1 58 58 872
0 ORDER 874 1 1 58 58 873
0 ORDER 875 1 1 58 58 874
0 ORDER 876 1 1 58 58 875
0 ORDER 877 1 1 58 58 876
0 ORDER 878 1 1 58 58 877
0 ORDER 879 1 1 58 58 878
0 ORDER 880 1 1 58 58 879
0 ORDER 881 1 1 58 58 880
0 ORDER 882 1 1 58 58 881
0 ORDER 883 1 1 58 58 882
0 ORDER 884 1 1 58 58 883
0 ORDER 885 1 1 58 58 884
0 ORDER 886 1 1 58 58 885
0 ORDER 887 1 1 58 58 886
0 ORDER 888 1 1 58 58 887
0 ORDER 889 1 1 58 58 888
0 ORDER 890 1 1 58 58 889
0 ORDER 891 1 1 58 58 890
0 ORDER 892 1 1 58 58 891
0 ORDER 893 1 1 58 58 892
0 ORDER 894 1 1 58 58 893
0 ORDER 895 1 1 58 58 894
0 ORDER 896 1 1 58 58 895
0 ORDER 897 1 1 58 58 896
0 ORDER 898 1 1 58 58 897
0 ORDER 899 1 1 58 58 898
0 ORDER 900 1 1 58 58 899
0 ORDER 901 1 1 58 58 900
0 ORDER 902 1 1 58 58 901
0 ORDER 903 1 1 58 58 902
0 ORDER 904 1 1 58 58 903
0 ORDER 905 1 1 58 58 904
0 ORDER 906 1 1 58 58 905
0 ORDER 907 1 1 58 58 906
0 ORDER 908 1 1 58 58 907
0 ORDER 909 1 1 58 58 908
0 ORDER 910 1 1 58 58 909
0 ORDER 911 1 1 58 58 910
0 ORDER 912 1 1 58 58 911
0 ORDER 913 1 1 58 58 912
0 ORDER 914 1 1 58 58 913
0 ORDER 915 1 1 58 58 914
0 ORDER 916 1 1 58 58 915
0 ORDER 917 1 1 58 58 916
0 ORDER 918 1 1 58 58 917
0 ORDER 919 1 1 58 58 918
0 ORDER 920 1 1 58 58 919
0 ORDER 921 1 1 58 58 920
0 ORDER 922 1 1 58 58 921
0 ORDER 923 1 1 58 58 922
0 ORDER 924 1 1 58 58 923
0 ORDER 925 1 1 58 58 924
0 ORDER 926 1 1 58 58 925
0 ORDER 927 1 1 58 58 926
0 ORDER 928 1 1 58 58 927
0 ORDER 929 1 1 58 58 928
0 ORDER 930 1 1 58 58 929
0 ORDER 931 1 1 58 58 930
0 ORDER 932 1 1 58 58 931
0 ORDER 933 1 1 58 58 932
0 ORDER 934 1 1 58 58 933
0 ORDER 935 1 1 58 58 934
0 ORDER 936 1 1 58 58 935
0 ORDER 937 1 1 58 58 936
0 ORDER 938 1 1 58 58 937
0 ORDER 939 1 1 58 58 938
0 ORDER 940 1 1 58 58 939
0 ORDER 941 1 1 58 58 940
0 ORDER 942 1 1 58 58 941
0 ORDER 943 1 1 58 58 942
0 ORDER 944 1 1 58 58 943
0 ORDER 945 1 1 58 58 944
0 ORDER 946 1 1 58 58 945
0 ORDER 947 1 1 58 58 946
0 ORDER 948 1 1 58 58 947
0 ORDER 949 1 1 58 58 948
0 ORDER 950 1 1 58 58 949
0 ORDER 951 1 1 58 58 950
0 ORDER 952 1 1 58 58 951
0 ORDER 953 1 1 58 58 952
0 ORDER 954 1 1 58 58 953
0 ORDER 955 1 1 58 58 954
0 ORDER 956 1 1 58 58 955
0 ORDER 957 1 1 58 58 956
0 ORDER 958 1 1 58 58 957
0 ORDER 959 1 1 58 58 958
0 ORDER 960 1 1 58 58 959
0 ORDER 961 1 1 58 58 960
0 ORDER 962 1 1 58 58 961
0 ORDER 963 1 1 58 58 962
0 ORDER 964 1 1 58 58 963
0 ORDER 965 1 1 58 58 964
0 ORDER 966 1 1 58 58 965
0 ORDER 967 1 1 58 58 966
0 ORDER 968 1 1 58 58 967
0 ORDER 969 1 1 58 58 968
0 ORDER 970 1 1 58 58 969
0 ORDER 971 1 1 58 58 970
0 ORDER 972 1 1 58 58 971
0 ORDER 973 1 1 58 58 972
0 ORDER 974 1 1 58 58 973
0 ORDER 975 1 1 58 58 974
0 ORDER 976 1 1 58 58 975
0 ORDER 977 1 1 58 58 976
0 ORDER 978 1 1 58 58 977
0 ORDER 979 1 1 58 58 978
0 ORDER 980 1 1 58 58 979
0 ORDER 981 1 1 58 58 980
0 ORDER 982 1 1 58 58 981
0 ORDER 983 1 1 58 58 982
0 ORDER 984 1 1 58 58 983
0 ORDER 985 1 1 58 58 984
0 ORDER 986 1 1 58 58 985
0 ORDER 987 1 1 58 58 986
0 ORDER 988 1 1 58 58 987
0 ORDER 989 1 1 58 58 988
0 ORDER 990 1 1 58 58 989
0 ORDER 991 1 1 58 58 990
0 ORDER 992 1 1 58 58 991
0 ORDER 993 1 1 58 58 992
0 ORDER 994 1 1 58 58 993
0 ORDER 995 1 1 58 58 994
0 ORDER 996 1 1 58 58 995
0 ORDER 997 1 1 58 58 996
0 ORDER 998 1 1 58 58 997
0 ORDER 999 1 1 58 58 998
0 ORDER 1000 1 1 58 58 999
1 BLOCK 58 1
2 UNBLOCK 58 1
3 BLOCK 58 1
4 UNBLOCK 58 1
5 BLOCK 58 1
6 UNBLOCK 58 1
7 BLOCK 58 1
8 UNBLOCK 58 1
9 BLOCK 58 1
10 UNBLOCK 58 1
11 BLOCK 58 1
12 UNBLOCK 58 1
13 BLOCK 58 1
14 UNBLOCK 58 1
15 BLOCK 58 1
16 UNBLOCK 58 1
17 BLOCK 58 1
18 UNBLOCK 58 1
19 BLOCK 58 1
20 UNBLOCK 58 1
21 BLOCK 58 1
22 UNBLOCK 58 1
23 BLOCK 58 1
24 UNBLOCK 58 1
25 BLOCK 58 1
26 UNBLOCK 58 1
27 BLOCK 58 1
28 UNBLOCK 58 1
29 BLOCK 58 1
30 UNBLOCK 58 1
31 BLOCK 58 1
32 UNBLOCK 58 1
33 BLOCK 58 1
34 UNBLOCK 58 1
35 BLOCK 58 1
36 UNBLOCK 58 1
37 BLOCK 58 1
38 UNBLOCK 58 1
39 BLOCK 58 1
40 UNBLOCK 58 1
41 BLOCK 58 1
42 UNBLOCK 58 1
43 BLOCK 58 1
44 UNBLOCK 58 1
45 BLOCK 58 1
46 UNBLOCK 58 1
47 BLOCK 58 1
48 UNBLOCK 58 1
49 BLOCK 58 1
50 UNBLOCK 58 1
51 BLOCK 58 1
52 UNBLOCK 58 1
53 BLOCK 58 1
54 UNBLOCK 58 1
55 BLOCK 58 1
56 UNBLOCK 58 1
57 BLOCK 58 1
58 UNBLOCK 58 1
59 BLOCK 58 1
60 UNBLOCK 58 1
61 BLOCK 58 1
62 UNBLOCK 58 1
63 BLOCK 58 1
64 UNBLOCK 58 1
65 BLOCK 58 1
66 UNBLOCK 58 1
67 BLOCK 58 1
68 UNBLOCK 58 1
69 BLOCK 58 1
70 UNBLOCK 58 1
71 BLOCK 58 1
72 UNBLOCK 58 1
73 BLOCK 58 1
74 UNBLOCK 58 1
75 BLOCK 58 1
76 UNBLOCK 58 1
77 BLOCK 58 1
78 UNBLOCK 58 1
79 BLOCK 58 1
80 UNBLOCK 58 1
81 BLOCK 58 1
82 UNBLOCK 58 1
83 BLOCK 58 1
84 UNBLOCK 58 1
85 BLOCK 58 1
86 UNBLOCK 58 1
87 BLOCK 58 1
88 UNBLOCK 58 1
89 BLOCK 58 1
90 UNBLOCK 58 1
91 BLOCK 58 1
92 UNBLOCK 58 1
93 BLOCK 58 1
94 UNBLOCK 58 1
95 BLOCK 58 1
96 UNBLOCK 58 1
97 BLOCK 58 1
98 UNBLOCK 58 1
99 BLOCK 58 1
100 UNBLOCK 58 1
101 BLOCK 58 1
102 UNBLOCK 58 1
103 BLOCK 58 1
104 UNBLOCK 58 1
105 BLOCK 58 1
106 UNBLOCK 58 1
107 BLOCK 58 1
108 UNBLOCK 58 1
109 BLOCK 58 1
110 UNBLOCK 58 1
111 BLOCK 58 1
112 UNBLOCK 58 1
113 BLOCK 58 1
114 UNBLOCK 58 1
115 BLOCK 58 1
116 UNBLOCK 58 1
117 BLOCK 58 1
118 UNBLOCK 58 1
119 BLOCK 58 1
120 UNBLOCK 58 1
121 BLOCK 58 1
122 UNBLOCK 58 1
123 BLOCK 58 1
124 UNBLOCK 58 1
125 BLOCK 58 1
126 UNBLOCK 58 1
127 BLOCK 58 1
128 UNBLOCK 58 1
129 BLOCK 58 1
130 UNBLOCK 58 1
131 BLOCK 58 1
132 UNBLOCK 58 1
133 BLOCK 58 1
134 UNBLOCK 58 1
135 BLOCK 58 1
136 UNBLOCK 58 1
137 BLOCK 58 1
138 UNBLOCK 58 1
139 BLOCK 58 1
140 UNBLOCK 58 1
141 BLOCK 58 1
142 UNBLOCK 58 1
143 BLOCK 58 1
144 UNBLOCK 58 1
145 BLOCK 58 1
146 UNBLOCK 58 1
147 BLOCK 58 1
148 UNBLOCK 58 1
149 BLOCK 58 1
150 UNBLOCK 58 1
151 BLOCK 58 1
152 UNBLOCK 58 1
153 BLOCK 58 1
154 UNBLOCK 58 1
155 BLOCK 58 1
156 UNBLOCK 58 1
157 BLOCK 58 1
158 UNBLOCK 58 1
159 BLOCK 58 1
160 UNBLOCK 58 1
161 BLOCK 58 1
162 UNBLOCK 58 1
163 BLOCK 58 1
164 UNBLOCK 58 1
165 BLOCK 58 1
166 UNBLOCK 58 1
167 BLOCK 58 1
168 UNBLOCK 58 1
169 BLOCK 58 1
170 UNBLOCK 58 1
171 BLOCK 58 1
172 UNBLOCK 58 1
173 BLOCK 58 1
174 UNBLOCK 58 1
175 BLOCK 58 1
176 UNBLOCK 58 1
177 BLOCK 58 1
178 UNBLOCK 58 1
179 BLOCK 58 1
180 UNBLOCK 58 1
181 BLOCK 58 1
182 UNBLOCK 58 1
183 BLOCK 58 1
184 UNBLOCK 58 1
185 BLOCK 58 1
186 UNBLOCK 58 1
187 BLOCK 58 1
188 UNBLOCK 58 1
189 BLOCK 58 1
190 UNBLOCK 58 1
191 BLOCK 58 1
192 UNBLOCK 58 1
193 BLOCK 58 1
194 UNBLOCK 58 1
195 BLOCK 58 1
196 UNBLOCK 58 1
197 BLOCK 58 1
198 UNBLOCK 58 1
199 BLOCK 58 1
200 UNBLOCK 58 1
201 BLOCK 58 1
202 UNBLOCK 58 1
203 BLOCK 58 1
204 UNBLOCK 58 1
205 BLOCK 58 1
206 UNBLOCK 58 1
207 BLOCK 58 1
208 UNBLOCK 58 1
209 BLOCK 58 1
210 UNBLOCK 58 1
211 BLOCK 58 1
212 UNBLOCK 58 1
213 BLOCK 58 1
214 UNBLOCK 58 1
215 BLOCK 58 1
216 UNBLOCK 58 1
217 BLOCK 58 1
218 UNBLOCK 58 1
219 BLOCK 58 1
220 UNBLOCK 58 1
221 BLOCK 58 1
222 UNBLOCK 58 1
223 BLOCK 58 1
224 UNBLOCK 58 1
225 BLOCK 58 1
226 UNBLOCK 58 1
227 BLOCK 58 1
228 UNBLOCK 58 1
229 BLOCK 58 1
230 UNBLOCK 58 1
231 BLOCK 58 1
232 UNBLOCK 58 1
233 BLOCK 58 1
234 UNBLOCK 58 1
235 BLOCK 58 1
236 UNBLOCK 58 1
237 BLOCK 58 1
238 UNBLOCK 58 1
239 BLOCK 58 1
240 UNBLOCK 58 1
241 BLOCK 58 1
242 UNBLOCK 58 1
243 BLOCK 58 1
244 UNBLOCK 58 1
245 BLOCK 58 1
246 UNBLOCK 58 1
247 BLOCK 58 1
248 UNBLOCK 58 1
249 BLOCK 58 1
250 UNBLOCK 58 1
251 BLOCK 58 1
252 UNBLOCK 58 1
253 BLOCK 58 1
254 UNBLOCK 58 1
255 BLOCK 58 1
256 UNBLOCK 58 1
257 BLOCK 58 1
258 UNBLOCK 58 1
259 BLOCK 58 1
260 UNBLOCK 58 1
261 BLOCK 58 1
262 UNBLOCK 58 1
263 BLOCK 58 1
264 UNBLOCK 58 1
265 BLOCK 58 1
266 UNBLOCK 58 1
267 BLOCK 58 1
268 UNBLOCK 58 1
269 BLOCK 58 1
270 UNBLOCK 58 1
271 BLOCK 58 1
272 UNBLOCK 58 1
273 BLOCK 58 1
274 UNBLOCK 58 1
275 BLOCK 58 1
276 UNBLOCK 58 1
277 BLOCK 58 1
278 UNBLOCK 58 1
279 BLOCK 58 1
280 UNBLOCK 58 1
281 BLOCK 58 1
282 UNBLOCK 58 1
283 BLOCK 58 1
284 UNBLOCK 58 1
285 BLOCK 58 1
286 UNBLOCK 58 1
287 BLOCK 58 1
288 UNBLOCK 58 1
289 BLOCK 58 1
290 UNBLOCK 58 1
291 BLOCK 58 1
292 UNBLOCK 58 1
293 BLOCK 58 1
294 UNBLOCK 58 1
295 BLOCK 58 1
296 UNBLOCK 58 1
297 BLOCK 58 1
298 UNBLOCK 58 1
299 BLOCK 58 1
300 UNBLOCK 58 1
301 BLOCK 58 1
302 UNBLOCK 58 1
303 BLOCK 58 1
304 UNBLOCK 58 1
305 BLOCK 58 1
306 UNBLOCK 58 1
307 BLOCK 58 1
308 UNBLOCK 58 1
309 BLOCK 58 1
310 UNBLOCK 58 1
311 BLOCK 58 1
312 UNBLOCK 58 1
313 BLOCK 58 1
314 UNBLOCK 58 1
315 BLOCK 58 1
316 UNBLOCK 58 1
317 BLOCK 58 1
318 UNBLOCK 58 1
319 BLOCK 58 1
320 UNBLOCK 58 1
321 BLOCK 58 1
322 UNBLOCK 58 1
323 BLOCK 58 1
324 UNBLOCK 58 1
325 BLOCK 58 1
326 UNBLOCK 58 1
327 BLOCK 58 1
328 UNBLOCK 58 1
329 BLOCK 58 1
330 UNBLOCK 58 1
331 BLOCK 58 1
332 UNBLOCK 58 1
333 BLOCK 58 1
334 UNBLOCK 58 1
335 BLOCK 58 1
336 UNBLOCK 58 1
337 BLOCK 58 1
338 UNBLOCK 58 1
339 BLOCK 58 1
340 UNBLOCK 58 1
341 BLOCK 58 1
342 UNBLOCK 58 1
343 BLOCK 58 1
344 UNBLOCK 58 1
345 BLOCK 58 1
346 UNBLOCK 58 1
347 BLOCK 58 1
348 UNBLOCK 58 1
349 BLOCK 58 1
350 UNBLOCK 58 1
351 BLOCK 58 1
352 UNBLOCK 58 1
353 BLOCK 58 1
354 UNBLOCK 58 1
355 BLOCK 58 1
356 UNBLOCK 58 1
357 BLOCK 58 1
358 UNBLOCK 58 1
359 BLOCK 58 1
360 UNBLOCK 58 1
361 BLOCK 58 1
362 UNBLOCK 58 1
363 BLOCK 58 1
364 UNBLOCK 58 1
365 BLOCK 58 1
366 UNBLOCK 58 1
367 BLOCK 58 1
368 UNBLOCK 58 1
369 BLOCK 58 1
370 UNBLOCK 58 1
371 BLOCK 58 1
372 UNBLOCK 58 1
373 BLOCK 58 1
374 UNBLOCK 58 1
375 BLOCK 58 1
376 UNBLOCK 58 1
377 BLOCK 58 1
378 UNBLOCK 58 1
379 BLOCK 58 1
380 UNBLOCK 58 1
381 BLOCK 58 1
382 UNBLOCK 58 1
383 BLOCK 58 1
384 UNBLOCK 58 1
385 BLOCK 58 1
386 UNBLOCK 58 1
387 BLOCK 58 1
388 UNBLOCK 58 1
389 BLOCK 58 1
390 UNBLOCK 58 1
391 BLOCK 58 1
392 UNBLOCK 58 1
393 BLOCK 58 1
394 UNBLOCK 58 1
395 BLOCK 58 1
396 UNBLOCK 58 1
397 BLOCK 58 1
398 UNBLOCK 58 1
399 BLOCK 58 1
400 UNBLOCK 58 1
401 BLOCK 58 1
402 UNBLOCK 58 1
403 BLOCK 58 1
404 UNBLOCK 58 1
405 BLOCK 58 1
406 UNBLOCK 58 1
407 BLOCK 58 1
408 UNBLOCK 58 1
409 BLOCK 58 1
410 UNBLOCK 58 1
411 BLOCK 58 1
412 UNBLOCK 58 1
413 BLOCK 58 1
414 UNBLOCK 58 1
415 BLOCK 58 1
416 UNBLOCK 58 1
417 BLOCK 58 1
418 UNBLOCK 58 1
419 BLOCK 58 1
420 UNBLOCK 58 1
421 BLOCK 58 1
422 UNBLOCK 58 1
423 BLOCK 58 1
424 UNBLOCK 58 1
425 BLOCK 58 1
426 UNBLOCK 58 1
427 BLOCK 58 1
428 UNBLOCK 58 1
429 BLOCK 58 1
430 UNBLOCK 58 1
431 BLOCK 58 1
432 UNBLOCK 58 1
433 BLOCK 58 1
434 UNBLOCK 58 1
435 BLOCK 58 1
436 UNBLOCK 58 1
437 BLOCK 58 1
438 UNBLOCK 58 1
439 BLOCK 58 1
440 UNBLOCK 58 1
441 BLOCK 58 1
442 UNBLOCK 58 1
443 BLOCK 58 1
444 UNBLOCK 58 1
445 BLOCK 58 1
446 UNBLOCK 58 1
447 BLOCK 58 1
448 UNBLOCK 58 1
449 BLOCK 58 1
450 UNBLOCK 58 1
451 BLOCK 58 1
452 UNBLOCK 58 1
453 BLOCK 58 1
454 UNBLOCK 58 1
455 BLOCK 58 1
456 UNBLOCK 58 1
457 BLOCK 58 1
458 UNBLOCK 58 1
459 BLOCK 58 1
460 UNBLOCK 58 1
461 BLOCK 58 1
462 UNBLOCK 58 1
463 BLOCK 58 1
464 UNBLOCK 58 1
465 BLOCK 58 1
466 UNBLOCK 58 1
467 BLOCK 58 1
468 UNBLOCK 58 1
469 BLOCK 58 1
470 UNBLOCK 58 1
471 BLOCK 58 1
472 UNBLOCK 58 1
473 BLOCK 58 1
474 UNBLOCK 58 1
475 BLOCK 58 1
476 UNBLOCK 58 1
477 BLOCK 58 1
478 UNBLOCK 58 1
479 BLOCK 58 1
480 UNBLOCK 58 1
481 BLOCK 58 1
482 UNBLOCK 58 1
483 BLOCK 58 1
484 UNBLOCK 58 1
485 BLOCK 58 1
486 UNBLOCK 58 1
487 BLOCK 58 1
488 UNBLOCK 58 1
489 BLOCK 58 1
490 UNBLOCK 58 1
491 BLOCK 58 1
492 UNBLOCK 58 1
493 BLOCK 58 1
494 UNBLOCK 58 1
495 BLOCK 58 1
496 UNBLOCK 58 1
497 BLOCK 58 1
498 UNBLOCK 58 1
499 BLOCK 58 1
500 UNBLOCK 58 1
501 BLOCK 58 1
502 UNBLOCK 58 1
503 BLOCK 58 1
504 UNBLOCK 58 1
505 BLOCK 58 1
506 UNBLOCK 58 1
507 BLOCK 58 1
508 UNBLOCK 58 1
509 BLOCK 58 1
510 UNBLOCK 58 1
511 BLOCK 58 1
512 UNBLOCK 58 1
513 BLOCK 58 1
514 UNBLOCK 58 1
515 BLOCK 58 1
516 UNBLOCK 58 1
517 BLOCK 58 1
518 UNBLOCK 58 1
519 BLOCK 58 1
520 UNBLOCK 58 1
521 BLOCK 58 1
522 UNBLOCK 58 1
523 BLOCK 58 1
524 UNBLOCK 58 1
525 BLOCK 58 1
526 UNBLOCK 58 1
527 BLOCK 58 1
528 UNBLOCK 58 1
529 BLOCK 58 1
530 UNBLOCK 58 1
531 BLOCK 58 1
532 UNBLOCK 58 1
533 BLOCK 58 1
534 UNBLOCK 58 1
535 BLOCK 58 1
536 UNBLOCK 58 1
537 BLOCK 58 1
538 UNBLOCK 58 1
539 BLOCK 58 1
540 UNBLOCK 58 1
541 BLOCK 58 1
542 UNBLOCK 58 1
543 BLOCK 58 1
544 UNBLOCK 58 1
545 BLOCK 58 1
546 UNBLOCK 58 1
547 BLOCK 58 1
548 UNBLOCK 58 1
549 BLOCK 58 1
550 UNBLOCK 58 1
551 BLOCK 58 1
552 UNBLOCK 58 1
553 BLOCK 58 1
554 UNBLOCK 58 1
555 BLOCK 58 1
556 UNBLOCK 58 1
557 BLOCK 58 1
558 UNBLOCK 58 1
559 BLOCK 58 1
560 UNBLOCK 58 1
561 BLOCK 58 1
562 UNBLOCK 58 1
563 BLOCK 58 1
564 UNBLOCK 58 1
565 BLOCK 58 1
566 UNBLOCK 58 1
567 BLOCK 58 1
568 UNBLOCK 58 1
569 BLOCK 58 1
570 UNBLOCK 58 1
571 BLOCK 58 1
572 UNBLOCK 58 1
573 BLOCK 58 1
574 UNBLOCK 58 1
575 BLOCK 58 1
576 UNBLOCK 58 1
577 BLOCK 58 1
578 UNBLOCK 58 1
579 BLOCK 58 1
580 UNBLOCK 58 1
581 BLOCK 58 1
582 UNBLOCK 58 1
583 BLOCK 58 1
584 UNBLOCK 58 1
585 BLOCK 58 1
586 UNBLOCK 58 1
587 BLOCK 58 1
588 UNBLOCK 58 1
589 BLOCK 58 1
590 UNBLOCK 58 1
591 BLOCK 58 1
592 UNBLOCK 58 1
593 BLOCK 58 1
594 UNBLOCK 58 1
595 BLOCK 58 1
596 UNBLOCK 58 1
597 BLOCK 58 1
598 UNBLOCK 58 1
599 BLOCK 58 1
600 UNBLOCK 58 1
601 BLOCK 58 1
602 UNBLOCK 58 1
603 BLOCK 58 1
604 UNBLOCK 58 1
605 BLOCK 58 1
606 UNBLOCK 58 1
607 BLOCK 58 1
608 UNBLOCK 58 1
609 BLOCK 58 1
610 UNBLOCK 58 1
611 BLOCK 58 1
612 UNBLOCK 58 1
613 BLOCK 58 1
614 UNBLOCK 58 1
615 BLOCK 58 1
616 UNBLOCK 58 1
617 BLOCK 58 1
618 UNBLOCK 58 1
619 BLOCK 58 1
620 UNBLOCK 58 1
621 BLOCK 58 1
622 UNBLOCK 58 1
623 BLOCK 58 1
624 UNBLOCK 58 1
625 BLOCK 58 1
626 UNBLOCK 58 1
627 BLOCK 58 1
628 UNBLOCK 58 1
629 BLOCK 58 1
630 UNBLOCK 58 1
631 BLOCK 58 1
632 UNBLOCK 58 1
633 BLOCK 58 1
634 UNBLOCK 58 1
635 BLOCK 58 1
636 UNBLOCK 58 1
637 BLOCK 58 1
638 UNBLOCK 58 1
639 BLOCK 58 1
640 UNBLOCK 58 1
641 BLOCK 58 1
642 UNBLOCK 58 1
643 BLOCK 58 1
644 UNBLOCK 58 1
645 BLOCK 58 1
646 UNBLOCK 58 1
647 BLOCK 58 1
648 UNBLOCK 58 1
649 BLOCK 58 1
650 UNBLOCK 58 1
651 BLOCK 58 1
652 UNBLOCK 58 1
653 BLOCK 58 1
654 UNBLOCK 58 1
655 BLOCK 58 1
656 UNBLOCK 58 1
657 BLOCK 58 1
658 UNBLOCK 58 1
659 BLOCK 58 1
660 UNBLOCK 58 1
661 BLOCK 58 1
662 UNBLOCK 58 1
663 BLOCK 58 1
664 UNBLOCK 58 1
665 BLOCK 58 1
666 UNBLOCK 58 1
667 BLOCK 58 1
668 UNBLOCK 58 1
669 BLOCK 58 1
670 UNBLOCK 58 1
671 BLOCK 58 1
672 UNBLOCK 58 1
673 BLOCK 58 1
674 UNBLOCK 58 1
675 BLOCK 58 1
676 UNBLOCK 58 1
677 BLOCK 58 1
678 UNBLOCK 58 1
679 BLOCK 58 1
680 UNBLOCK 58 1
681 BLOCK 58 1
682 UNBLOCK 58 1
683 BLOCK 58 1
684 UNBLOCK 58 1
685 BLOCK 58 1
686 UNBLOCK 58 1
687 BLOCK 58 1
688 UNBLOCK 58 1
689 BLOCK 58 1
690 UNBLOCK 58 1
691 BLOCK 58 1
692 UNBLOCK 58 1
693 BLOCK 58 1
694 UNBLOCK 58 1
695 BLOCK 58 1
696 UNBLOCK 58 1
697 BLOCK 58 1
698 UNBLOCK 58 1
699 BLOCK 58 1
700 UNBLOCK 58 1
701 BLOCK 58 1
702 UNBLOCK 58 1
703 BLOCK 58 1
704 UNBLOCK 58 1
705 BLOCK 58 1
706 UNBLOCK 58 1
707 BLOCK 58 1
708 UNBLOCK 58 1
709 BLOCK 58 1
710 UNBLOCK 58 1
711 BLOCK 58 1
712 UNBLOCK 58 1
713 BLOCK 58 1
714 UNBLOCK 58 1
715 BLOCK 58 1
716 UNBLOCK 58 1
717 BLOCK 58 1
718 UNBLOCK 58 1
719 BLOCK 58 1
720 UNBLOCK 58 1
721 BLOCK 58 1
722 UNBLOCK 58 1
723 BLOCK 58 1
724 UNBLOCK 58 1
725 BLOCK 58 1
726 UNBLOCK 58 1
727 BLOCK 58 1
728 UNBLOCK 58 1
729 BLOCK 58 1
730 UNBLOCK 58 1
731 BLOCK 58 1
732 UNBLOCK 58 1
733 BLOCK 58 1
734 UNBLOCK 58 1
735 BLOCK 58 1
736 UNBLOCK 58 1
737 BLOCK 58 1
738 UNBLOCK 58 1
739 BLOCK 58 1
740 UNBLOCK 58 1
741 BLOCK 58 1
742 UNBLOCK 58 1
743 BLOCK 58 1
744 UNBLOCK 58 1
745 BLOCK 58 1
746 UNBLOCK 58 1
747 BLOCK 58 1
748 UNBLOCK 58 1
749 BLOCK 58 1
750 UNBLOCK 58 1
751 BLOCK 58 1
752 UNBLOCK 58 1
753 BLOCK 58 1
754 UNBLOCK 58 1
755 BLOCK 58 1
756 UNBLOCK 58 1
757 BLOCK 58 1
758 UNBLOCK 58 1
759 BLOCK 58 1
760 UNBLOCK 58 1
761 BLOCK 58 1
762 UNBLOCK 58 1
763 BLOCK 58 1
764 UNBLOCK 58 1
765 BLOCK 58 1
766 UNBLOCK 58 1
767 BLOCK 58 1
768 UNBLOCK 58 1
769 BLOCK 58 1
770 UNBLOCK 58 1
771 BLOCK 58 1
772 UNBLOCK 58 1
773 BLOCK 58 1
774 UNBLOCK 58 1
775 BLOCK 58 1
776 UNBLOCK 58 1
777 BLOCK 58 1
778 UNBLOCK 58 1
779 BLOCK 58 1
780 UNBLOCK 58 1
781 BLOCK 58 1
782 UNBLOCK 58 1
783 BLOCK 58 1
784 UNBLOCK 58 1
785 BLOCK 58 1
786 UNBLOCK 58 1
787 BLOCK 58 1
788 UNBLOCK 58 1
789 BLOCK 58 1
790 UNBLOCK 58 1
791 BLOCK 58 1
792 UNBLOCK 58 1
793 BLOCK 58 1
794 UNBLOCK 58 1
795 BLOCK 58 1
796 UNBLOCK 58 1
797 BLOCK 58 1
798 UNBLOCK 58 1
799 BLOCK 58 1
800 UNBLOCK 58 1
801 BLOCK 58 1
802 UNBLOCK 58 1
803 BLOCK 58 1
804 UNBLOCK 58 1
805 BLOCK 58 1
806 UNBLOCK 58 1
807 BLOCK 58 1
808 UNBLOCK 58 1
809 BLOCK 58 1
810 UNBLOCK 58 1
811 BLOCK 58 1
812 UNBLOCK 58 1
813 BLOCK 58 1
814 UNBLOCK 58 1
815 BLOCK 58 1
816 UNBLOCK 58 1
817 BLOCK 58 1
818 UNBLOCK 58 1
819 BLOCK 58 1
820 UNBLOCK 58 1
821 BLOCK 58 1
822 UNBLOCK 58 1
823 BLOCK 58 1
824 UNBLOCK 58 1
825 BLOCK 58 1
826 UNBLOCK 58 1
827 BLOCK 58 1
828 UNBLOCK 58 1
829 BLOCK 58 1
830 UNBLOCK 58 1
831 BLOCK 58 1
832 UNBLOCK 58 1
833 BLOCK 58 1
834 UNBLOCK 58 1
835 BLOCK 58 1
836 UNBLOCK 58 1
837 BLOCK 58 1
838 UNBLOCK 58 1
839 BLOCK 58 1
840 UNBLOCK 58 1
841 BLOCK 58 1
842 UNBLOCK 58 1
843 BLOCK 58 1
844 UNBLOCK 58 1
845 BLOCK 58 1
846 UNBLOCK 58 1
847 BLOCK 58 1
848 UNBLOCK 58 1
849 BLOCK 58 1
850 UNBLOCK 58 1
851 BLOCK 58 1
852 UNBLOCK 58 1
853 BLOCK 58 1
854 UNBLOCK 58 1
855 BLOCK 58 1
856 UNBLOCK 58 1
857 BLOCK 58 1
858 UNBLOCK 58 1
859 BLOCK 58 1
860 UNBLOCK 58 1
861 BLOCK 58 1
862 UNBLOCK 58 1
863 BLOCK 58 1
864 UNBLOCK 58 1
865 BLOCK 58 1
866 UNBLOCK 58 1
867 BLOCK 58 1
868 UNBLOCK 58 1
869 BLOCK 58 1
870 UNBLOCK 58 1
871 BLOCK 58 1
872 UNBLOCK 58 1
873 BLOCK 58 1
874 UNBLOCK 58 1
875 BLOCK 58 1
876 UNBLOCK 58 1
877 BLOCK 58 1
878 UNBLOCK 58 1
879 BLOCK 58 1
880 UNBLOCK 58 1
881 BLOCK 58 1
882 UNBLOCK 58 1
883 BLOCK 58 1
884 UNBLOCK 58 1
885 BLOCK 58 1
886 UNBLOCK 58 1
887 BLOCK 58 1
888 UNBLOCK 58 1
889 BLOCK 58 1
890 UNBLOCK 58 1
891 BLOCK 58 1
892 UNBLOCK 58 1
893 BLOCK 58 1
894 UNBLOCK 58 1
895 BLOCK 58 1
896 UNBLOCK 58 1
897 BLOCK 58 1
898 UNBLOCK 58 1
899 BLOCK 58 1
900 UNBLOCK 58 1
901 BLOCK 58 1
902 UNBLOCK 58 1
903 BLOCK 58 1
904 UNBLOCK 58 1
905 BLOCK 58 1
906 UNBLOCK 58 1
907 BLOCK 58 1
908 UNBLOCK 58 1
909 BLOCK 58 1
910 UNBLOCK 58 1
911 BLOCK 58 1
912 UNBLOCK 58 1
913 BLOCK 58 1
914 UNBLOCK 58 1
915 BLOCK 58 1
916 UNBLOCK 58 1
917 BLOCK 58 1
918 UNBLOCK 58 1
919 BLOCK 58 1
920 UNBLOCK 58 1
921 BLOCK 58 1
922 UNBLOCK 58 1
923 BLOCK 58 1
924 UNBLOCK 58 1
925 BLOCK 58 1
926 UNBLOCK 58 1
927 BLOCK 58 1
928 UNBLOCK 58 1
929 BLOCK 58 1
930 UNBLOCK 58 1
931 BLOCK 58 1
932 UNBLOCK 58 1
933 BLOCK 58 1
934 UNBLOCK 58 1
935 BLOCK 58 1
936 UNBLOCK 58 1
937 BLOCK 58 1
938 UNBLOCK 58 1
939 BLOCK 58 1
940 UNBLOCK 58 1
941 BLOCK 58 1
942 UNBLOCK 58 1
943 BLOCK 58 1
944 UNBLOCK 58 1
945 BLOCK 58 1
946 UNBLOCK 58 1
947 BLOCK 58 1
948 UNBLOCK 58 1
949 BLOCK 58 1
950 UNBLOCK 58 1
951 BLOCK 58 1
952 UNBLOCK 58 1
953 BLOCK 58 1
954 UNBLOCK 58 1
955 BLOCK 58 1
956 UNBLOCK 58 1
957 BLOCK 58 1
958 UNBLOCK 58 1
959 BLOCK 58 1
960 UNBLOCK 58 1
961 BLOCK 58 1
962 UNBLOCK 58 1
963 BLOCK 58 1
964 UNBLOCK 58 1
965 BLOCK 58 1
966 UNBLOCK 58 1
967 BLOCK 58 1
968 UNBLOCK 58 1
969 BLOCK 58 1
970 UNBLOCK 58 1
971 BLOCK 58 1
972 UNBLOCK 58 1
973 BLOCK 58 1
974 UNBLOCK 58 1
975 BLOCK 58 1
976 UNBLOCK 58 1
977 BLOCK 58 1
978 UNBLOCK 58 1
979 BLOCK 58 1
980 UNBLOCK 58 1
981 BLOCK 58 1
982 UNBLOCK 58 1
983 BLOCK 58 1
984 UNBLOCK 58 1
985 BLOCK 58 1
986 UNBLOCK 58 1
987 BLOCK 58 1
988 UNBLOCK 58 1
989 BLOCK 58 1
990 UNBLOCK 58 1
991 BLOCK 58 1
992 UNBLOCK 58 1
993 BLOCK 58 1
994 UNBLOCK 58 1
995 BLOCK 58 1
996 UNBLOCK 58 1
997 BLOCK 58 1
998 UNBLOCK 58 1
999 BLOCK 58 1
1000 UNBLOCK 58 1
1001 BLOCK 58 1
1002 UNBLOCK 58 1
1003 BLOCK 58 1
1004 UNBLOCK 58 1
1005 BLOCK 58 1
1006 UNBLOCK 58 1
1007 BLOCK 58 1
1008 UNBLOCK 58 1
1009 BLOCK 58 1
1010 UNBLOCK 58 1
1011 BLOCK 58 1
1012 UNBLOCK 58 1
1013 BLOCK 58 1
1014 UNBLOCK 58 1
1015 BLOCK 58 1
1016 UNBLOCK 58 1
1017 BLOCK 58 1
1018 UNBLOCK 58 1
1019 BLOCK 58 1
1020 UNBLOCK 58 1
1021 BLOCK 58 1
1022 UNBLOCK 58 1
1023 BLOCK 58 1
1024 UNBLOCK 58 1
1025 BLOCK 58 1
1026 UNBLOCK 58 1
1027 BLOCK 58 1
1028 UNBLOCK 58 1
1029 BLOCK 58 1
1030 UNBLOCK 58 1
1031 BLOCK 58 1
1032 UNBLOCK 58 1
1033 BLOCK 58 1
1034 UNBLOCK 58 1
1035 BLOCK 58 1
1036 UNBLOCK 58 1
1037 BLOCK 58 1
1038 UNBLOCK 58 1
1039 BLOCK 58 1
1040 UNBLOCK 58 1
1041 BLOCK 58 1
1042 UNBLOCK 58 1
1043 BLOCK 58 1
1044 UNBLOCK 58 1
1045 BLOCK 58 1
1046 UNBLOCK 58 1
1047 BLOCK 58 1
1048 UNBLOCK 58 1
1049 BLOCK 58 1
1050 UNBLOCK 58 1
1051 BLOCK 58 1
1052 UNBLOCK 58 1
1053 BLOCK 58 1
1054 UNBLOCK 58 1
1055 BLOCK 58 1
1056 UNBLOCK 58 1
1057 BLOCK 58 1
1058 UNBLOCK 58 1
1059 BLOCK 58 1
1060 UNBLOCK 58 1
1061 BLOCK 58 1
1062 UNBLOCK 58 1
1063 BLOCK 58 1
1064 UNBLOCK 58 1
1065 BLOCK 58 1
1066 UNBLOCK 58 1
1067 BLOCK 58 1
1068 UNBLOCK 58 1
1069 BLOCK 58 1
1070 UNBLOCK 58 1
1071 BLOCK 58 1
1072 UNBLOCK 58 1
1073 BLOCK 58 1
1074 UNBLOCK 58 1
1075 BLOCK 58 1
1076 UNBLOCK 58 1
1077 BLOCK 58 1
1078 UNBLOCK 58 1
1079 BLOCK 58 1
1080 UNBLOCK 58 1
1081 BLOCK 58 1
1082 UNBLOCK 58 1
1083 BLOCK 58 1
1084 UNBLOCK 58 1
1085 BLOCK 58 1
1086 UNBLOCK 58 1
1087 BLOCK 58 1
1088 UNBLOCK 58 1
1089 BLOCK 58 1
1090 UNBLOCK 58 1
1091 BLOCK 58 1
1092 UNBLOCK 58 1
1093 BLOCK 58 1
1094 UNBLOCK 58 1
1095 BLOCK 58 1
1096 UNBLOCK 58 1
1097 BLOCK 58 1
1098 UNBLOCK 58 1
1099 BLOCK 58 1
1100 UNBLOCK 58 1
1101 BLOCK 58 1
1102 UNBLOCK 58 1
1103 BLOCK 58 1
1104 UNBLOCK 58 1
1105 BLOCK 58 1
1106 UNBLOCK 58 1
1107 BLOCK 58 1
1108 UNBLOCK 58 1
1109 BLOCK 58 1
1110 UNBLOCK 58 1
1111 BLOCK 58 1
1112 UNBLOCK 58 1
1113 BLOCK 58 1
1114 UNBLOCK 58 1
1115 BLOCK 58 1
1116 UNBLOCK 58 1
1117 BLOCK 58 1
1118 UNBLOCK 58 1
1119 BLOCK 58 1
1120 UNBLOCK 58 1
1121 BLOCK 58 1
1122 UNBLOCK 58 1
1123 BLOCK 58 1
1124 UNBLOCK 58 1
1125 BLOCK 58 1
1126 UNBLOCK 58 1
1127 BLOCK 58 1
1128 UNBLOCK 58 1
1129 BLOCK 58 1
1130 UNBLOCK 58 1
1131 BLOCK 58 1
1132 UNBLOCK 58 1
1133 BLOCK 58 1
1134 UNBLOCK 58 1
1135 BLOCK 58 1
1136 UNBLOCK 58 1
1137 BLOCK 58 1
1138 UNBLOCK 58 1
1139 BLOCK 58 1
1140 UNBLOCK 58 1
1141 BLOCK 58 1
1142 UNBLOCK 58 1
1143 BLOCK 58 1
1144 UNBLOCK 58 1
1145 BLOCK 58 1
1146 UNBLOCK 58 1
1147 BLOCK 58 1
1148 UNBLOCK 58 1
1149 BLOCK 58 1
1150 UNBLOCK 58 1
1151 BLOCK 58 1
1152 UNBLOCK 58 1
1153 BLOCK 58 1
1154 UNBLOCK 58 1
1155 BLOCK 58 1
1156 UNBLOCK 58 1
1157 BLOCK 58 1
1158 UNBLOCK 58 1
1159 BLOCK 58 1
1160 UNBLOCK 58 1
1161 BLOCK 58 1
1162 UNBLOCK 58 1
1163 BLOCK 58 1
1164 UNBLOCK 58 1
1165 BLOCK 58 1
1166 UNBLOCK 58 1
1167 BLOCK 58 1
1168 UNBLOCK 58 1
1169 BLOCK 58 1
1170 UNBLOCK 58 1
1171 BLOCK 58 1
1172 UNBLOCK 58 1
1173 BLOCK 58 1
1174 UNBLOCK 58 1
1175 BLOCK 58 1
1176 UNBLOCK 58 1
1177 BLOCK 58 1
1178 UNBLOCK 58 1
1179 BLOCK 58 1
1180 UNBLOCK 58 1
1181 BLOCK 58 1
1182 UNBLOCK 58 1
1183 BLOCK 58 1
1184 UNBLOCK 58 1
1185 BLOCK 58 1
1186 UNBLOCK 58 1
1187 BLOCK 58 1
1188 UNBLOCK 58 1
1189 BLOCK 58 1
1190 UNBLOCK 58 1
1191 BLOCK 58 1
1192 UNBLOCK 58 1
1193 BLOCK 58 1
1194 UNBLOCK 58 1
1195 BLOCK 58 1
1196 UNBLOCK 58 1
1197 BLOCK 58 1
1198 UNBLOCK 58 1
1199 BLOCK 58 1
1200 UNBLOCK 58 1
1201 BLOCK 58 1
1202 UNBLOCK 58 1
1203 BLOCK 58 1
1204 UNBLOCK 58 1
1205 BLOCK 58 1
1206 UNBLOCK 58 1
1207 BLOCK 58 1
1208 UNBLOCK 58 1
1209 BLOCK 58 1
1210 UNBLOCK 58 1
1211 BLOCK 58 1
1212 UNBLOCK 58 1
1213 BLOCK 58 1
1214 UNBLOCK 58 1
1215 BLOCK 58 1
1216 UNBLOCK 58 1
1217 BLOCK 58 1
1218 UNBLOCK 58 1
1219 BLOCK 58 1
1220 UNBLOCK 58 1
1221 BLOCK 58 1
1222 UNBLOCK 58 1
1223 BLOCK 58 1
1224 UNBLOCK 58 1
1225 BLOCK 58 1
1226 UNBLOCK 58 1
1227 BLOCK 58 1
1228 UNBLOCK 58 1
1229 BLOCK 58 1
1230 UNBLOCK 58 1
1231 BLOCK 58 1
1232 UNBLOCK 58 1
1233 BLOCK 58 1
1234 UNBLOCK 58 1
1235 BLOCK 58 1
1236 UNBLOCK 58 1
1237 BLOCK 58 1
1238 UNBLOCK 58 1
1239 BLOCK 58 1
1240 UNBLOCK 58 1
1241 BLOCK 58 1
1242 UNBLOCK 58 1
1243 BLOCK 58 1
1244 UNBLOCK 58 1
1245 BLOCK 58 1
1246 UNBLOCK 58 1
1247 BLOCK 58 1
1248 UNBLOCK 58 1
1249 BLOCK 58 1
1250 UNBLOCK 58 1
1251 BLOCK 58 1
1252 UNBLOCK 58 1
1253 BLOCK 58 1
1254 UNBLOCK 58 1
1255 BLOCK 58 1
1256 UNBLOCK 58 1
1257 BLOCK 58 1
1258 UNBLOCK 58 1
1259 BLOCK 58 1
1260 UNBLOCK 58 1
1261 BLOCK 58 1
1262 UNBLOCK 58 1
1263 BLOCK 58 1
1264 UNBLOCK 58 1
1265 BLOCK 58 1
1266 UNBLOCK 58 1
1267 BLOCK 58 1
1268 UNBLOCK 58 1
1269 BLOCK 58 1
1270 UNBLOCK 58 1
1271 BLOCK 58 1
1272 UNBLOCK 58 1
1273 BLOCK 58 1
1274 UNBLOCK 58 1
1275 BLOCK 58 1
1276 UNBLOCK 58 1
1277 BLOCK 58 1
1278 UNBLOCK 58 1
1279 BLOCK 58 1
1280 UNBLOCK 58 1
1281 BLOCK 58 1
1282 UNBLOCK 58 1
1283 BLOCK 58 1
1284 UNBLOCK 58 1
1285 BLOCK 58 1
1286 UNBLOCK 58 1
1287 BLOCK 58 1
1288 UNBLOCK 58 1
1289 BLOCK 58 1
1290 UNBLOCK 58 1
1291 BLOCK 58 1
1292 UNBLOCK 58 1
1293 BLOCK 58 1
1294 UNBLOCK 58 1
1295 BLOCK 58 1
1296 UNBLOCK 58 1
1297 BLOCK 58 1
1298 UNBLOCK 58 1
1299 BLOCK 58 1
1300 UNBLOCK 58 1
1301 BLOCK 58 1
1302 UNBLOCK 58 1
1303 BLOCK 58 1
1304 UNBLOCK 58 1
1305 BLOCK 58 1
1306 UNBLOCK 58 1
1307 BLOCK 58 1
1308 UNBLOCK 58 1
1309 BLOCK 58 1
1310 UNBLOCK 58 1
1311 BLOCK 58 1
1312 UNBLOCK 58 1
1313 BLOCK 58 1
1314 UNBLOCK 58 1
1315 BLOCK 58 1
1316 UNBLOCK 58 1
1317 BLOCK 58 1
1318 UNBLOCK 58 1
1319 BLOCK 58 1
1320 UNBLOCK 58 1
1321 BLOCK 58 1
1322 UNBLOCK 58 1
1323 BLOCK 58 1
1324 UNBLOCK 58 1
1325 BLOCK 58 1
1326 UNBLOCK 58 1
1327 BLOCK 58 1
1328 UNBLOCK 58 1
1329 BLOCK 58 1
1330 UNBLOCK 58 1
1331 BLOCK 58 1
1332 UNBLOCK 58 1
1333 BLOCK 58 1
1334 UNBLOCK 58 1
1335 BLOCK 58 1
1336 UNBLOCK 58 1
1337 BLOCK 58 1
1338 UNBLOCK 58 1
1339 BLOCK 58 1
1340 UNBLOCK 58 1
1341 BLOCK 58 1
1342 UNBLOCK 58 1
1343 BLOCK 58 1
1344 UNBLOCK 58 1
1345 BLOCK 58 1
1346 UNBLOCK 58 1
1347 BLOCK 58 1
1348 UNBLOCK 58 1
1349 BLOCK 58 1
1350 UNBLOCK 58 1
1351 BLOCK 58 1
1352 UNBLOCK 58 1
1353 BLOCK 58 1
1354 UNBLOCK 58 1
1355 BLOCK 58 1
1356 UNBLOCK 58 1
1357 BLOCK 58 1
1358 UNBLOCK 58 1
1359 BLOCK 58 1
1360 UNBLOCK 58 1
1361 BLOCK 58 1
1362 UNBLOCK 58 1
1363 BLOCK 58 1
1364 UNBLOCK 58 1
1365 BLOCK 58 1
1366 UNBLOCK 58 1
1367 BLOCK 58 1
1368 UNBLOCK 58 1
1369 BLOCK 58 1
1370 UNBLOCK 58 1
1371 BLOCK 58 1
1372 UNBLOCK 58 1
1373 BLOCK 58 1
1374 UNBLOCK 58 1
1375 BLOCK 58 1
1376 UNBLOCK 58 1
1377 BLOCK 58 1
1378 UNBLOCK 58 1
1379 BLOCK 58 1
1380 UNBLOCK 58 1
1381 BLOCK 58 1
1382 UNBLOCK 58 1
1383 BLOCK 58 1
1384 UNBLOCK 58 1
1385 BLOCK 58 1
1386 UNBLOCK 58 1
1387 BLOCK 58 1
1388 UNBLOCK 58 1
1389 BLOCK 58 1
1390 UNBLOCK 58 1
1391 BLOCK 58 1
1392 UNBLOCK 58 1
1393 BLOCK 58 1
1394 UNBLOCK 58 1
1395 BLOCK 58 1
1396 UNBLOCK 58 1
1397 BLOCK 58 1
1398 UNBLOCK 58 1
1399 BLOCK 58 1
1400 UNBLOCK 58 1
1401 BLOCK 58 1
1402 UNBLOCK 58 1
1403 BLOCK 58 1
1404 UNBLOCK 58 1
1405 BLOCK 58 1
1406 UNBLOCK 58 1
1407 BLOCK 58 1
1408 UNBLOCK 58 1
1409 BLOCK 58 1
1410 UNBLOCK 58 1
1411 BLOCK 58 1
1412 UNBLOCK 58 1
1413 BLOCK 58 1
1414 UNBLOCK 58 1
1415 BLOCK 58 1
1416 UNBLOCK 58 1
1417 BLOCK 58 1
1418 UNBLOCK 58 1
1419 BLOCK 58 1
1420 UNBLOCK 58 1
1421 BLOCK 58 1
1422 UNBLOCK 58 1
1423 BLOCK 58 1
1424 UNBLOCK 58 1
1425 BLOCK 58 1
1426 UNBLOCK 58 1
1427 BLOCK 58 1
1428 UNBLOCK 58 1
1429 BLOCK 58 1
1430 UNBLOCK 58 1
1431 BLOCK 58 1
1432 UNBLOCK 58 1
1433 BLOCK 58 1
1434 UNBLOCK 58 1
1435 BLOCK 58 1
1436 UNBLOCK 58 1
1437 BLOCK 58 1
1438 UNBLOCK 58 1
1439 BLOCK 58 1
1440 UNBLOCK 58 1
1441 BLOCK 58 1
1442 UNBLOCK 58 1
1443 BLOCK 58 1
1444 UNBLOCK 58 1
1445 BLOCK 58 1
1446 UNBLOCK 58 1
1447 BLOCK 58 1
1448 UNBLOCK 58 1
1449 BLOCK 58 1
1450 UNBLOCK 58 1
1451 BLOCK 58 1
1452 UNBLOCK 58 1
1453 BLOCK 58 1
1454 UNBLOCK 58 1
1455 BLOCK 58 1
1456 UNBLOCK 58 1
1457 BLOCK 58 1
1458 UNBLOCK 58 1
1459 BLOCK 58 1
1460 UNBLOCK 58 1
1461 BLOCK 58 1
1462 UNBLOCK 58 1
1463 BLOCK 58 1
1464 UNBLOCK 58 1
1465 BLOCK 58 1
1466 UNBLOCK 58 1
1467 BLOCK 58 1
1468 UNBLOCK 58 1
1469 BLOCK 58 1
1470 UNBLOCK 58 1
1471 BLOCK 58 1
1472 UNBLOCK 58 1
1473 BLOCK 58 1
1474 UNBLOCK 58 1
1475 BLOCK 58 1
1476 UNBLOCK 58 1
1477 BLOCK 58 1
1478 UNBLOCK 58 1
1479 BLOCK 58 1
1480 UNBLOCK 58 1
1481 BLOCK 58 1
1482 UNBLOCK 58 1
1483 BLOCK 58 1
1484 UNBLOCK 58 1
1485 BLOCK 58 1
1486 UNBLOCK 58 1
1487 BLOCK 58 1
1488 UNBLOCK 58 1
1489 BLOCK 58 1
1490 UNBLOCK 58 1
1491 BLOCK 58 1
1492 UNBLOCK 58 1
1493 BLOCK 58 1
1494 UNBLOCK 58 1
1495 BLOCK 58 1
1496 UNBLOCK 58 1
1497 BLOCK 58 1
1498 UNBLOCK 58 1
1499 BLOCK 58 1
